C,Mb,M,R,Rp,kl,hl,jl,rhoc
0.0229110500408133,0.179623448509679,0.178116237427721,7.77425029016254,7.92226882800645,0.0722042792135054,1.08465616890308,-0.00152548236877633,0.000472621035058431
0.0239503783924538,0.186555516387296,0.184884509066022,7.71948175667547,7.87093624795734,0.0757155038953573,1.08943126254045,-0.00165746955684954,0.000480467445742905
0.0250089876154806,0.19367848444087,0.191831268500072,7.67049316227931,7.825483627993,0.0792168989650905,1.09417992406951,-0.00179598918371246,0.000488313856427379
0.026086250377059,0.200989107856572,0.198953198481644,7.62674572258988,7.78537037082572,0.0826955890677322,1.09887800844123,-0.00194140030185301,0.000496160267111853
0.0271815203463951,0.208484881914479,0.206247118640816,7.58776977933722,7.75012557410659,0.0861391739804579,1.10350213182055,-0.00209348681336577,0.000504006677796327
0.0282943023504954,0.216163039951613,0.213709961544759,7.55310941748726,7.71929125881601,0.0895379621040769,1.10803398526869,-0.00225229145319614,0.000511853088480801
0.0294236237013815,0.22402151386114,0.221338751700908,7.52248444811765,7.69258923989183,0.0928756640753366,1.11244213284718,-0.002417146537175,0.000519699499165275
0.0305708592108958,0.232057733086589,0.229130587743608,7.49506535498169,7.66917379725821,0.0961730906401543,1.11676822779957,-0.00258895350439432,0.00052754590984975
0.0317327633066363,0.240269117732283,0.237082626845103,7.47122538791073,7.64943856860864,0.0993789806502842,1.12091128959615,-0.00276646122088954,0.000535392320534224
0.0329113716795977,0.248653417501912,0.245192071488101,7.45007147909608,7.63246958857432,0.102525776797831,1.12493600476042,-0.00295057066765226,0.000543238731218698
0.0341047806806388,0.257208688334775,0.253456158050011,7.43169001505697,7.61836341418857,0.105584567715724,1.12878518187568,-0.00314059740860876,0.000551085141903172
0.0353127950103476,0.265932143480261,0.261872147162237,7.41578646169188,7.60682252782004,0.10855397692911,1.13245621004426,-0.00333641144442637,0.000558931552587646
0.0365354314186967,0.274822157376276,0.2704373155578,7.40205617003899,7.59753773043787,0.1114363568564,1.1359539721808,-0.00353796013547447,0.00056677796327212
0.037770969905501,0.283876037203729,0.279148949091079,7.39056873015122,7.59058781408162,0.114207958177075,1.13923072194647,-0.00374450288124725,0.000574624373956594
0.0390207625891222,0.293091722757997,0.288004337051921,7.38079724593101,7.58543108659035,0.116892171379766,1.14233354647104,-0.00395685840327293,0.000582470784641068
0.0402838396114615,0.302466742955997,0.29700076724438,7.37270255539092,7.58203191589011,0.119477514536789,1.145239309817,-0.00417462897485671,0.000590317195325543
0.0415598811248774,0.31199922381421,0.306135521985116,7.36613083818148,7.58023502487373,0.121963123713148,1.14794625369626,-0.0043974337118324,0.000598163606010017
0.0428465807143366,0.321687018598659,0.315405875023005,7.36128460578582,7.58025714373567,0.124319425607426,1.15039391548308,-0.00462405712133355,0.000606010016694491
0.0441465120875153,0.331527339131217,0.324809088999596,7.35752551313,7.58143582805301,0.126588195235424,1.1526671963201,-0.00485613248709479,0.000613856427378965
0.0454577269881608,0.341518124785163,0.334342413275708,7.35501828683131,7.58394732827673,0.128745821419981,1.15471769993668,-0.00509259255968088,0.000621702838063439
0.0467800963671867,0.351656860520404,0.344003082532082,7.35362064737811,7.58764669714293,0.130795668192234,1.15655202706267,-0.00533322782127799,0.000629549248747913
0.0481145311246303,0.361941296962638,0.353788315868005,7.35304506972317,7.59223539487368,0.132754989083742,1.15820544648636,-0.00557892781827744,0.000637395659432387
0.0494578874619547,0.372369656418333,0.363695315672128,7.35363628201669,7.59807951035448,0.134586287041969,1.15960029149294,-0.00582730612639607,0.000645242070116861
0.0508130829070229,0.382939013004545,0.373721267934718,7.35482372952155,7.60458157885976,0.136334276589385,1.16082863239963,-0.0060806823481574,0.000653088480801336
0.0521762967933856,0.393646562937636,0.383863341583686,7.35704458106249,7.61220566723839,0.137953383853774,1.16179550577073,-0.00633650984072073,0.00066093489148581
0.0535500806061205,0.4044901246009,0.394118689173198,7.35981504999176,7.62044398278036,0.139483115691548,1.16258258195964,-0.0065966609859644,0.000668781302170284
0.0549319934987589,0.415467854144769,0.404484446718347,7.36336733760601,7.62954481321147,0.140898032463977,1.16313642223881,-0.00685906461767967,0.000676627712854758
0.0563251148227502,0.426576747985141,0.414957735166321,7.36718844643555,7.63896675387331,0.142242643863976,1.16354982549347,-0.00712626299289587,0.000684474123539232
0.0577271759203218,0.437814158392038,0.425535660422232,7.37149624311398,7.64894234218054,0.143493369821198,1.16377314110182,-0.00739673739370336,0.000692320534223706
0.0591331084591357,0.449177369050174,0.436215314573698,7.37683720576177,7.66005562400687,0.144593979820128,1.16368698326235,-0.00766714297456752,0.00070016694490818
0.0605531087851639,0.46066460416212,0.446993777042633,7.38184687806072,7.67085596820892,0.145675256047869,1.16356734722988,-0.00794430196979129,0.000708013355592654
0.0619767938475348,0.472272591399497,0.457868115548586,7.38773478142413,7.68263369985453,0.146616843287364,1.16315897355896,-0.00822130206766747,0.000715859766277129
0.0634074740784664,0.483998673021085,0.468835387609204,7.39400826831586,7.69486585679046,0.147465176501125,1.16255953707708,-0.00850046692558322,0.000723706176961603
0.0648456563020324,0.495840584251952,0.479892641661296,7.40053642800828,7.70741391277069,0.148232010339639,1.16179360942829,-0.0087821691206195,0.000731552587646077
0.0662912115879188,0.507795355307399,0.491036918567125,7.40727023695874,7.7202263951389,0.148921308331404,1.16086927768246,-0.00906638409408608,0.000739398998330551
0.0677438276021805,0.519860738418673,0.50226525306303,7.41418474333245,7.73327741630067,0.149534878784829,1.15979004138936,-0.00935297097367006,0.000747245409015025
0.0692028202291972,0.532033476490498,0.513574675254263,7.42129690023213,7.74658609435483,0.150070502338732,1.15855069750866,-0.00964153430844262,0.000755091819699499
0.0706676061262786,0.54431115853391,0.524962212144611,7.42861179146972,7.76015890287164,0.150527319445355,1.15714888627264,-0.00993174394427671,0.000762938230383973
0.0721308310217427,0.556690388472864,0.536424889114882,7.43683223271316,7.77475670109412,0.150834085205568,1.15542920471423,-0.0102183300996403,0.000770784641068448
0.0736089937776584,0.569169876515728,0.547959731729449,7.44419538439287,7.78847544749254,0.151169266432336,1.15377873379895,-0.0105132105616847,0.000778631051752922
0.0750909850069217,0.581745851603323,0.559563767087615,7.45181018781462,7.80251331593923,0.151420765952,1.15195380209068,-0.0108085780693396,0.000786477462437396
0.0765696005616066,0.594414905339249,0.571234025422919,7.4603239566767,7.81757519805637,0.151523321862784,1.149810491577,-0.0110991310288943,0.00079432387312187
0.0780629012715731,0.607175830802872,0.582967541914422,7.46792051561516,7.8316890919271,0.151661537384,1.14775281666423,-0.0113981886121075,0.000802170283806344
0.0795479910102482,0.62002430438186,0.594761358017155,7.47676151796883,7.84720719060125,0.151616795169574,1.14529983526644,-0.0116890228739367,0.000810016694490818
0.0812130909278002,0.634346421840551,0.607882325033637,7.48502880618168,7.86278208799461,0.151657063743991,1.14279170674642,-0.0120242868644399,0.000817863105175292
0.0829177058888607,0.649165509225462,0.621431790691669,7.49456083028406,7.87996739623634,0.151529907018731,1.13985268834941,-0.012361923813251,0.000825709515859766
0.0846355608652831,0.664170669876356,0.635123670792825,7.5042176633504,7.89737619092818,0.151334400850082,1.13675788706845,-0.0127021515765393,0.00083355592654424
0.0863658633117324,0.679357840586064,0.648952684648721,7.51399522640519,7.91500238219435,0.151072860412892,1.13351280829825,-0.0130447236496499,0.000841402337228715
0.0881081209221104,0.694721960661217,0.662913491120966,7.52386368229322,7.93281217110911,0.150749680747143,1.13012753015143,-0.0133895961144931,0.000849248747913189
0.0898613613384866,0.710258408220308,0.677000721807936,7.5338355854396,7.95081870270702,0.150364731084038,1.1266019333546,-0.0137363459939552,0.000857095158597663
0.0916263637510329,0.725961906886467,0.691208996350346,7.5437785376761,7.96887514380962,0.149932174046675,1.12296810919793,-0.0140858753968239,0.000864941569282137
0.0934011138003969,0.74182743096809,0.705532931468166,7.55379569644027,7.98709480657436,0.149442561716296,1.11920490300728,-0.0144369436336741,0.000872787979966611
0.0951853228553502,0.757850070690853,0.719967147256284,7.56384624917849,8.00543216656602,0.148900780015913,1.11532341538768,-0.0147896146518826,0.000880634390651085
0.096978413913658,0.774025126260539,0.734506272218293,7.57391508663195,8.02387006639378,0.148309119668813,1.11132888360268,-0.0151437236745426,0.000888480801335559
0.098779632609299,0.79034712124516,0.749144947512022,7.58400216444517,8.0424081290228,0.147668392293546,1.10722314234736,-0.0154989588624818,0.000896327212020033
0.10058837397538,0.806811479851156,0.763877830681761,7.59409661864829,8.0610339681879,0.146980485392323,1.10301045230163,-0.0158551156702729,0.000904173622704507
0.102403938945302,0.823412205130895,0.77869959935333,7.60419576994263,8.07974434937244,0.146246518989973,1.09869328850791,-0.0162119076679178,0.000912020033388982
0.104225733588985,0.840144940642557,0.793604954480388,7.61428993735826,8.09852821406106,0.145468318524818,1.09427572916091,-0.0165691233924012,0.000919866444073456
0.106053236227448,0.857004495147375,0.808588623676045,7.62436538892503,8.11736990432129,0.14464811746559,1.08976279749331,-0.0169266022325042,0.00092771285475793
0.107885530044188,0.873985876975925,0.823645364309901,7.63443775984182,8.1362868356591,0.143785396380564,1.08515308939976,-0.0172838625176717,0.000935559265442404
0.109722665646708,0.891082957285344,0.838769966575023,7.64445487749767,8.15521989176463,0.142886066955289,1.08046021996245,-0.0176411882709413,0.000943405676126878
0.111563665200429,0.908291939504333,0.853957256543492,7.65443888034086,8.17419375133751,0.141949046368562,1.07568146754782,-0.017998037891967,0.000951252086811352
0.113408057371723,0.925606819563156,0.869202099142356,7.66437693481803,8.1931935970107,0.14097657638968,1.07082188015328,-0.0183542687669984,0.000959098497495826
0.11525511177004,0.943023270758859,0.884499400823161,7.6742748086344,8.21222571081214,0.139969206140371,1.06588251061851,-0.0187095246346836,0.0009669449081803
0.11710430476114,0.960535404771936,0.899844112628626,7.68412497272456,8.23128127416658,0.138928743733301,1.06086738032009,-0.0190636107799301,0.000974791318864775
0.118954854306027,0.978138230051641,0.91523123271649,7.69393765438053,8.2503717518175,0.137855417914641,1.05577674471571,-0.0194161178954235,0.000982637729549249
0.120805914906653,0.995827032611638,0.930655809182943,7.70372717181985,8.26951344399609,0.136749162415794,1.05061010973797,-0.0197665784195142,0.000990484140233723
0.122656776960391,1.01359608656858,0.946112942586312,7.71349913174251,8.28871280719642,0.135610755703117,1.04536896944998,-0.0201146296289805,0.000998330550918197
0.124532469149634,1.03144283681236,0.961597788415581,7.72166323354722,8.30613467216126,0.134579897573205,1.04039124348454,-0.0204810984906693,0.00100617696160267
0.126386315755182,1.04935826068296,0.97710555955286,7.73110248300593,8.32510080714462,0.133405448175996,1.03506985190188,-0.020827779962897,0.00101402337228715
0.128237639097568,1.06733969495172,0.992631528813428,7.74056303436929,8.34416822039621,0.132198985344285,1.02967347121922,-0.0211707936433604,0.00102186978297162
0.130084428919163,1.08538100951128,1.00817103091756,7.75012843039085,8.36343448134292,0.130954922773715,1.02418788486478,-0.0215086799753236,0.00102971619365609
0.131959476202767,1.10348046757315,1.02371946475022,7.75783213307994,8.38060860726014,0.129839334268066,1.01902093265533,-0.0218688072681505,0.00103756260434057
0.133804560451081,1.12162846218281,1.03927229555393,7.76709173476853,8.39966810624952,0.128566083260163,1.01346993606763,-0.0222031394706866,0.00104540901502504
0.135671781601157,1.13982488546582,1.05482505686614,7.77483014092851,8.41702209836949,0.127392466884621,1.00816861687901,-0.0225551405995443,0.00105325542570952
0.137512482741619,1.15805996683779,1.07037335216882,7.78382682668902,8.43592188739945,0.126090939381913,1.00255367764385,-0.022884507005227,0.00106110183639399
0.139373855393513,1.1763323265054,1.08591285718827,7.79136699721958,8.45318224518902,0.124883547010413,0.997176568729399,-0.0232307785491804,0.00106894824707846
0.141204831554787,1.19463519036274,1.10143932102582,7.80029485463087,8.47214809146416,0.123542718382554,0.991469241777809,-0.0235515277672196,0.00107679465776294
0.143060731932316,1.21296616312837,1.11694856807791,7.80751330565226,8.48916658256782,0.122315935273953,0.986051372494775,-0.0238931388994484,0.00108464106844741
0.144908742139429,1.23131910169778,1.13243649955066,7.81482526748483,8.50636181886948,0.121060532280524,0.98056569637535,-0.0242284264426709,0.00109248747913189
0.146724194544909,1.24968789214744,1.14789909448352,7.82351607411395,8.5252642047834,0.119679904525717,0.974766201444173,-0.0245368722730275,0.00110033388981636
0.148565508142158,1.26807122630589,1.16333241134814,7.8304340347625,8.54212729661384,0.11841726223607,0.969269215261456,-0.0248675772073459,0.00110818030050083
0.150400062435859,1.28646272757162,1.17873258921375,7.83731449391148,8.55901028960509,0.117139641159509,0.963738101425404,-0.0251934260145971,0.00111602671118531
0.152227725292728,1.30485831988396,1.19409584868738,7.84414170540339,8.57589422413458,0.115849446987088,0.958178657765779,-0.0255144774197727,0.00112387312186978
0.154049086143923,1.3232536976526,1.20941849290455,7.85086444313363,8.59271729089751,0.114551602475221,0.952603253091877,-0.025831393053567,0.00113171953255426
0.155863394366016,1.34164284044233,1.22469690842473,7.85750184259914,8.60950183772284,0.113245758258133,0.94701078258587,-0.0261437115286295,0.00113956594323873
0.157670739128292,1.36002409344557,1.23992756595316,7.86403090902153,8.62621953658113,0.111934610462114,0.941408027693616,-0.0264516730563535,0.00114741235392321
0.159470123846915,1.37839033644725,1.25510702108226,7.87048376714824,8.64290854820099,0.110616878924953,0.93579148492008,-0.0267546065445042,0.00115525876460768
0.161260123499926,1.39673940041594,1.27023191478514,7.87691269990702,8.65963192440615,0.109289976725433,0.93015416152011,-0.0270514793229377,0.00116310517529215
0.163039568015521,1.41506699279423,1.28529897389092,7.88335610511771,8.67643646635601,0.107952430546572,0.924491878388798,-0.0273414705849994,0.00117095158597663
0.164854376146896,1.43337108535448,1.30030501135496,7.88759778021486,8.69061561545522,0.106755245877202,0.919202911533136,-0.0276632542948246,0.0011787979966611
0.166619970048882,1.45164254739698,1.31524692696348,7.89369321443053,8.7071149778383,0.105423262346529,0.913562251970553,-0.0279460131183472,0.00118664440734558
0.168410813237405,1.469883975435,1.33012170697877,7.89807780990717,8.72157554416435,0.104197216088092,0.908206191333078,-0.0282523980297893,0.00119449081803005
0.170160868108676,1.48808435908049,1.34492642431339,7.90385262641254,8.73779911468784,0.102872203875302,0.902590639115119,-0.0285271021396899,0.00120233722871452
0.171932987735749,1.50624508484068,1.35965823919221,7.90807079605879,8.75216135932071,0.101641959561434,0.897231870484523,-0.0288230448445132,0.001210183639399
0.173662755312112,1.52435937162409,1.37431439794593,7.91369684003906,8.76831692969709,0.100315850660248,0.891619667559494,-0.0290863000546414,0.00121803005008347
0.175418381698416,1.54242678355484,1.38889223403921,7.91759803386528,8.78239157677314,0.0990942341139691,0.88629220424852,-0.0293742155198382,0.00122587646076795
0.177120194658689,1.56043937548163,1.40338916711401,7.92337186518085,8.79884551085704,0.097751937835709,0.880642052203789,-0.0296201809096159,0.00123372287145242
0.178859169569488,1.57839961053817,1.41780270258088,7.92692209179726,8.81258616226039,0.0965438204690791,0.875358945980999,-0.0299004716989082,0.00124156928213689
0.180585277761029,1.59630046071735,1.43213043186024,7.9304938343612,8.82640045273115,0.0953305820186479,0.870066368760776,-0.030173343735153,0.00124941569282137
0.182299443430524,1.61413838102764,1.44637003144684,7.93403426927117,8.84022249725839,0.0941163244543329,0.864775265157255,-0.0304396950035789,0.00125726210350584
0.184002452627437,1.63191029162482,1.46051926249363,7.93749888459828,8.85399614355065,0.0929044676436267,0.859494868311903,-0.0307003042241465,0.00126510851419032
0.185694484705879,1.64961327071693,1.47457597019618,7.94087111704883,8.86769987693749,0.0916966491408337,0.854229623859836,-0.0309554405844803,0.00127295492487479
0.187375491438188,1.66724466307853,1.48853808321293,7.94414505220379,8.88132541581261,0.090493819936236,0.848982136538631,-0.0312051813109126,0.00128080133555927
0.18904497523536,1.68480175418753,1.50240361291387,7.94733428404211,8.89488912534472,0.0892957912821134,0.843751875962882,-0.0314492281497817,0.00128864774624374
0.190702324706634,1.7022784476185,1.51617065259604,7.95045710600771,8.90841352012646,0.0881021292591392,0.83853761786422,-0.0316871877910222,0.00129649415692821
0.192346320756978,1.71967615471673,1.5298373766674,7.95355674414117,8.92195313305946,0.0869110659169081,0.833334382963235,-0.0319181627471292,0.00130434056761269
0.193975301424278,1.73698853820534,1.54340203974105,7.95669360175502,8.9355850248369,0.0857200125111022,0.828134818730389,-0.0321408912851333,0.00131218697829716
0.195646729092695,1.75421918582875,1.55686297557134,7.95752110342573,8.94630199085802,0.0846543759672967,0.823292480559253,-0.0324030556532618,0.00132003338898164
0.197255551619316,1.77135738296487,1.57021859672396,7.96032650961497,8.95959030186508,0.0834851491165249,0.81816268474132,-0.0326177189803288,0.00132787979966611
0.198895114975433,1.78840642915729,1.58346739267146,7.96131867224114,8.97058487638169,0.0824131928002793,0.813312743525634,-0.0328622566002772,0.00133572621035058
0.20048246589862,1.80535878130578,1.59660792897496,7.96382826706816,8.98357077712445,0.0812654794895981,0.808252166042637,-0.0330681565712141,0.00134357262103506
0.20204636591312,1.82221299863128,1.60963884704897,7.96668051798128,8.99704157737002,0.080104883699671,0.803158436382387,-0.0332593883209316,0.00135141903171953
0.203658271131024,1.83897268330859,1.62255886148285,7.96706587202133,9.00735144285326,0.0790719365711227,0.798434141183514,-0.0334948155543689,0.00135926544240401
0.205249903593719,1.85563041389964,1.63536676045702,7.96768588838972,9.01799331921428,0.078030026651274,0.793689582644561,-0.0337182691717053,0.00136711185308848
0.206779994279408,1.8721808030647,1.64806140349317,7.97012017161706,9.03103269015199,0.076904001216091,0.788707277391548,-0.0338959933212455,0.00137495826377295
0.208350571219912,1.88863145676458,1.66064172042357,7.97042077062883,9.04131887301723,0.0758857468681537,0.784040620051411,-0.0341118038603643,0.00138280467445743
0.209905091892869,1.90497202460024,1.67310671066571,7.97077715256011,9.0517041542306,0.0748688260608463,0.779383122152919,-0.0343193625462917,0.0013906510851419
0.211444651561312,1.92120518072131,1.68545544147936,7.97114246699515,9.06212746354123,0.073855988994234,0.774742664324588,-0.0345196508191403,0.00139849749582638
0.212919669506335,1.9373198713638,1.69768704658122,7.97336878512629,9.07503340680933,0.0727632150823545,0.769873469989306,-0.0346723453912479,0.00140634390651085
0.214437302559604,1.95332810601489,1.70980072514156,7.97342955135484,9.08511287172327,0.0717755826566798,0.765316147375359,-0.0348648984473659,0.00141419031719533
0.21594066048603,1.96921850320173,1.72179574051279,7.97346704709269,9.09518561012775,0.0707943706380186,0.760782908272905,-0.0350509613811784,0.0014220367278798
0.217429874337901,1.98499306316788,1.73367141867298,7.97347385658118,9.10524148365329,0.0698202461596044,0.756275736045955,-0.0352307139350671,0.00142988313856427
0.218905082605153,2.00064962855533,1.74542714697214,7.97344276432552,9.1152705077726,0.068853829123996,0.751796501688393,-0.0354043395118519,0.00143772954924875
0.220365822530979,2.01618628992405,1.75706237278158,7.97338876147445,9.12529227814867,0.0678947567222798,0.747344184157938,-0.035571533779085,0.00144557595993322
0.221811410687763,2.03160143218852,1.76857660211192,7.97333462975667,9.1353370315207,0.0669423559669943,0.742916831177338,-0.0357318159223686,0.0014534223706177
0.223308734146495,2.04689747185517,1.77996939812561,7.9708901889969,9.14219167256806,0.0660958682314547,0.738810736997813,-0.0359390545285106,0.00146126878130217
0.224732508017944,2.06206470074097,1.79124038037567,7.97054416458808,9.15188089554585,0.0651682421097848,0.734468437414377,-0.0360924179628444,0.00146911519198664
0.226139950676004,2.07710622518408,1.80238922262116,7.97023797534779,9.16164485691374,0.0642462208743598,0.730148185761026,-0.0362381011177626,0.00147696160267112
0.227529591679759,2.0920216873101,1.81341565176591,7.97002112287105,9.17155091237973,0.0633281567824692,0.725845045414107,-0.0363750005381916,0.00148480801335559
0.228973846776685,2.10681408157222,1.82431944638421,7.96737038777815,9.17817277571646,0.0625132654760021,0.721858412609236,-0.0365609768649395,0.00149265442404007
0.230341101720383,2.12147084769743,1.83510043626328,7.96688225660635,9.18774419948694,0.06162026166685,0.717642056055605,-0.0366909189813538,0.00150050083472454
0.231751229243858,2.13600568308677,1.84575849938555,7.96439572470774,9.19460669998676,0.0608113984580251,0.71368628544883,-0.0368604914830646,0.00150834724540901
0.233094953569361,2.15040050671677,1.85629356193693,7.96367975158483,9.20389832771181,0.0599420652581454,0.709553050209284,-0.0369827418085369,0.00151619365609349
0.234476992144579,2.16467196523302,1.86670559656111,7.96114612136484,9.21071323461559,0.0591482582374431,0.705655573828705,-0.0371409186772202,0.00152404006677796
0.235794249270841,2.17880161822194,1.87699462050104,7.96030703168281,9.21986451441884,0.0582989170350655,0.701594799947989,-0.0372533170172729,0.00153188647746244
0.237151990187642,2.19280608008212,1.88716069526002,7.95760007650303,9.22645603860091,0.0575252989682313,0.697771595819287,-0.037403261069439,0.00153973288814691
0.238437945354531,2.2066684454484,1.89720392457451,7.95680369478764,9.23569295764346,0.0566903108265711,0.69376646152209,-0.0375021702858037,0.00154757929883139
0.239773572752497,2.22040236487185,1.90712445283184,7.95385592723532,9.24196419922675,0.0559395047394027,0.690026015891774,-0.0376457356941487,0.00155542570951586
0.241090320566446,2.23400089261119,1.91692246506702,7.95105527489939,9.24844136217304,0.0551903186293116,0.686297245772154,-0.0377799813494549,0.00156327212020033
0.24233611220807,2.24745842126412,1.9265981840861,7.95010766877336,9.25750266141478,0.0543847913874937,0.682400869957246,-0.0378642479433299,0.00157111853088481
0.243632976107915,2.26078350356978,1.93615187009841,7.94700249953358,9.26356573482836,0.0536608377375155,0.678762973854039,-0.0379940415168199,0.00157896494156928
0.24491379181863,2.27397181790361,1.94558381960954,7.94395368738702,9.26970768191545,0.0529419619096391,0.675147601114577,-0.0381168358015579,0.00158681135225376
0.246179658692507,2.28702198409251,1.95489436380365,7.94092564018633,9.27587901236134,0.0522295214255542,0.671558982587187,-0.0382335255348828,0.00159465776293823
0.24736555273968,2.29992665003606,1.96408386731547,7.94000557297651,9.2850165596205,0.0514560357090139,0.667786832015844,-0.038293780328256,0.0016025041736227
0.248610443693389,2.31270059724579,1.97315272679396,7.93672501235488,9.29083941013007,0.05076712601562,0.664284713251141,-0.0384053654713844,0.00161035058430718
0.249841170329089,2.32533605972202,1.98210137056568,7.93344574857246,9.2966622330018,0.0500853495484321,0.660811801748196,-0.0385115262181056,0.00161819699499165
0.250975611949768,2.33692495074048,1.99029059097857,7.93021511339881,9.30179080107902,0.0494655971138722,0.657636796300203,-0.0386097796067547,0.00162604340567613
0.252085571381549,2.348257543104,1.99828050195088,7.92699277074586,9.3068191689297,0.0488598663564589,0.654526216941573,-0.0387029969721772,0.0016338898163606
0.253182307211243,2.35945225704225,2.00615513806857,7.92375723314161,9.31181730415267,0.0482613442304952,0.651446125997086,-0.0387919168322472,0.00164173622704508
0.254266099754054,2.3705094490796,2.01391498657652,7.92050135084676,9.31677589035252,0.0476701669966618,0.648396941908839,-0.0388767342414609,0.00164958263772955
0.255337505822957,2.38142438552638,2.02156069384442,7.91721015417967,9.32167405329668,0.0470867083884949,0.645379835683437,-0.0389578512969,0.00165742904841402
0.256396669163482,2.39220157308244,2.02909300302957,7.91388207050302,9.32650974980566,0.0465109365995118,0.642394705840282,-0.0390353514559889,0.0016652754590985
0.257443307647599,2.40284302762638,2.03651272372648,7.91052889405133,9.33129999060869,0.0459424365819154,0.639440240435412,-0.039108993796079,0.00167312186978297
0.258477926891183,2.4133425919433,2.04382071373486,7.90713829345782,9.33602713929783,0.045381504457229,0.63651737417538,-0.0391791365341929,0.00168096828046745
0.259500261217877,2.42370713518002,2.05101786773254,7.90372178473646,9.34070771955126,0.0448277471049094,0.633624863653071,-0.0392455519069892,0.00168881469115192
0.260510154877393,2.43393470139122,2.05810510891067,7.90028745666095,9.34535339225965,0.0442808845012248,0.630761820505744,-0.0393080975449289,0.00169666110183639
0.261507252964805,2.44402523027208,2.06508338310676,7.89684935960339,9.34998449900955,0.0437404826856949,0.6279268652637,-0.0393664830381558,0.00170450751252087
0.262491411718777,2.45398187560387,2.0719536543224,7.89341502929706,9.35461206136091,0.0432063039707289,0.625119239418025,-0.0394205798663431,0.00171235392320534
0.263461941038246,2.46380270193891,2.07871690117065,7.89000829865173,9.35927084264315,0.0426776790723001,0.622336810796476,-0.0394698522582252,0.00172020033388982
0.264500706542385,2.47349658889794,2.08537411370148,7.88419108955123,9.36040869348701,0.0422197548323367,0.619787159284325,-0.0395754965382647,0.00172804674457429
0.265454777075292,2.48305134724034,2.09192629219807,7.88053737531622,9.3646825013394,0.0417094697997529,0.617078330348884,-0.039622980488034,0.00173589315525876
0.266394818012924,2.49247062529265,2.0983744438333,7.87693416668299,9.3690201522313,0.041203956643365,0.614392211409529,-0.0396652606921471,0.00174373956594324
0.267320032724564,2.50175964286614,2.10471958157241,7.87340761603539,9.37346040478248,0.0407025507643698,0.611726670637932,-0.0397017359207756,0.00175158597662771
0.268309643853435,2.51092613674325,2.11096272262872,7.86763640811152,9.37459383357255,0.040264562195648,0.609271327233417,-0.0397911163364751,0.00175943238731219
0.269220432904536,2.51995527731136,2.11710488804144,7.86383435016672,9.37860342962566,0.0397816407582525,0.606679865456504,-0.0398270723044497,0.00176727879799666
0.270114536281835,2.52885138582344,2.12314710099999,7.86017342948444,9.38281017102205,0.0393010834431406,0.604103405042853,-0.0398557831561783,0.00177512520868114
0.271067928155736,2.53763037556152,2.12909038528837,7.85445330908035,9.38396337992072,0.0388773023086706,0.601716243640592,-0.0399331930576253,0.00178297161936561
0.271947730704918,2.5462721551495,2.13493576517248,7.85053715888157,9.38776581968294,0.0384142363484221,0.599210696351043,-0.0399612921102523,0.00179081803005008
0.272809349223607,2.55478895471603,2.14068426579707,7.84681416487111,9.39184295825911,0.0379522357527815,0.596715976529613,-0.03998100264226,0.00179866444073456
0.27373435531225,2.56318666125873,2.14633690958259,7.84094823294745,9.39272362248476,0.0375472170086838,0.594411439012316,-0.0400519892375847,0.00180651085141903
0.274580707590329,2.57145221065561,2.15189471870641,7.83702080743783,9.39646855282124,0.0371010317799179,0.591982260640507,-0.0400702049650539,0.00181435726210351
0.275406383002792,2.57959159965154,2.15735871289222,7.83336496914214,9.40060647095803,0.0366541079437008,0.589558103530464,-0.0400781966393322,0.00182220367278798
0.276308994190519,2.58761833725018,2.1627299084346,7.82721501618355,9.40100477465108,0.0362705687550629,0.587344801099198,-0.0401468692348658,0.00183005008347245
0.277117634635554,2.59551195914383,2.16800932040415,7.8234260452438,9.4049147510688,0.0358374476771352,0.584979708165509,-0.040151930022436,0.00183789649415693
0.277997115308497,2.60329624758306,2.17319795822041,7.81733995983659,9.40536552924673,0.0354618771548109,0.582806804379928,-0.0402129319452221,0.0018457429048414
0.278787608541121,2.61094794449979,2.17829682978491,7.81346359396605,9.40911417926769,0.0350412403578084,0.58049652211847,-0.0402141499149753,0.00185358931552588
0.279646463017878,2.61849328629465,2.18330693657899,7.8073826252521,9.40952931636261,0.0346748855777559,0.578367943691918,-0.0402692133101412,0.00186143572621035
0.280417680395362,2.62590722375496,2.18822927785264,7.80346401399316,9.41318308021968,0.0342654875101143,0.576108444308437,-0.0402656781761075,0.00186928213689482
0.281258802391275,2.63321385371477,2.19306484594282,7.79731986091558,9.41345894268656,0.0339097043988067,0.574028471502658,-0.0403167934836303,0.0018771285475793
0.282009147786015,2.64039525439311,2.19781463031667,7.79341609153876,9.41710300181201,0.0335100976839219,0.571815075194827,-0.0403072738004729,0.00188497495826377
0.282833876154677,2.64746822560685,2.20247961295631,7.78718462901456,9.41720178135197,0.033165201703465,0.569784643376207,-0.0403552972715644,0.00189282136894825
0.283561490610889,2.65441927472203,2.20706077273317,7.78335862171695,9.42093116580461,0.0327738926573214,0.567612522103479,-0.0403383962153784,0.00190066777963272
0.284371644561955,2.66126512555713,2.21155908037882,7.77700281540198,9.42079510585105,0.0324404415155079,0.565633336852607,-0.0403845173294835,0.0019085141903172
0.285162084258096,2.66800250329167,2.2159755027966,7.77093318195472,9.4210685552835,0.0321051551432198,0.563655494896795,-0.0404207806379746,0.00191636060100167
0.285871356957364,2.67461394615008,2.22031099984465,7.76681869592061,9.42430479573941,0.0317341472469787,0.561570334017182,-0.0404037543368814,0.00192420701168614
0.286649954537928,2.68112312834307,2.22456652477193,7.76056821065216,9.42425577408234,0.0314111961484385,0.55964645773203,-0.0404399136382335,0.00193205342237062
0.287331773990172,2.68751496069757,2.22874302602037,7.75668835739899,9.42781571847985,0.0310448674527436,0.557590861493988,-0.04041198530723,0.00193989983305509
0.288099128206243,2.69380719559614,2.23284144317895,7.75025407775798,9.42743750915782,0.0307340303700038,0.555720136523806,-0.0404483401011392,0.00194774624373957
0.28884984359646,2.69999395722743,2.23686271105769,7.74403296607881,9.42735939331598,0.0304228808335172,0.553855535932929,-0.0404769646477395,0.00195559265442404
0.289508696708579,2.70606086937959,2.24080775756144,7.74003607849146,9.43068322476333,0.0300724983962624,0.551872693639884,-0.0404452941135864,0.00196343906510851
0.290250049814976,2.71203111569566,2.24467750219096,7.73359902477834,9.43022406530507,0.0297737397914433,0.550061960531773,-0.0404752742149637,0.00197128547579299
0.290976353087451,2.71790177812526,2.24847285896052,7.72733878579045,9.43001015836341,0.0294753799992145,0.548259565425353,-0.0404986050013695,0.00197913188647746
0.291608417877833,2.72365307672835,2.25219473502939,7.72335295194713,9.43329266557497,0.0291379669561338,0.546339784131669,-0.0404603230982738,0.00198697829716194
0.292326512158362,2.72931060644247,2.25584402841374,7.71686430956246,9.43267572877538,0.0288518575762372,0.544590615182346,-0.0404856457638622,0.00199482470784641
0.293031109237319,2.73487199891144,2.25942163165819,7.71051796356658,9.43225118591996,0.0285667555014992,0.542851654677687,-0.0405053572757627,0.00200267111853088
0.293722643228268,2.74032596763078,2.26292843014661,7.70430364263053,9.43200411520017,0.0282828995716461,0.541123658400946,-0.0405197581347442,0.00201051752921536
0.294329967677213,2.7456719490741,2.26636530059565,7.70008340802432,9.4348394282861,0.0279665561356949,0.539299568214795,-0.0404798962812971,0.00201836393989983
0.295014586713237,2.75093062327579,2.26973311269631,7.69363012854196,9.43416927633097,0.0276946399401235,0.537623518600166,-0.0404969649276735,0.00202621035058431
0.295686631888351,2.75608874505268,2.27303272933447,7.68730298971631,9.43366749577329,0.0274239888500116,0.535958406981634,-0.0405090105196453,0.00203405676126878
0.296348448041473,2.76115189949523,2.27626500582742,7.68104243795084,9.43324169097132,0.0271556871848813,0.53430765833356,-0.0405176353704562,0.00204190317195326
0.296926256188157,2.76610507646336,2.27943078873595,7.67675724605343,9.435888053365,0.0268563895285826,0.532565996796698,-0.0404725190502647,0.00204974958263773
0.297581325856066,2.77097669887342,2.28253091798249,7.67027605450789,9.43506411249718,0.0265991969400411,0.530964237327141,-0.0404837040618803,0.0020575959933222
0.298225816356604,2.7757509330285,2.28556622582812,7.66387784180012,9.43434131822558,0.0263439352101723,0.529375406886739,-0.0404911670255872,0.00206544240400668
0.298859939200327,2.78043698314147,2.28853753711595,7.65755873215894,9.43371410797135,0.0260906791463265,0.527799728388298,-0.0404950441227666,0.00207328881469115
0.299403481989297,2.78501324356696,2.29144566857494,7.65337013901811,9.43642245379668,0.0258048903179073,0.526128874551869,-0.0404411242353632,0.00208113522537563
0.300031534264909,2.78951057474738,2.29429142862995,7.64683430443759,9.43540005530058,0.0255622119086497,0.524600166896765,-0.0404478057979082,0.0020889816360601
0.300651036086962,2.79391735711512,2.29707561913415,7.64033827733003,9.43441058114175,0.0253220640252624,0.523086132386272,-0.0404520651545461,0.00209682804674457
0.301260205235527,2.79823735262022,2.29979903393274,7.63392905523233,9.43352877201707,0.0250836615192999,0.521584294765316,-0.0404526919403742,0.00210467445742905
0.301860447951345,2.80246402761185,2.3024624593636,7.62757252561528,9.43270100891118,0.0248475650215345,0.520096388383378,-0.0404506223113094,0.00211252086811352
0.302368847302595,2.80659487967721,2.30506667347702,7.62336032312953,9.43525526369343,0.0245800831916183,0.518517722955921,-0.0403904326072176,0.002120367278798
0.30296415115528,2.81064698224294,2.30761244643234,7.61678382618148,9.43402314481656,0.0243540434243872,0.517074673868,-0.0403916604153736,0.00212821368948247
0.303550688732708,2.81461746486944,2.31010054144367,7.6102628891672,9.43284889137909,0.0241301219202648,0.51564483220969,-0.0403902322879945,0.00213606010016695
0.304128886203268,2.8184972454971,2.31253171383537,7.60378845529907,9.43171836081225,0.0239084499220873,0.514228577179973,-0.0403864201559322,0.00214390651085142
0.304698920620371,2.82229755398377,2.31490671134782,7.59735776757806,9.43062739456526,0.0236890567905336,0.512825973620545,-0.0403803291091392,0.00215175292153589
0.305260707556421,2.82601304682598,2.31722627415202,7.59097458923281,9.42958225404435,0.0234718702307549,0.511436774459561,-0.0403718908481455,0.00215959933222037
0.305731374084783,2.82963374448277,2.3194911339267,7.58669646146123,9.43188486327515,0.0232254191188144,0.509964478231387,-0.0403064344245532,0.00216744574290484
0.30628881446049,2.83318294113034,2.32170201530315,7.58010709399458,9.43045288041006,0.0230174213718631,0.508616815438504,-0.0403013732505607,0.00217529215358932
0.306838494072833,2.8366520356279,2.32385963549984,7.57355964257939,9.42905701973382,0.0228115771781062,0.507282237714255,-0.0402942191665812,0.00218313856427379
0.307381156109727,2.84004587031348,2.32596470410962,7.56703739925851,9.42767058564676,0.0226081185589807,0.50596141972196,-0.0402854464044842,0.00219098497495826
0.30791617486048,2.84335432154535,2.32801792314602,7.56055742833537,9.4263212071282,0.0224067697900336,0.504653487945683,-0.0402746304891205,0.00219883138564274
0.308444205127253,2.84658752331835,2.33001998721232,7.5541052432839,9.4249857010572,0.0222077271882905,0.503359008013505,-0.0402621863601055,0.00220667779632721
0.308965390376693,2.84974667994316,2.33197158344019,7.54767898306357,9.42366117340623,0.0220109958748975,0.502077961018963,-0.0402481928373871,0.00221452420701169
0.30939417538893,2.85281067006983,2.33387339075008,7.54336563646111,9.425728696574,0.0217864552727602,0.50071967711169,-0.0401770537599472,0.00222237061769616
0.309910978991984,2.85581738734106,2.3357260813832,7.53676455406769,9.42406334268562,0.0215977547450944,0.499475846103973,-0.0401660633730787,0.00223021702838063
0.31042112717626,2.85874359227,2.33753032020487,7.53019081358339,9.42241052506436,0.0214112118600672,0.498244811930592,-0.0401535791315228,0.00223806343906511
0.310924734702022,2.8615985111231,2.33928676466796,7.52364319586809,9.42076838215295,0.0212268213659138,0.497026519984072,-0.0401396605048982,0.00224590984974958
0.311421822744333,2.86438417831942,2.34099606497453,7.51712273836508,9.41913871201747,0.0210445462963412,0.495820821528953,-0.0401243064488296,0.00225375626043406
0.311912340019424,2.86709278803669,2.34265886406917,7.51063219853144,9.41752612854567,0.0208643271789842,0.494627503363948,-0.040107469567379,0.00226160267111853
0.312396620748943,2.86973053274401,2.34427579770861,7.50416503254234,9.41592008511525,0.0206862331609683,0.493446733084741,-0.0400893504357085,0.002269449081803
0.312779640507201,2.87228997084208,2.34584749457552,7.50000060992304,9.41804653160726,0.0204791584754807,0.492186922514112,-0.0400091219806765,0.00227729549248748
0.313260350606924,2.87478462345061,2.34737457523458,7.49336636662341,9.4161087052588,0.0203083790709492,0.491040408976569,-0.0399941997092947,0.00228514190317195
0.31373504957403,2.87721440018471,2.34885765444064,7.48675564821265,9.41417699063608,0.0201396001595364,0.489905894099322,-0.0399780733605746,0.00229298831385643
0.314203717430145,2.87957824471408,2.35029733946078,7.48017037698895,9.41225463879362,0.0199727735474924,0.488783194918819,-0.0399607154941618,0.0023008347245409
0.314666523120809,2.88186900618035,2.35169423066805,7.47360795595397,9.41033749929424,0.0198079116455304,0.487672305452321,-0.03994221898444,0.00230868113522538
0.315123691578355,2.88409641472345,2.35304892146015,7.46706447133338,9.40841923260446,0.0196450436059886,0.486573267759412,-0.0399227116605121,0.00231652754590985
0.315574875847909,2.88626109763095,2.35436199841374,7.46054955131606,9.40651575834221,0.0194840212749573,0.485485611908984,-0.0399019590035351,0.00232437395659432
0.316020280710896,2.88835718131027,2.35563404133068,7.45405970791374,9.40462146034092,0.0193248699834097,0.484409371653158,-0.0398800766391444,0.0023322203672788
0.316460489544492,2.89038779448842,2.35686562315913,7.44758256094329,9.40271601777322,0.0191677275263172,0.483344899991341,-0.0398574179163985,0.00234006677796327
0.31680079861717,2.89234868067028,2.35805730995468,7.44334395698359,9.40447759189574,0.0189842249674843,0.482211378691582,-0.0397744812228113,0.00234791318864775
0.317238278810677,2.89425013150797,2.35920966079638,7.4367118294836,9.40225597568361,0.018833513512756,0.481177453500841,-0.0397551408646332,0.00235575959933222
0.317669986275221,2.89609320664894,2.36032322894843,7.43011090416173,9.4000532021467,0.0186844650203214,0.480154118840014,-0.0397345983415982,0.00236360601001669
0.318096479351544,2.89787827754783,2.36139856070289,7.42352938176721,9.39784986610075,0.0185372076975789,0.479141693872099,-0.0397131892793845,0.00237145242070117
0.318517576745554,2.89960094006582,2.36243619592549,7.41697277765211,9.39565520261478,0.0183916519048115,0.478139882241448,-0.0396907861251371,0.00237929883138564
0.318933875294977,2.90126140266315,2.36343666799046,7.4104284651624,9.39344835226264,0.0182479326704717,0.477149017001961,-0.0396677463722368,0.00238714524207012
0.319344457154813,2.90286563966291,2.36440050403711,7.4039190318274,9.3912669248914,0.0181057527096702,0.476168226411398,-0.0396434847987165,0.00239499165275459
0.319750085504896,2.90441384064717,2.3653282247281,7.39742796626048,9.38908359924108,0.0179652953146412,0.475197979303804,-0.0396184622392007,0.00240283806343907
0.320150331558185,2.90590139279532,2.36622034463137,7.39096640354823,9.38691701899333,0.0178264069950881,0.474237810332144,-0.0395923991366397,0.00241068447412354
0.320451893949527,2.90731705558399,2.36707737133271,7.38668554009403,9.38835810599669,0.0176633901685326,0.473217313358837,-0.0395077357926867,0.00241853088480801
0.320850587364169,2.9086945975747,2.36789980670031,7.38007003868351,9.38587362207729,0.0175302842384639,0.472284690729237,-0.0394853332906467,0.00242637729549249
0.321244530796327,2.91001018424861,2.36868814680702,7.37347384852071,9.38338842383511,0.0173987711904338,0.471362011928718,-0.0394622208492773,0.00243422370617696
0.321633716451431,2.91127309124748,2.36944288139975,7.36689830762055,9.38090484337216,0.0172688155938187,0.470449134419613,-0.0394383797184482,0.00244207011686144
0.322017275648394,2.91248497087985,2.3701644943051,7.36036440757002,9.37845815272615,0.0171401548804738,0.469545307731203,-0.0394132645791914,0.00244991652754591
0.322396434946604,2.91364534511928,2.37085346336557,7.35384516196104,9.37600329923749,0.0170130868418904,0.46865129266704,-0.039387614163371,0.00245776293823038
0.322770238502279,2.91474632604988,2.37151026072893,7.34736347357562,9.37357881205454,0.0168873302690772,0.467766295968199,-0.0393608312374717,0.00246560934891486
0.323139378554281,2.91579715290957,2.37213535259828,7.34090460658544,9.37116011129873,0.0167630389572461,0.466890688660841,-0.039333326175986,0.00247345575959933
0.323406376977309,2.91678865015917,2.3727291990715,7.3366803130106,9.37246993929449,0.0166151932088075,0.465958611533307,-0.0392459058599832,0.00248130217028381
0.323775252338951,2.91773361011047,2.37329225427328,7.33006070454313,9.3697193423813,0.0164962609173618,0.465108336635634,-0.0392225164972858,0.00248914858096828
0.32413926140057,2.9186317852531,2.37382496749812,7.32347250142139,9.3669885637331,0.0163786077745732,0.464266757835368,-0.0391982246330408,0.00249699499165275
0.324498363536282,2.91948361360948,2.37432778212891,7.31691758397248,9.36428093960262,0.016262198054537,0.463433741862935,-0.0391729941240523,0.00250484140233723
0.324852681887162,2.92028683908532,2.37480113600279,7.31039412144264,9.36159355195957,0.0161470376224535,0.462609264137926,-0.0391468879027978,0.0025126878130217
0.325202453425406,2.92103688415681,2.37524546147105,7.30389773032839,9.35891915591457,0.0160331605069646,0.46179337307461,-0.0391200370804983,0.00252053422370618
0.325546054765092,2.92174190016175,2.37566118578391,7.29746575334217,9.35632109838753,0.015920146883716,0.460984961404564,-0.0390914549369054,0.00252838063439065
0.325783594290858,2.92239105615716,2.37604873051196,7.29333450839958,9.35758930907308,0.015783831459532,0.460122900582015,-0.039001306878343,0.00253622704507513
0.326129238287786,2.92299800346487,2.37640851075083,7.28670794200249,9.35460016273888,0.0156761500415933,0.459338793210287,-0.0389779479473347,0.0025440734557596
0.326470176176444,2.92356276059353,2.37674093797092,7.28011656625685,9.35163758918179,0.0155695713088981,0.458562578279586,-0.0389536837551968,0.00255191986644407
0.326806034845505,2.92408573540788,2.37704641794159,7.27356953204771,9.34871731913189,0.0154639850968816,0.457793942338828,-0.038928281481469,0.00255976627712855
0.327137174639768,2.92456307743272,2.37732535118327,7.26705961742534,9.34582730829054,0.0153594569809075,0.457033013829163,-0.038901946127217,0.00256761268781302
0.32746309365065,2.92499304924119,2.37757813341783,7.26059876522855,9.34298808231518,0.0152558513134791,0.456279426733164,-0.038874369602975,0.0025754590984975
0.327784334548626,2.92538169462234,2.37780515526173,7.25417570225274,9.3401806931685,0.0151532775611229,0.455533421818188,-0.0388458650610133,0.00258330550918197
0.328000381068318,2.92571714674497,2.37800680219589,7.25001231538381,9.34119469042445,0.0150287390553583,0.454739281326861,-0.0387570023471386,0.00259115191986644
0.328323729715072,2.92601647903381,2.37818345369105,7.24341020295702,9.33802051113028,0.0149309519067462,0.454015230058119,-0.0387334782618891,0.00259899833055092
0.328642366435488,2.92627772319498,2.37833548593437,7.23684992817635,9.33488479802795,0.0148340812741021,0.453298279934226,-0.0387089555922617,0.00260684474123539
0.328955614921063,2.92650136581686,2.3784632697603,7.23034707989721,9.33181441856421,0.0147379584897841,0.452587995812831,-0.0386830274541735,0.00261469115191987
0.329264314662814,2.92668193547845,2.37856717133501,7.2238838690151,9.32877923952283,0.0146427569111429,0.451884762391824,-0.0386561795463026,0.00262253756260434
0.329567709360816,2.92681996041728,2.37864755236902,7.21747757686067,9.32580906846329,0.0145482956648572,0.451188129984055,-0.0386279592817785,0.00263038397328882
0.329764360396519,2.92690896596428,2.37870476971273,7.21334703014145,9.32670790599816,0.0144324176763472,0.450446579292988,-0.0385390504734898,0.00263823038397329
0.330070751419985,2.92696862282683,2.37873917403339,7.20675541168039,9.32335878590781,0.0143425156252894,0.449770528928071,-0.0385161046402241,0.00264607679465776
0.33037191488806,2.92698924572879,2.37875111351579,7.20022195083314,9.32007666878176,0.0142532773314637,0.449100712549147,-0.0384917872892796,0.00265392320534224
0.330667704680845,2.92697549762761,2.37874093120898,7.19375039514338,9.31686829370946,0.0141646600153205,0.448437008235007,-0.0384660066043563,0.00266176961602671
0.330957765817183,2.92692703768148,2.37870896601427,7.18734899645245,9.31374816774209,0.0140765801678731,0.447779212092448,-0.0384385501683881,0.00266961602671119
0.331242724945144,2.92683729082634,2.3786555527143,7.18100466390082,9.31069412289231,0.013989164515912,0.447127601701386,-0.0384097762407373,0.00267746243739566
0.331429890053388,2.92669475131805,2.37858101944916,7.17672452254082,9.31116424802643,0.0138830373399868,0.446439051599856,-0.0383260579887377,0.00268530884808013
0.331718790860325,2.92653690856634,2.37848569229613,7.17018679022506,9.30771595428797,0.0137999800637562,0.44580671152486,-0.0383028864780795,0.00269315525876461
0.332002085710191,2.92633649366761,2.37836989259161,7.16371973237459,9.30435708168709,0.0137173936516988,0.445179932293272,-0.038278063843043,0.00270100166944908
0.332279156674668,2.92610467406756,2.378233937787,7.15733710650862,9.30111173667838,0.0136351469197194,0.444558420147667,-0.0382512293593528,0.00270884808013356
0.332725407715789,2.92552426830104,2.37790281077571,7.14674249586281,9.29827922772366,0.0134536771615476,0.443292731807859,-0.0381403531733586,0.0027245409015025
0.333001837005732,2.92519007862125,2.37770825096915,7.14022562862984,9.29470894656721,0.0133761597056601,0.442695135167756,-0.0381178702933592,0.00273238731218698
0.333271684838794,2.92482732667431,2.37749476298159,7.13380365371154,9.29127071891861,0.0132988320950032,0.442102308426806,-0.0380931308967956,0.00274023372287145
0.33353549781144,2.92442958732567,2.3772626442268,7.12746517185031,9.28794526017655,0.0132218048443378,0.441514491918582,-0.0380664448656729,0.00274808013355593
0.333692663360596,2.92398126227795,2.37701218772825,7.1233576542844,9.28845765220628,0.0131253415209481,0.440890925786044,-0.0379805195695306,0.0027559265442404
0.333961845025858,2.92352216260224,2.37674368105551,7.11681204441628,9.28471260676312,0.0130524392202218,0.440320662076159,-0.037959932862083,0.00276377295492487
0.334224585671862,2.92302542337493,2.37645741004513,7.11036085292155,9.28109934201396,0.0129796875905503,0.439754930335546,-0.0379371340644686,0.00277161936560935
0.334480289461274,2.92250102033229,2.37615365672554,7.10401698274258,9.2776407373889,0.012906974536306,0.439193513197738,-0.0379117832666764,0.00277946577629382
0.334623810165621,2.92193689185049,2.37583269965355,7.10001090023342,9.27821679499287,0.0128142244946384,0.438596434210843,-0.0378244190035532,0.0027873121869783
0.334885521252342,2.92134728454262,2.37549481077851,7.09345331471807,9.27432653196274,0.0127455478131703,0.438051854925832,-0.037805390234548,0.00279515859766277
0.335140196827706,2.92073423833086,2.3751402612933,7.08700503185043,9.27059456716391,0.012676850493326,0.437511324880672,-0.0377837813510505,0.00280300500834725
0.33538742626061,2.92009611216526,2.37476931855919,7.08067486320699,9.2670367697403,0.0126080615211389,0.436974723283298,-0.0377593605072309,0.00281085141903172
0.335522114835154,2.91940711586982,2.37438224689268,7.07667882952885,9.2675185901801,0.0125196346764439,0.436404583859826,-0.0376730930567229,0.00281869782971619
0.335775567878902,2.91870862341303,2.37397930382542,7.07013711218441,9.26353226890098,0.0124547177062416,0.435883957710641,-0.0376549803413741,0.00282654424040067
0.336021291111137,2.91798465555896,2.37356074650498,7.0637212858037,9.25973396052897,0.0123896045305333,0.435366926606258,-0.0376338714035877,0.00283439065108514
0.336258764828767,2.91722878980668,2.37312682874342,7.05744229433509,9.25614337181772,0.0123242117810201,0.434853369509506,-0.037609476534054,0.00284223706176962
0.336389072014515,2.91643599246385,2.37267780037368,7.05337360148043,9.25638699663033,0.0122406065945283,0.434310262512703,-0.0375265953868179,0.00285008347245409
0.336633345692531,2.91562592518232,2.37221390580479,7.04687737016845,9.25235735717463,0.0121789958168584,0.433811972998344,-0.0375087016328929,0.00285792988313856
0.336869218474781,2.91479214323285,2.37173538894972,7.04052272774597,9.2485441283116,0.0121170317093852,0.433316897020117,-0.0374874165764397,0.00286577629382304
0.336983766035155,2.91392450899271,2.37124249124793,7.03666683753708,9.24907737974582,0.0120346156626292,0.432789189595119,-0.0374000387271467,0.00287362270450751
0.337226066821381,2.91303430560084,2.37073544658914,7.03010733700148,9.24484643361214,0.0119762337479477,0.432308634588377,-0.0373849448149217,0.00288146911519199
0.337459305426142,2.91212669827244,2.37021448907227,7.02370463922805,9.24085901178861,0.0119173390633596,0.431830892486846,-0.0373660750088542,0.00288931552587646
0.337683339948758,2.91119896598311,2.36967984990554,7.0174615373833,9.23712071332577,0.0118579425993172,0.431356103958928,-0.0373433542910603,0.00289716193656093
0.337801232076455,2.91022054310245,2.36913175644099,7.01338992128006,9.2371657548456,0.011781193888106,0.430855450301056,-0.0372632942496085,0.00290500834724541
0.3380318823495,2.90924298780734,2.36857043084654,7.00694388465291,9.23301266569756,0.0117252291133184,0.430394376560683,-0.0372467521573138,0.00291285475792988
0.338252422851968,2.90823750027597,2.36799609558267,7.00067741013343,9.22914434306714,0.0116685626818068,0.429935784881911,-0.0372258461999949,0.00292070116861436
0.338360840217439,2.90719485624684,2.36740897000782,6.99669905207251,9.22927124730729,0.0115937957284981,0.429451032035688,-0.0371445584380879,0.00292854757929883
0.338587935308061,2.9061447022991,2.36680926667822,6.99023509070044,9.22499747374586,0.0115404370329345,0.429005603294782,-0.0371297045610231,0.00293639398998331
0.3388048334703,2.90507066561729,2.36619719908624,6.98395348983021,9.22101407101318,0.0114863384915656,0.428562529821573,-0.0371104291368046,0.00294424040066778
0.338906127634597,2.90396609872153,2.36557297853224,6.98002421804174,9.22114599933235,0.0114138325010169,0.428093777246165,-0.0370291214282762,0.00295208681135225
0.339129012901244,2.90284451591928,2.36493680853505,6.97356085314861,9.21678462098163,0.0113628300639778,0.427663158959854,-0.0370154981818339,0.00295993322203673
0.339340867367674,2.90170921098813,2.36428889432815,6.9672978461697,9.2127460839069,0.0113109316821341,0.427234605338756,-0.0369969905278773,0.0029677796327212
0.339437731710401,2.90053592449491,2.36362943878327,6.96336682098694,9.21279406757243,0.011241009448384,0.426781968537469,-0.0369170420033183,0.00297562604340568
0.339655288932426,2.89935601755634,2.36295863718967,6.9569316721571,9.20839441125277,0.011192050975214,0.426365274308373,-0.0369039488443898,0.00298347245409015
0.339861104866843,2.8981629187022,2.36227668683801,6.95071207916995,9.20434529370801,0.0111420708852001,0.425950434362223,-0.036885581302878,0.00299131886477462
0.339956703541247,2.89692322106015,2.36158378214663,6.94671926614942,9.20420370138234,0.0110751162405512,0.425514057296944,-0.0368086093770166,0.0029991652754591
0.34016784441582,2.89568899093863,2.36088011067584,6.94033886339329,9.19981341320214,0.0110279097193215,0.425110480920945,-0.0367953734941582,0.00300701168614357
0.34036620252846,2.89443005189981,2.36016586267126,6.93419571372957,9.19581301725444,0.010979513106778,0.424708523652422,-0.0367762992726413,0.00301485809682805
0.340462061021068,2.89313865667975,2.35944122304339,6.93011496190581,9.19543568913147,0.0109156288190983,0.424288076665561,-0.0367030191145341,0.00302270450751252
0.340665837657879,2.8918417548329,2.3587063731425,6.92381246490376,9.19109673304262,0.0108699217223924,0.42389692490122,-0.0366890549495763,0.003030550918197
0.340745463422371,2.89051490299083,2.35796149627465,6.92000847961941,9.19115675287005,0.0108054229810105,0.423483249773856,-0.0366093928038703,0.00303839732888147
0.340954062013517,2.88918091641877,2.35720676728101,6.91356117994443,9.18650493185911,0.0107622494316697,0.42310246748491,-0.0366001531895253,0.00304624373956594
0.34114873949597,2.88783134331317,2.35644236299159,6.90737525946339,9.18228699576558,0.0107176821141338,0.422722961222487,-0.0365844624606658,0.00305409015025042
0.341232831654656,2.88645002852849,2.35566845800748,6.90340506388182,9.18197339517902,0.0106567232260528,0.422325190880968,-0.0365105937457881,0.00306193656093489
0.341432006322192,2.88506446148244,2.35488522011418,6.89708397721797,9.1774598101778,0.0106145500952912,0.421955557769034,-0.0364993899251682,0.00306978297161937
0.341502588151492,2.88365227290864,2.35409282112294,6.89333815554763,9.17749242953864,0.0105533330364281,0.421564816811471,-0.0364205565735977,0.00307762938230384
0.341706357334649,2.88223046015882,2.3532914241521,6.88688218301837,9.17268367156319,0.010513509866713,0.421204778282708,-0.0364138324029721,0.00308547579298831
0.341893144483318,2.88080257424165,2.3524811945695,6.88074982645428,9.16842087927003,0.0104718196168046,0.42084542877079,-0.0363990327888988,0.00309332220367279
0.341972024774479,2.87933233382899,2.35166229516933,6.87676805352774,9.16795621451808,0.01041451917832,0.420470298193974,-0.0363278578682491,0.00310116861435726
0.342163094772124,2.87787254389176,2.35083488271174,6.87050976166018,9.16341444081713,0.0103750539482697,0.420120109895616,-0.0363173186885369,0.00310901502504174
0.342231509853057,2.87637168381035,2.3499991179934,6.86669418313471,9.16319395602785,0.0103178809031257,0.419752211201613,-0.036242735753042,0.00311686143572621
0.342425856424637,2.87488034566687,2.3491551525806,6.86033226903124,9.15841289948299,0.0102804338525397,0.419410726960132,-0.0362358685606531,0.00312470784641068
0.342602247488605,2.87336652144384,2.34830314269591,6.8543133032833,9.15421419272679,0.0102409981375123,0.419069906855363,-0.0362204316809419,0.00313255425709516
0.342681539141211,2.87182762660796,2.34744323688136,6.85021796845039,9.15341813782432,0.0101878994042499,0.418716930410914,-0.0361546808637137,0.00314040066777963
0.342860180034674,2.87028499085967,2.34657558504091,6.84411816153045,9.14902121334791,0.0101502629623303,0.418384320046504,-0.0361423305641277,0.00314824707846411
0.342931805073933,2.86871742773995,2.34570033518454,6.84013643668549,9.14837668318868,0.010097621787279,0.418038629779644,-0.0360745715496598,0.00315609348914858
0.343111985074701,2.8671472545751,2.34481762962671,6.83397179820519,9.14381021335868,0.0100616339657989,0.417713885119165,-0.0360648876334048,0.00316393989983306
0.343176469243136,2.86555227901014,2.34392761463623,6.83009420723305,9.14330086219749,0.0100094982314309,0.417375426410027,-0.0359953791979732,0.00317178631051753
0.343357957172159,2.86395515336041,2.34303042737855,6.82387106061374,9.13857629942246,0.00997508051582633,0.417058286677614,-0.0359881973345706,0.003179632721202
0.343417517200635,2.86233316951345,2.34212621075825,6.82005457918998,9.13812581919988,0.00992374274937785,0.416727249761677,-0.0359180803521204,0.00318747913188648
0.343598972161948,2.86071125005815,2.34121509800637,6.81380122668959,9.13329388689624,0.00989065793913881,0.416417302354911,-0.035912657791897,0.00319532554257095
0.343654168456415,2.85906291204868,2.34029722818438,6.81003591109124,9.13288492741081,0.0098401667331653,0.416093611152733,-0.0358421991000689,0.00320317195325543
0.343835544165604,2.85741692809469,2.33937273092347,6.80375479097281,9.12795022665313,0.00980836736686545,0.415790644044051,-0.0358384751173902,0.0032110183639399
0.343887196061187,2.85574295057266,2.33844174151277,6.80002561391293,9.12755630525128,0.00975880851741814,0.415474257366914,-0.0357680739016402,0.00321886477462437
0.344067740745434,2.85407491698617,2.33750438602668,6.79373306245567,9.12254831357392,0.00972814893082631,0.415177976179089,-0.0357656220639696,0.00322671118530885
0.344116477877767,2.85237579616622,2.33656079609448,6.79002880217914,9.12214970364093,0.00967957861636703,0.41486881196662,-0.0356955763295253,0.00323455759599332
0.344295744070863,2.85068659205963,2.33561109427302,6.78373501414036,9.11708697115097,0.0096499600606274,0.414578981545277,-0.03569413212123,0.0032424040066778
0.344342936157125,2.84896277648226,2.33465540873337,6.7800299166528,9.11663787037479,0.0096025371392806,0.414277039946778,-0.035625120702455,0.00325025041736227
0.344519455902861,2.84725096957365,2.33369385855813,6.77376507646678,9.11157480652925,0.00957372148608891,0.413993321257916,-0.0356238944450838,0.00325809682804674
0.344566174323337,2.84550657977893,2.33272656858024,6.77003937824507,9.1110400551349,0.00952755938333505,0.413698545549444,-0.035556437678853,0.00326594323873122
0.344739278811692,2.84377016300664,2.33175365438582,6.7638177535885,9.10600264737341,0.00949942516512134,0.413420720828232,-0.0355550586072106,0.00327378964941569
0.344786092396705,2.84200886484171,2.33077523766726,6.76006164130747,9.10536486287033,0.00945456595358148,0.413132987467411,-0.0354894144671019,0.00328163606010017
0.344955170313115,2.84024874927053,2.32979143060485,6.75389624828669,9.10037691301373,0.00942700307408189,0.412860863152332,-0.0354875446690322,0.00328948247078464
0.345002442289978,2.83846868696617,2.32880235179839,6.75010395967286,9.09962595278712,0.009383459901397,0.412580022360082,-0.0354238644275896,0.00329732888146912
0.345166362166404,2.83668840720692,2.32780811030914,6.7440178576466,9.09472936406912,0.00935629265332132,0.412313381262761,-0.0354209019838429,0.00330517529215359
0.34521556685134,2.834886046776,2.32680882112521,6.74016192939296,9.09381608273067,0.00931422717669574,0.412039376665016,-0.0353599064084109,0.00331302170283806
0.345373343903319,2.83309086208828,2.32580459127402,6.73417515372896,9.08904740236493,0.00928730446852,0.411778041406538,-0.035355329092852,0.00332086811352254
0.345424849081201,2.83126767412893,2.32479553087502,6.73024982730329,9.08796157518191,0.00924672603721424,0.411510697326385,-0.0352971686600472,0.00332871452420701
0.345457878789909,2.8294431643529,2.32378174662087,6.72667172843403,9.0874766597719,0.00920428058560542,0.411245150074809,-0.0352304460170919,0.00333656093489149
0.34562974116857,2.82761512111225,2.32276334201679,6.72038041102468,9.08208609393837,0.00918082914766006,0.410993664123062,-0.0352353191052854,0.00334440734557596
0.345666160791813,2.82576848873645,2.32174042425784,6.71671308218156,9.08139363084183,0.00913998465205653,0.410734706415784,-0.0351719466582973,0.00335225375626043
0.345829232953518,2.82393039856561,2.32071309212258,6.71057525213462,9.07622923615698,0.00911635398456658,0.410487953094445,-0.0351737943623642,0.00336010016694491
0.345870264413631,2.82206316713884,2.31968145062355,6.70679641846692,9.07528919886424,0.00907723130788847,0.410235465698818,-0.0351143551758493,0.00336794657762938
0.34602378829159,2.82021422110827,2.31864559596782,6.70082715242087,9.07037888039378,0.00905331690379498,0.409993374053938,-0.0351127848612228,0.00337579298831386
0.346069314632691,2.81832870235319,2.31760562866526,6.69694055690868,9.06919803253144,0.00901585682748781,0.409747117344603,-0.0350571803098727,0.00338363939899833
0.346098927747909,2.81644042260319,2.31656164540579,6.69335111923007,9.06852968155283,0.00897687715843945,0.409502929522201,-0.0349943360381481,0.0033914858096828
0.346262337842205,2.81456637538611,2.31551373951804,6.68716601969355,9.0631579639595,0.00895569252306684,0.40926938708258,-0.0349998858623331,0.00339933222036728
0.346297817533404,2.81265898638577,2.31446200906012,6.68344382169509,9.06220426711786,0.00891851907406579,0.409031332343663,-0.0349415222600722,0.00340717863105175
0.346448193935006,2.81076730382527,2.3134065435052,6.67749632991071,9.05721234541525,0.00889655752698401,0.408802042274532,-0.0349418567366058,0.00341502504173623
0.346490776351614,2.80885199647593,2.31234743650489,6.67361902343498,9.05593296029957,0.00886130218619401,0.408569939551634,-0.0348885589121425,0.0034228714524207
0.34651778939821,2.80692565285301,2.31128477859612,6.67003210025689,9.05515494380064,0.00882457651314893,0.40833997278464,-0.0348282042669581,0.00343071786310518
0.346675588137083,2.80501123632757,2.31021865634792,6.66392078185328,9.04979621680698,0.00880491131568428,0.408118479729369,-0.0348342938883238,0.00343856427378965
0.346709828136803,2.80307688042934,2.309149161511,6.66017797626396,9.04869153062944,0.00877008339219086,0.407894275247735,-0.0347790156483105,0.00344641068447412
0.34673146624159,2.80113303384567,2.30807637828546,6.6566683529013,9.04798552837584,0.00873415720035594,0.407672337158788,-0.0347181859388165,0.0034542570951586
0.346894075181688,2.79919699421224,2.30700039111337,6.65044622023325,9.0423561209671,0.00871638922157643,0.40745815546599,-0.034728635469163,0.00346210350584307
0.346923193075509,2.79724414245034,2.30592128769767,6.64677753959155,9.04131806058552,0.00868235100909199,0.407241761209493,-0.0346729547672023,0.00346994991652755
0.347067795769273,2.7952971265106,2.30483914796773,6.64089027003807,9.03624637645291,0.00866313500751149,0.407031440895561,-0.0346756661824679,0.00347779632721202
0.347105795917702,2.79332866909592,2.30375405488343,6.63703712809694,9.03483026225605,0.00863111120153071,0.406820379329101,-0.0346258009049242,0.00348564273789649
0.347131223968242,2.7913583061115,2.30266609061593,6.63341679349074,9.03381307645648,0.00859799701469577,0.406611614539166,-0.034570387164995,0.00349348914858097
0.347276929132232,2.78939628392609,2.30157533210674,6.62749275587601,9.02860584670439,0.00858013430716932,0.406408069188802,-0.0345755301021555,0.00350133555926544
0.347311554947974,2.78741080791401,2.30048185992008,6.62368362683666,9.02720305733532,0.00854903207564968,0.406204417731223,-0.0345260357509828,0.00350918196994992
0.34733509854934,2.78542347631187,2.29938575176124,6.620078884526,9.02614828690171,0.0085170191883672,0.406003088502019,-0.0344717370089059,0.00351702838063439
0.347479432634513,2.78344859738641,2.29828708168635,6.61416724512656,9.02089515335437,0.00850015649207619,0.405806004869598,-0.0344780261659402,0.00352487479131886
0.347511976545843,2.78144748649755,2.29718592699603,6.61037915823599,9.01946489168201,0.00847008816411426,0.405609547507831,-0.0344294965220417,0.00353272120200334
0.34753513094299,2.7794438850833,2.2960823621764,6.60676333913722,9.0183249761466,0.00843931192366975,0.405415427516775,-0.0343769996763803,0.00354056761268781
0.347675355099743,2.77745869364886,2.29497645857287,6.60091785313478,9.01312406996875,0.00842307542886555,0.405224557486502,-0.034383032977381,0.00354841402337229
0.34770771503368,2.77544311288242,2.29386828888919,6.5971164564669,9.01160484192786,0.00839422298969926,0.405035060222002,-0.0343363561993836,0.00355626043405676
0.34773099654013,2.77342442123763,2.29275792615152,6.59348159630322,9.01036600884898,0.00836469803929511,0.404847897779653,-0.0342858598656095,0.00356410684474124
0.347745433593978,2.77140580190686,2.29164543855094,6.59000871662525,9.00939939230141,0.00833452001658675,0.404663039410709,-0.0342316736689473,0.00357195325542571
0.347897126326526,2.76940168835071,2.29053089417108,6.58393163047071,9.0036905704304,0.00832111081686523,0.404480270952845,-0.0342456578270825,0.00357979966611018
0.347922129212492,2.76736922930471,2.28941436453817,6.58024934981906,9.00230201800022,0.00829297915853298,0.404299805422599,-0.0341978915408584,0.00358764607679466
0.347938843108141,2.76533567144846,2.28829591495525,6.5767187546923,9.0011674367619,0.00826425642351033,0.404121621784066,-0.0341466982996696,0.00359549248747913
0.348080699540891,2.76331963935928,2.28717561043459,6.57081996632191,8.99571587468816,0.00825069274076772,0.403944562307556,-0.0341575066554044,0.00360333889816361
0.348107931053272,2.7612814449216,2.28605351819452,6.5670825461448,8.99416416975494,0.00822396228807379,0.403770505801763,-0.0341126619493163,0.00361118530884808
0.348127631592946,2.75923604808895,2.28492970297384,6.56348274487311,8.99284133122221,0.00819672915165642,0.403598720783796,-0.0340647504313726,0.00361903171953255
0.348139840728366,2.75718905426901,2.28380422692667,6.56001973847228,8.99174593468147,0.00816899144035712,0.403429183602974,-0.0340138017464984,0.00362687813021703
0.348285833706297,2.75515666505565,2.2826771515763,6.55403387294022,8.98605038806562,0.00815723623684552,0.403259451151867,-0.0340287839498371,0.0036347245409015
0.348309112906375,2.75310513413051,2.28154854146051,6.55035558048633,8.98452295795567,0.00813151002633875,0.403093771704343,-0.03398438672728,0.00364257095158598
0.348326143244227,2.7510513297505,2.28041845639723,6.54679099064445,8.98318144958746,0.0081054207333097,0.40293029766257,-0.0339375440540287,0.00365041736227045
0.348336545745161,2.7489915553135,2.27928695556705,6.54334718365886,8.98203878448895,0.0080789201069164,0.402769024790035,-0.0338880788367543,0.00365826377295493
0.348482712217769,2.74694504415912,2.27815409695248,6.53735183147004,8.97624122980269,0.00806843402825501,0.402606268760908,-0.0339052100794524,0.0036661101836394
0.348503922745447,2.74488166065534,2.27701994185569,6.53369960348729,8.97467937684429,0.00804386634772282,0.402448583358851,-0.0338621037428306,0.00367395659432387
0.348519434052113,2.74281756318541,2.2758845465153,6.5301510451064,8.97328565740252,0.0080189902281946,0.402293048661077,-0.0338168102719249,0.00368180300500835
0.348529851967279,2.74075190933327,2.27474796682706,6.52669478378173,8.97203949193162,0.00799387079459705,0.402139631490048,-0.0337696290592141,0.00368964941569282
0.348669817835915,2.73869324718873,2.27361025783865,6.52081178677936,8.96636257854918,0.00798386178700184,0.401983718416559,-0.0337857448631124,0.0036974958263773
0.348691116364758,2.73661963067079,2.27247147618171,6.51714761153974,8.96469849512034,0.00796063344290895,0.401833601977773,-0.0337448982981427,0.00370534223706177
0.348707662688863,2.73454472002332,2.27133167640901,6.51356973028614,8.96317139220664,0.00793719741770972,0.401685568650929,-0.0337023103545373,0.00371318864774624
0.348719481154899,2.73246981074554,2.27019091098344,6.51007768038928,8.9617805007729,0.00791355083068742,0.401539592978901,-0.0336579965455835,0.00372103505843072
0.348726473487478,2.73039591886606,2.26904923238392,6.50667329523923,8.96052922670781,0.00788968060742861,0.401395676505542,-0.0336119132789328,0.00372888146911519
0.348871161641116,2.72832604819628,2.2679066914613,6.50069980216448,8.95458588274481,0.0078816273126692,0.401247531182164,-0.0336327052314403,0.00373672787979967
0.348888868908636,2.72624269460109,2.26676334210101,6.49709275389527,8.95292681524762,0.0078595786933914,0.40110662352398,-0.033592799658318,0.00374457429048414
0.348902877469943,2.7241584471187,2.2656192338064,6.49355273374488,8.95137016871507,0.00783742739180838,0.400967685992772,-0.0335516485304953,0.00375242070116861
0.348913055173701,2.72207432751993,2.26447441569985,6.49008221997459,8.94992052202184,0.00781515472597388,0.400830708685897,-0.0335091900242052,0.00376026711185309
0.348919582502523,2.71999087057099,2.26332893667232,6.48667787700322,8.94857188416241,0.00779277863419862,0.400695676496068,-0.0334655126112602,0.00376811352253756
0.349061152347152,2.717919002381,2.2621828439411,6.48076369636025,8.94263641025584,0.00778570367538631,0.400555126768286,-0.0334870900609278,0.00377595993322204
0.349077227186972,2.71582833124012,2.26103618752549,6.47718043868393,8.94092370614986,0.00776496724995366,0.400422862657376,-0.0334489606722772,0.00378380634390651
0.349090882895425,2.71373673154385,2.25988901366574,6.47364088950646,8.93927144317651,0.00774425794947689,0.400292436476445,-0.0334101830936276,0.00379165275459098
0.349101207734337,2.71164508126186,2.25874136815611,6.47016199919591,8.93771053541949,0.00772347109868047,0.400163881978447,-0.0333703208107387,0.00379949916527546
0.349109311588279,2.70955354621032,2.2575932962557,6.46672323343292,8.93620369386578,0.00770272614206703,0.400037121358181,-0.0333299045892909,0.00380734557595993
0.34911435736107,2.70746288101332,2.25644484289227,6.46334015005447,8.93477930039064,0.0076819294072697,0.399912201004413,-0.0332885342774537,0.00381519198664441
0.349255213143758,2.70538940618134,2.2552960513595,6.45744420264728,8.9287600799777,0.00767627976833471,0.399780129729263,-0.0333123823387565,0.00382303839732888
0.349269589100984,2.70329327330788,2.25414696720347,6.4538884504821,8.92698370152798,0.00765704290727654,0.399657662674525,-0.0332763780880184,0.00383088480801336
0.349282396874352,2.70119635289805,2.25299763297337,6.45036123530681,8.92524063814993,0.00763791029818413,0.399536893137353,-0.0332401103522127,0.00383873121869783
0.349292470521473,2.69909946794118,2.25184809066964,6.44688414642252,8.92357026888911,0.00761875155184351,0.399417883495014,-0.0332030228493115,0.0038465776293823
0.34930035881316,2.6970028850714,2.25069838177922,6.44344709357462,8.92195429532298,0.00759962349771081,0.399300583018174,-0.0331653760144666,0.00385442404006678
0.349306542079775,2.69490677790052,2.24954854728122,6.44004127116367,8.92037675871686,0.00758057582350837,0.399184946537571,-0.0331273966070795,0.00386227045075125
0.349310600899371,2.69281154760015,2.24839862775522,6.43667447242156,8.91885192215926,0.00756156136750414,0.399070997583134,-0.0330888841626929,0.00387011686143573
0.349448939442257,2.69073347859884,2.2472486623131,6.43083554896418,8.91280403203196,0.00755726733478854,0.398948247805524,-0.0331144139266093,0.0038779632721202
0.349462887312625,2.68863665019285,2.24609869132204,6.42728819816769,8.91091369196647,0.00753981130799983,0.3988363460694,-0.033081447295721,0.00388580968280467
0.349473363989377,2.68654048488852,2.24494875408367,6.42380503182472,8.90912216024051,0.00752223899748537,0.398726202928898,-0.033047291354611,0.00389365609348915
0.349483192365168,2.68444434043824,2.24379888805594,6.42033418794983,8.90733502165445,0.00750484774098181,0.398617566192199,-0.0330132806083568,0.00390150250417362
0.349490956846688,2.68234688438752,2.24264913078721,6.4169017448168,8.90559986058092,0.00748748403143984,0.398510540694328,-0.0329787437961855,0.0039093489148581
0.349498058914466,2.68024919982156,2.24149951917231,6.4134820265794,8.90386997112755,0.00747029459114269,0.39840499533454,-0.0329443403721433,0.00391719532554257
0.349504276338413,2.67815215281659,2.24035008969068,6.41007919319826,8.90215300457954,0.00745325339896708,0.398300936437621,-0.0329099624571872,0.00392504173622705
0.349509035542507,2.67605597345355,2.23920087829744,6.40670383477141,8.90046832790134,0.00743629744742549,0.398198403485859,-0.0328753374116221,0.00393288814691152
0.349513105001706,2.67396066565379,2.2380519204074,6.40334193018735,8.89879046892443,0.00741950652197212,0.398097320136311,-0.0328408242843135,0.00394073455759599
0.34964818315533,2.67188087042489,2.23690325043227,6.39758293678459,8.8927239751988,0.0074167823384266,0.397985613192669,-0.0328682708181753,0.00394858096828047
0.349658776645263,2.66978623939921,2.23575490309034,6.39410491720208,8.89079917527862,0.00740112418019718,0.397886462963655,-0.0328376190561979,0.00395642737896494
0.349668259248835,2.66769224760564,2.2346069128244,6.39064843238796,8.88889615730665,0.00738557932960753,0.397788754558917,-0.0328068649533819,0.00396427378964942
0.349676607935678,2.66559897687323,2.23345931275503,6.38721396303945,8.8870158692684,0.00737014278304241,0.397692476532486,-0.0327759953631288,0.00397212020033389
0.349684768803132,2.66350637711694,2.23231213553664,6.38378429571635,8.88512700004233,0.00735491049399323,0.397597520066175,-0.0327454510135296,0.00397996661101836
0.349692209266044,2.66141462441562,2.2311654135231,6.38036923443623,8.88324749543336,0.00733982482586929,0.397503926664812,-0.0327149791647327,0.00398781302170284
0.349699120992952,2.65932376642324,2.23001917848818,6.3769653528329,8.88137118003933,0.0073249030325208,0.397411662034634,-0.0326846665721717,0.00399565943238731
0.349705328499311,2.65723398822823,2.22887346181725,6.37357592285482,8.8795040906011,0.00731012509246811,0.397320734592813,-0.0326544282426735,0.00400350584307179
0.349711319457112,2.65514515548484,2.22772829434955,6.37019212820406,8.87763022462311,0.00729553921708962,0.3972310803482,-0.0326244888703425,0.00401135225375626
0.349716901332465,2.65305749690235,2.22658370652888,6.36681755455717,8.87575619048379,0.0072811232149821,0.397142706905468,-0.0325947553174819,0.00401919866444073
0.349722071589833,2.65097098700908,2.22543972831845,6.36345232144377,8.87388227712319,0.00726687476774458,0.397055603086695,-0.0325652232817106,0.00402704507512521
0.349727008103811,2.64888570918787,2.22429638923554,6.36009326616059,8.87200278896797,0.00725281011968271,0.396969737726702,-0.0325359724185974,0.00403489148580968
0.349731713743975,2.64680165085257,2.22315371830681,6.35674041255032,8.87011784001454,0.00723892739464659,0.396885098158075,-0.0325070007806894,0.00404273789649416
0.34973659005783,2.64471869715797,2.22201174420115,6.35338654109293,8.86821433749919,0.00722526596628663,0.396801628586677,-0.0324784915686795,0.00405058430717863
0.349740988498074,2.64263724971183,2.22087049504062,6.35004351242306,8.86631397668191,0.00721175669464824,0.39671938735889,-0.0324501401981878,0.00405843071786311
0.349745609506419,2.64055694783548,2.21972999862903,6.34669868125476,8.86439377156453,0.00719846957681985,0.396638284332277,-0.0324222684598256,0.00406627712854758
0.349750282561481,2.63847804081796,2.2185902822286,6.3433552247055,8.86245958435411,0.00718538516354045,0.396558327399568,-0.0323947936962768,0.00407412353923205
0.349754677227892,2.63640064478176,2.21745137277503,6.34001921103744,8.86052254931302,0.00717246686749169,0.396479538758937,-0.0323675595673337,0.00408196994991653
0.349759466311161,2.63432452962283,2.21631329671153,6.33667851820141,8.85856063258379,0.00715978198819008,0.396401831268747,-0.0323408741225631,0.004089816360601
0.349764077840703,2.63225004366631,2.21517608013008,6.33334358921491,8.85659294487224,0.00714726955646257,0.396325257202636,-0.0323144693860242,0.00409766277128548
0.349768763653657,2.63017705312884,2.21403974869234,6.33000993446259,8.85461136872,0.00713495334245816,0.396249775575119,-0.0322884585436435,0.00410550918196995
0.34977370269755,2.62810564816101,2.21290432765416,6.32667439143548,8.85261020584119,0.00712284975212688,0.396175354187736,-0.0322629208238146,0.00411335559265442
0.34977858197503,2.62603591986933,2.21176984189257,6.32334269698213,8.8505999856618,0.00711092398220188,0.396102013538297,-0.0322377085265966,0.0041212020033389
0.349783777557662,2.62396772363034,2.21063631585944,6.32000812414755,8.84856850954558,0.00709921311202303,0.39602970107892,-0.0322129917496317,0.00412904841402337
0.34978891126997,2.62190136591624,2.20950377367998,6.31667758036694,8.84652844138903,0.00708767622238203,0.395958448423775,-0.0321885930457912,0.00413689482470785
0.349794263538676,2.61983672943208,2.20837223903366,6.31334607003777,8.84447073908164,0.00707633991202216,0.395888210104779,-0.0321646383495897,0.00414474123539232
0.34979961896683,2.61777409117989,2.20724173530931,6.31001755184477,8.84240268920371,0.00706518030397094,0.395819000923997,-0.0321410254470295,0.00415258764607679
0.349805150622251,2.61571331445793,2.20611228541963,6.30668897097509,8.84031878810947,0.0070542129938431,0.395750787912828,-0.0321178308011691,0.00416043405676127
0.349810639643609,2.6136546243889,2.20498391201664,6.30336434095629,8.8382264223372,0.00704341391323108,0.395683587410665,-0.0320949508751617,0.00416828046744574
0.349816285703989,2.61159798463058,2.20385663733025,6.30004012790625,8.8361192140191,0.00703280136193667,0.395617363091627,-0.0320724743283849,0.00417612687813022
0.349821990931583,2.60954344935933,2.20273048324605,6.29671816051397,8.83400056484074,0.00702236348871779,0.395552115928369,-0.0320503532884501,0.00418397328881469
0.349827304330177,2.60749137023557,2.20160547131438,6.29340661538654,8.83188545408508,0.00701205337000518,0.395487895782002,-0.032028378388399,0.00419181969949917
0.3498331267231,2.60544132934571,2.20048162272161,6.29008934440715,8.82974449677646,0.00700195926289356,0.395424571264971,-0.0320069592801138,0.00419966611018364
0.349838637115668,2.60339377250969,2.19935895831142,6.28678117558592,8.82760480312465,0.00699199738567663,0.395362242780796,-0.0319857173741011,0.00420751252086811
0.349844101664069,2.6013485198163,2.19823749861054,6.28347737793607,8.82545781070117,0.0069821924646536,0.395300863671531,-0.0319647717965741,0.00421535893155259
0.349849041810225,2.59930584346209,2.19711726380636,6.28018659830484,8.82331935750851,0.00697249537321644,0.395240491297827,-0.031943901370801,0.00422320534223706
0.349854335338961,2.59726562084493,2.19599827372841,6.27689312925274,8.82116085886143,0.00696299136959451,0.39518099248762,-0.0319235043690132,0.00423105175292154
0.349858772420423,2.59522814666524,2.19488054796792,6.27361873130439,8.81902207330548,0.00695355943620089,0.395122530989344,-0.0319030261522545,0.00423889816360601
0.349863305900076,2.59319322400806,2.19376410570092,6.27034635729268,8.81687197122092,0.00694429190355537,0.395064960687406,-0.031882899019836,0.00424674457429048
0.349867035121935,2.59116111708746,2.19264896587335,6.26709219720906,8.81474015183676,0.00693509881191217,0.395008404830264,-0.0318627101002178,0.00425459098497496
0.349870569234088,2.58913161521805,2.19153514708121,6.26384537538771,8.81260684215216,0.0069260386867448,0.394952766973866,-0.0318427347142236,0.00426243739565943
0.3498738212931,2.58710483415708,2.19042266765302,6.26060749431731,8.8104750314083,0.00691710167316615,0.394898052393631,-0.0318229309003849,0.00427028380634391
0.349875842047284,2.58508045479665,2.18931154578142,6.25739557487238,8.80837583886865,0.00690819421069393,0.394844399299478,-0.0318028648229856,0.00427813021702838
0.349877418214968,2.58305653760941,2.18820179916034,6.2541955703351,8.80628370497195,0.00689939223512119,0.394791684714209,-0.0317828923662403,0.00428597662771285
0.349748309281083,2.5810165528649,2.18709344513187,6.25333529024771,8.80844668268341,0.00687793220754904,0.39475943639897,-0.0317039410597106,0.00429382303839733
0.349756616196567,2.57899759114476,2.18598649980779,6.25002186829037,8.80611854236097,0.00687010249434329,0.394707568583631,-0.0316876391910647,0.0043016694490818
0.349764418929108,2.57698202093478,2.18488098068529,6.24672168591318,8.80380004205804,0.0068623647526615,0.394656601276306,-0.0316713935843771,0.00430951585976628
0.349771606019245,2.57496979900278,2.18377690427668,6.24343676472276,8.80149493296277,0.00685470638839438,0.39460654190008,-0.0316551518090983,0.00431736227045075
0.349777744954144,2.57296112849919,2.18267428681853,6.24017484904502,8.79921740245461,0.00684708384495783,0.394557449489163,-0.0316387163414697,0.00432520868113523
0.349783480642741,2.57095563294368,2.18157314425862,6.23692445466518,8.79694657386061,0.00683955913641217,0.394509219975687,-0.0316223771301754,0.0043330550918197
0.349787891265635,2.56895353489869,2.18047349235037,6.23370204286024,8.79471253249874,0.00683204147394575,0.394461990910267,-0.0316057156409172,0.00434090150250417
0.349791629471102,2.56695369951047,2.1793753465722,6.23049599519432,8.7924941572403,0.00682459366007122,0.394415657150313,-0.0315890252257463,0.00434874791318865
0.349793660082254,2.56495456618807,2.17827872233275,6.22732476575056,8.79032517215084,0.00681711572483358,0.394370385313105,-0.0315718368073481,0.00435659432387312
0.349794287691898,2.56295862582625,2.17718363485155,6.22418293110961,8.78819575525724,0.00680963750883157,0.39432613003202,-0.0315542866873063,0.0043644407345576
0.349665951342595,2.56094847581156,2.17609009836911,6.22333999067876,8.79024643693465,0.00678981755022787,0.394303394312554,-0.0314789170289464,0.00437228714524207
0.349675824664959,2.55895846124886,2.17499812625865,6.22004145794927,8.78780339105798,0.00678351787170836,0.394259335222673,-0.0314660967283683,0.00438013355592654
0.349684335859356,2.55697266927892,2.17390773339001,6.21677184380475,8.78539917852818,0.00677721251313714,0.394216231321309,-0.0314529247908551,0.00438797996661102
0.349691302237513,2.5549909758019,2.1728189335901,6.21353439358438,8.78303978236955,0.00677088275125291,0.394174106616465,-0.0314393177681522,0.00439582637729549
0.349696359554038,2.55301334743751,2.17173174057514,6.2103355703923,8.78073705410281,0.00676449321801586,0.394133020057342,-0.0314251107672034,0.00440367278797997
0.349700390019857,2.55103487031676,2.17064616779131,6.20715969938739,8.77846248560019,0.00675812882966481,0.394092826952326,-0.0314106990540486,0.00441151919866444
0.349702542203274,2.54905994786322,2.16956222873477,6.20402189548185,8.77624370297398,0.00675170863763367,0.394053674399433,-0.0313956988521638,0.00441936560934891
0.349701219662255,2.54708888220874,2.16847993727814,6.20095045528431,8.77413237593456,0.00674508330660075,0.3940158528731,-0.0313793927054386,0.00442721202003339
0.349578989429263,2.54510409648311,2.16739930368053,6.20002737355329,8.77592590836984,0.00672699281427062,0.393999158475363,-0.0313091631403032,0.00443505843071786
0.349589134844456,2.54314034389898,2.16632034135676,6.19676107016491,8.7734323919419,0.0067217259433159,0.39396093590546,-0.031298523207744,0.00444290484140234
0.349597076099147,2.54118128229354,2.16524306256758,6.19353882111275,8.77100575931316,0.00671636290480801,0.393923757960468,-0.0312871411501378,0.00445075125208681
0.349603119931068,2.53922285964134,2.16416747934596,6.19035516551647,8.76863612944996,0.00671093306594728,0.393887573084695,-0.0312751532950113,0.00445859766277129
0.349606382552346,2.5372669808202,2.16309360377202,6.18722572505708,8.76635204708355,0.00670535330838396,0.393852541431194,-0.0312621634079944,0.00446644407345576
0.349607481851185,2.53531482671841,2.16202144795149,6.18413952843201,8.76413358928864,0.00669968791003752,0.393818588722892,-0.0312484471127554,0.00447429048414023
0.349479218598073,2.53335095567563,2.1609510232781,6.1833462714799,8.76608262054076,0.0066818167292183,0.393807884520712,-0.0311772289370372,0.00448213689482471
0.349491049475159,2.53140687977869,2.15988233902036,6.18007912438363,8.76350819195725,0.00667742051253187,0.393773515019372,-0.0311688013192845,0.00448998330550918
0.349499978476949,2.52946806742384,2.15881540706622,6.17686849788633,8.76102367946176,0.00667285497693786,0.393740278115656,-0.0311593121599764,0.00449782971619366
0.349505626973004,2.52752785965145,2.15775023823533,6.17372102682053,8.75864124882144,0.00666808507479821,0.393708246792456,-0.031148592056876,0.00450567612687813
0.349509591092288,2.52559187337144,2.1566868432577,6.17060847033586,8.75630951958754,0.00666326364520236,0.393677146586343,-0.0311373516395451,0.0045135225375626
0.349509025473794,2.52366041052279,2.15562523370273,6.16758102535569,8.75412003497897,0.00665812657670356,0.393647518385693,-0.0311243225412139,0.00452136894824708
0.349386867867371,2.5217179147181,2.15456541779313,6.16670406344811,8.7558374871808,0.00664159199047376,0.393640436531341,-0.0310574469010457,0.00452921535893155
0.349398627712892,2.51979562535238,2.15350740525173,6.16346841242121,8.75324313240843,0.00663785400988946,0.393609957803524,-0.0310503733548842,0.00453706176961603
0.349406374945321,2.51787282788698,2.15245120649053,6.16030891487704,8.75077476898833,0.00663383676451524,0.393580790426398,-0.0310417384171307,0.0045449081803005
0.349410749291427,2.51595425395906,2.15139683129516,6.15721421180658,8.7484117906931,0.00662960275854059,0.393552830791113,-0.0310318258456566,0.00455275459098498
0.349411070169536,2.5140402144026,2.15034428985788,6.15419622742498,8.7461760008257,0.00662509329280208,0.393526236521488,-0.0310203329426226,0.00456060100166945
0.349287764980449,2.51211573057358,2.14929359038573,6.15336065523519,8.74790431833813,0.00660904364679244,0.393523075650553,-0.0309542453787637,0.00456844741235392
0.349300157147536,2.51021083657936,2.14824474090868,6.15013963478211,8.74527377152589,0.00660589500626662,0.39349556731165,-0.0309485578423227,0.0045762938230384
0.349308161296378,2.50830491858471,2.14719775091106,6.14700138394197,8.74278149704378,0.00660242762429963,0.393469423267836,-0.0309411391296089,0.00458414023372287
0.349312960531662,2.50640424963112,2.14615262930383,6.14392499504552,8.74038951081511,0.00659875544194263,0.393444439283366,-0.0309325127536308,0.00459198664440735
0.34931207333286,2.50450835693391,2.1451093862278,6.14095403505771,8.73817723482763,0.00659465373295719,0.393421129175905,-0.0309215794079269,0.00459983305509182
0.349193418199491,2.50260303288241,2.14406802707708,6.14005853298241,8.73973329956754,0.00657960714261483,0.393420632993361,-0.0308587902245426,0.00460767946577629
0.349205715373258,2.50071293818495,2.14302856062922,6.13686565335446,8.73709252461027,0.00657695147399876,0.393396064100934,-0.0308541206561357,0.00461552587646077
0.349212132355434,2.49882629254758,2.14199099509773,6.13378172359023,8.73463791017535,0.00657383477222728,0.393373136046363,-0.0308470578874339,0.00462337228714524
0.349214245329619,2.4969447539341,2.14095533919666,6.13077893536629,8.73231893467103,0.00657041050915713,0.393351583791327,-0.0308382978533783,0.00463121869782972
0.349088515244641,2.49505385036449,2.13992160067914,6.13002578781341,8.73408433574848,0.00655513246039036,0.393355162212412,-0.0307733543692756,0.00463906510851419
0.349103122130088,2.49317965174739,2.13888978476397,6.12681368105023,8.73136042735264,0.00655308481072148,0.393332427842215,-0.030770522328749,0.00464691151919866
0.349112276759297,2.49130683337858,2.13785989969175,6.12370300906303,8.72880914043903,0.00655061204392127,0.393311237545587,-0.0307654852732221,0.00465475792988314
0.349116212826991,2.48943988387498,2.13683195328853,6.12068954341994,8.72642287910565,0.00654774121732558,0.39329157665942,-0.0307583456393855,0.00466260434056761
0.348987104778774,2.48756426958792,2.13580595379455,6.12001396197277,8.72828043708753,0.00653256476213792,0.393298451547958,-0.0306928556480642,0.00467045075125209
0.349003152786649,2.48570491267263,2.13478190480698,6.11679833767005,8.72550285399393,0.00653102672284746,0.393277611238669,-0.0306914475871752,0.00467829716193656
0.349013442286162,2.48384687924833,2.13375981414586,6.11368949049348,8.72290775472709,0.00652903196948131,0.393258365812928,-0.0306876991271663,0.00468614357262104
0.349017385483587,2.48199505687464,2.13273968914114,6.11069756936631,8.72051370579106,0.00652653195498725,0.393240866432858,-0.0306813511628784,0.00469398998330551
0.34888952586578,2.48013496941777,2.13172153724383,6.11001872857577,8.72231718618997,0.00651187470661405,0.39325004734083,-0.0306173200039672,0.00470183639398998
0.348905920206231,2.47828968527229,2.13070536162385,6.10681916880181,8.71952238225831,0.00651072811791733,0.393231217764849,-0.0306168271688369,0.00470968280467446
0.348915816773362,2.4764473120191,2.12969116947126,6.10373926056381,8.71693362140744,0.00650905412339117,0.393214127128839,-0.0306136691538635,0.00471752921535893
0.348918974002318,2.47461094907408,2.12867896787864,6.1007830656538,8.71455840292066,0.00650683842404351,0.393198870412679,-0.0306077391990379,0.00472537562604341
0.348795990810148,2.47276692241329,2.12766876277415,6.10003789846384,8.71619399850571,0.00649302317423731,0.393209533328281,-0.0305467220507032,0.00473322203672788
0.348811541279027,2.47093491371967,2.12666055747212,6.09687554968522,8.71342122253905,0.006492142201013,0.393192862403487,-0.0305465981627693,0.00474106844741235
0.348820231076912,2.46910864939043,2.12565435857763,6.09383908730036,8.71086597231727,0.0064906994406667,0.393178008255114,-0.0305436503028115,0.00474891485809683
0.348820057903867,2.46728835435042,2.1246501738148,6.09096330808002,8.70859163320019,0.00648852336079789,0.393165456404188,-0.0305370009251139,0.0047567612687813
0.348705030992292,2.46545862862784,2.12364800496609,6.09009855384916,8.70996341963977,0.00647581660612184,0.393176844019037,-0.0304803062918818,0.00476460767946578
0.348718548344681,2.46364197492089,2.12264785799922,6.08699442021406,8.7072516201126,0.00647507764886414,0.39316249678555,-0.0304800095055161,0.00477245409015025
0.348723731995623,2.46183260049299,2.12164973879944,6.08404173314499,8.70480395544785,0.00647364359947822,0.393150293247595,-0.0304762451850152,0.00478030050083472
0.348598947625714,2.46001628958521,2.12065365334559,6.08336217819714,8.70647772769919,0.0064603029664748,0.39316540611474,-0.0304159162127072,0.0047881469115192
0.348616420142922,2.45821083372353,2.11965960324211,6.08020586744912,8.70363807995325,0.00646017966245474,0.393151687244659,-0.0304178688591437,0.00479599332220367
0.348625179721793,2.45641222361775,2.11866759441643,6.07720760762935,8.70107459050814,0.00645932054989398,0.393140168888989,-0.0304161909575166,0.00480383973288815
0.348493128259899,2.45460735911898,2.11767763360862,6.07666970130124,8.70297142169265,0.00644556636254469,0.393158457522256,-0.030353313092832,0.00481168614357262
0.348514522467112,2.45281535880334,2.11668972164875,6.0734620372914,8.70000594668056,0.00644604733826388,0.393145313980357,-0.0303574816673005,0.0048195325542571
0.348526880965862,2.4510273440841,2.11570386376904,6.07041803463151,8.69732684018895,0.00644575879353394,0.3931344276843,-0.0303578819278273,0.00482737896494157
0.348531016347378,2.44924600625725,2.11472006564902,6.06752330914874,8.69490812130483,0.00644478650320762,0.393125689722141,-0.0303548660682767,0.00483522537562604
0.348413385122653,2.44745564574708,2.11373833070598,6.06675409431206,8.69634047074594,0.00643270945760729,0.39314314110394,-0.0302990367635671,0.00484307178631052
0.348428695372527,2.44567826808979,2.11275866088705,6.06367583653858,8.69356710954531,0.00643292512314506,0.393132973513975,-0.0303012161314821,0.00485091819699499
0.348433726911514,2.44390887089221,2.11178106211869,6.06078257933676,8.69111903515117,0.00643226485655758,0.393125380501555,-0.0302990874830926,0.00485876460767947
0.348314356173411,2.44213117686806,2.11080553830656,6.06005896942037,8.69260107893413,0.00642027091502014,0.393144761469042,-0.0302430778786029,0.00486661101836394
0.348331657790788,2.4403649988765,2.10983209041393,6.05696336587678,8.68976463047101,0.00642089483253279,0.39313546410724,-0.0302466033424397,0.00487445742904841
0.348338000599551,2.4386074902689,2.10886072390292,6.0540645013556,8.68727479631806,0.00642057763596985,0.393128883077668,-0.030245528772905,0.00488230383973289
0.348217121481186,2.43684228810764,2.10789144306651,6.05338253932007,8.68879974767509,0.00640868328194492,0.393150114444228,-0.0301894258459488,0.00489015025041736
0.348235484822259,2.43508782810563,2.10692424798614,6.05028591230878,8.68593027766804,0.00640962309504039,0.393141840552896,-0.0301938801907615,0.00489799666110184
0.348242786862216,2.43334222386493,2.10595914379724,6.04738769400691,8.68341047400702,0.00640961062537715,0.393136307785542,-0.0301936935746151,0.00490584307178631
0.348122022999259,2.4315890010864,2.10499613479088,6.04671924130282,8.68492767549944,0.00639795906919416,0.393159004029961,-0.0301381876495024,0.00491368948247079
0.348140558686987,2.42984675766157,2.10403522047818,6.0436371688882,8.6820538636243,0.00639912631606187,0.393151902868724,-0.0301431733451365,0.00492153589315526
0.348148070444945,2.42811336771679,2.10307640586352,6.04075272678005,8.67952833647551,0.00639934433067409,0.39314754514331,-0.0301435375396715,0.00492938230383973
0.348029562687104,2.42637123134211,2.10211969468067,6.04006073061842,8.68097101127459,0.00638812558540951,0.39317119921954,-0.0300895399114167,0.00493722871452421
0.348047301426077,2.42464193255154,2.10116508632723,6.0370101354557,8.67812394157686,0.00638942470679309,0.393165441992329,-0.0300946268912449,0.00494507512520868
0.348053365536685,2.42292104151247,2.10021258599823,6.03416830278249,8.67564538644287,0.00638971754360633,0.393162596588397,-0.0300948138947445,0.00495292153589316
0.34793839724322,2.42118989726303,2.09926219581416,6.03343066602306,8.67697390952955,0.00637904154469547,0.393186874400819,-0.0300428627614213,0.00496076794657763
0.34795541508465,2.41947352411888,2.09831391595529,6.03041029105644,8.67415168455689,0.00638047339619208,0.393182410184217,-0.0300480741886523,0.0049686143572621
0.347959015354833,2.41776522218088,2.09736775214415,6.02762871370169,8.67175246616875,0.00638074477926593,0.393181283195335,-0.0300476359330665,0.00497646076794658
0.347849222459426,2.41604482875151,2.09642370335308,6.0268172759754,8.67291625821601,0.00637075268910598,0.393205762678437,-0.0299984197594677,0.00498430717863105
0.347863069835396,2.4143421922749,2.09548177221825,6.02386960251286,8.67019624003374,0.00637208950496747,0.393203111812319,-0.0300026896734344,0.00499215358931553
0.347737087085113,2.41263525865716,2.09454196338751,6.02334936703154,8.67186687174807,0.00636075289711541,0.393232095676128,-0.0299468448030285,0.005
