C,Mb,M,R,Rp,kl,hl,jl,rhoc
0.0476820465167686,0.388100398788247,0.379259702901232,7.95393089446896,8.20266950328903,0.144178072247632,1.18429943848238,-0.00583255716750852,0.0005
0.0512316756267725,0.419027315993188,0.408619150806236,7.97590837713497,8.23976544950632,0.149204264885176,1.18866311714899,-0.00652808577471903,0.000514190317195326
0.0548653368487266,0.451243089335064,0.439080280285302,8.00287222323857,8.282490844664,0.153473146327891,1.19147803839415,-0.00725257917499847,0.000528380634390651
0.0585774885042556,0.484713917447289,0.470597275389708,8.03375643794491,8.32976970353789,0.157005071634533,1.19277793277734,-0.0080030010287134,0.000542570951585977
0.0623630732233839,0.519401205468313,0.503121465855925,8.06761822102237,8.38064403145069,0.159834609616793,1.19262605213733,-0.00877703694961634,0.000556761268781302
0.066214790425228,0.55526372359312,0.536601491173583,8.10395211896853,8.43461243897832,0.161974644978195,1.19103873760804,-0.00957035295246623,0.000570951585976628
0.0701308618379367,0.592257750999264,0.570983510270963,8.14168677394029,8.49055701548477,0.163510398794043,1.18818862671356,-0.0103828466995484,0.000585141903171953
0.0741006053618517,0.630336296473253,0.606211445132404,8.18092432810937,8.54861312956163,0.16442267783717,1.18402217012874,-0.0112078093814491,0.000599332220367279
0.0781222785877613,0.669449315168201,0.642227250258759,8.22079516712114,8.60786235286627,0.164798986312641,1.17871881993077,-0.012045364161842,0.000613522537562604
0.0821906611915791,0.709544685062883,0.678971200076321,8.26092879936444,8.66791600776807,0.164684109850075,1.17236655641188,-0.0128930713661089,0.00062771285475793
0.0862997398151523,0.750568608409456,0.716382188631627,8.30109326130142,8.7285309446963,0.164114175789298,1.16503497470999,-0.0137479329223304,0.000641903171953255
0.0904436705484593,0.792463565215501,0.754398035690768,8.34108159383652,8.78948737049446,0.16312675928143,1.15679764182402,-0.0146071009492888,0.000656093489148581
0.094616111898866,0.83517214580733,0.79295579491706,8.3807691840544,8.85065286129228,0.161754240218813,1.14771713143024,-0.0154673448168024,0.000670283806343907
0.0988093734019799,0.878634385313692,0.831992059995337,8.42017342434302,8.9120510186364,0.160017647906821,1.13783039357866,-0.0163243277663983,0.000684474123539232
0.103035882343183,0.922790271643882,0.871443264772899,8.4576678042157,8.97186105629453,0.15809375160673,1.12753870990958,-0.0171904577030268,0.000698664440734558
0.107272530313457,0.967576993929788,0.911245975243751,8.49468146766962,9.03167104805336,0.155869594152441,1.11657251327857,-0.0180487428215194,0.000712854757929883
0.111515881772438,1.01293225163811,0.951337169420012,8.53095679556511,9.0911895431292,0.153394201726705,1.10503714573493,-0.0188983534126695,0.000727045075125209
0.115756014872287,1.05879268938723,0.991654504336273,8.56676437445055,9.15072112649668,0.150668705478456,1.09292558777854,-0.0197330262529503,0.000741235392320534
0.120011970787914,1.10509689089424,1.0321365669408,8.60028012342868,9.20817412277257,0.147876441223174,1.08067161423606,-0.0205712219368217,0.00075542570951586
0.124275516428571,1.15178170695083,1.07272310865136,8.63181372710625,9.26387103027704,0.145006703462569,1.06824901580758,-0.0214083203599068,0.000769616026711185
0.128507298107329,1.19878234294497,1.11335526094518,8.66375122146994,9.32055025999111,0.141880636079892,1.05521433413225,-0.022212535618852,0.000783806343906511
0.132737710554069,1.24603865857969,1.15397573323203,8.69365403708672,9.37538299730776,0.138723026175198,1.04211338708754,-0.0230123240330246,0.000797996661101836
0.136967366689241,1.2934897106493,1.19452898967867,8.72126710582737,9.42803741909953,0.135567967277402,1.02903175563405,-0.023810467461544,0.000812186978297162
0.141168488611511,1.34107357720867,1.2349614073681,8.74813791317585,9.48030146363334,0.132310185834881,1.01570367246705,-0.0245849731528271,0.000826377295492487
0.145339598375523,1.38873114041823,1.27522141389434,8.77408103605376,9.53194709089077,0.12898359126201,1.00220964520975,-0.0253365921891192,0.000840567612687813
0.149497474777108,1.43640612759948,1.31525960587587,8.7978717221601,9.58149916557702,0.125693515429049,0.988817375885401,-0.0260820370474247,0.000854757929883139
0.153617413891878,1.48404074763304,1.35502884713484,8.82080236091305,9.63047171916219,0.12235960175484,0.97531953306127,-0.0268017149936477,0.000868948247078464
0.157718670079396,1.53158183100071,1.39448434927053,8.84159337996285,9.67730596888297,0.119083920539079,0.961981004185242,-0.0275143816662707,0.00088313856427379
0.161777441041579,1.57897337275541,1.43358373270167,8.86145635307226,9.72343467881753,0.115794516990631,0.948613797328851,-0.0282010786646314,0.000897328881469115
0.165788287210683,1.62616574026,1.47228707201438,8.88052525775481,9.76900677646241,0.112496177538155,0.935228456513748,-0.0288588751497835,0.000911519198664441
0.16977575905221,1.67311006847323,1.5105569237128,8.89736516064272,9.81224390483119,0.109289788026818,0.922095389580628,-0.0295108861085695,0.000925709515859766
0.173707436230945,1.71975842285577,1.54835833885291,8.91359847597063,9.85510962923579,0.106082392627576,0.908965953687504,-0.0301305232113684,0.000939899833055092
0.177618224349686,1.7660679850536,1.58565886138205,8.92734327903355,9.89525055043732,0.102994135055397,0.89616837644604,-0.0307496323969328,0.000954090150250417
0.181469257777987,1.81199152518609,1.62242851380208,8.94051440815939,9.93501342366419,0.0999185012593836,0.883413697864929,-0.0313359749813002,0.000968280467445743
0.18525372693054,1.85748947848237,1.65863976985932,8.953340898136,9.97467693451959,0.0968529582432645,0.87069360146208,-0.0318851754181467,0.000982470784641068
0.189019850563994,1.9025270240799,1.6942675165764,8.96343696982655,10.0112106402419,0.0939323838733117,0.858386591867594,-0.0324400728566626,0.000996661101836394
0.192759343250022,1.94706574054575,1.72928900717976,8.97123313465929,10.0451035124088,0.0911319684597264,0.846429921714639,-0.0329945787539726,0.00101085141903172
0.196395677075184,1.99106620879608,1.76368380429956,8.98025776618493,10.0808328554327,0.0882771743497093,0.834329857762619,-0.033484340518836,0.00102504173622705
0.200004206307893,2.03450225601172,1.797433716281,8.98697957138949,10.113869074322,0.0855507720962028,0.822607778051353,-0.0339749436910325,0.00103923205342237
0.203540983978309,2.07734206511003,1.83052272665672,8.99338644669121,10.1467418889951,0.0828587109435347,0.810996676187912,-0.0344299510671896,0.0010534223706177
0.207060177204389,2.11956053187345,1.86293691787863,8.99707970422397,10.1763108351618,0.0803138433105153,0.799827059285803,-0.0348961046728658,0.00106761268781302
0.210506948015122,2.16112901976741,1.8946643916722,9.00048387731171,10.2056996399585,0.0778064369837083,0.788782742109446,-0.0353278552827987,0.00108180300500835
0.213882545107954,2.20202357805256,1.92569518395901,9.00351724815622,10.2347935777314,0.0753447122656232,0.777888497903781,-0.0357272029255025,0.00109599332220367
0.217236829300844,2.24222887643956,1.95602117808266,9.00409559639555,10.2608121103651,0.0730168351188007,0.767408856192531,-0.0361364984280067,0.001110183639399
0.220519394138204,2.28171914748335,1.98563601666054,9.004360022031,10.2865613456278,0.0707340356278016,0.757082942020326,-0.0365142576434372,0.00112437395659432
0.223734798780605,2.32047856037034,2.0145350100908,9.00412015059964,10.3117770570081,0.0685066143403483,0.746942886816491,-0.0368649839707859,0.00113856427378965
0.225785525440292,2.34525083780063,2.03291788287487,9.0037564583052,10.3279884603114,0.0670855594749113,0.740443941407328,-0.0370765674999039,0.00115275459098497
0.227611909496305,2.36738158337179,2.04928256346785,9.00340657921997,10.3428475149043,0.065803252667268,0.734575808212825,-0.0372514859164073,0.0011669449081803
0.229430269915211,2.38873003601444,2.06501322186159,9.00061366194071,10.3542908076675,0.0646368404850705,0.729106609556679,-0.0374559011414186,0.00118113522537563
0.231178892075807,2.40930774138817,2.08012792489501,8.9979145856141,10.3657699675772,0.063489824262819,0.723740221426103,-0.0376375824398638,0.00119532554257095
0.232821954033691,2.42913221548795,2.09464693508955,8.99677585725629,10.3793097112565,0.0623101130314943,0.718313703142738,-0.0377659822167176,0.00120951585976628
0.234457407577486,2.44823521639292,2.10859119150417,8.99349358713395,10.3898590528082,0.0612254151549681,0.713218114644025,-0.0379192820577883,0.0012237061769616
0.236035377726926,2.46663528617769,2.1219816303167,8.99009991956235,10.4001976187392,0.060163258049616,0.708228995523246,-0.0380555845684514,0.00123789649415693
0.237612583652092,2.48435891326213,2.13483883825468,8.98453611101872,10.4074893417067,0.0591906416488588,0.703552754739843,-0.0382192994115438,0.00125208681135225
0.239091541581904,2.50141819346493,2.14718286546323,8.98058898803695,10.4169567890992,0.0581812155398977,0.698796074906364,-0.0383307642938285,0.00126627712854758
0.240513799676166,2.51784099085112,2.1590331254037,8.97675363455516,10.4265341752642,0.057185229770777,0.694113129347688,-0.0384225079121953,0.0012804674457429
0.241949245667243,2.53365304219335,2.17040834156631,8.97051088372192,10.4327194954517,0.0562815526380952,0.689749050630666,-0.0385492780405923,0.00129465776293823
0.243333833505913,2.54887161015374,2.18132652879291,8.96433717155042,10.4389449194066,0.0553901380247833,0.685453371149,-0.0386588777243277,0.00130884808013356
0.244620197053037,2.56350797891221,2.19180498865912,8.9600327980437,10.4477330676628,0.054456364026647,0.681053539098554,-0.0387129960571507,0.00132303839732888
0.245924089132069,2.57759466175838,2.20186031928369,8.95341455590887,10.4532368461436,0.0536078743605529,0.676948670862097,-0.0388026101253876,0.00133722871452421
0.247185998327706,2.59114515174938,2.21150843238322,8.9467382754072,10.4586056203654,0.0527749959552679,0.672919656524763,-0.0388797311043143,0.00135141903171953
0.248407220758587,2.60417779732962,2.22076457357118,8.94001618306182,10.4638570690474,0.0519572639765003,0.66896416827156,-0.0389447013208188,0.00136560934891486
0.249654634135148,2.61671141366409,2.22964334605969,8.93091111159866,10.4656884832497,0.0512214777734624,0.665292049916485,-0.0390491717458861,0.00137979966611018
0.25080787245131,2.62875695224297,2.23815873669312,8.92379778520558,10.4702737940147,0.050441241081208,0.661504229427653,-0.0390982588541864,0.00139398998330551
0.251921416890464,2.64033075873149,2.24632414042621,8.91676526812692,10.4749197670516,0.0496720923683501,0.657774951499698,-0.0391341593628697,0.00140818030050083
0.253064738804622,2.65146084257481,2.25415238602672,8.90741395531613,10.4762126674839,0.0489799086249834,0.6543118398689,-0.0392101750085166,0.00142237061769616
0.254114977372062,2.66214290639253,2.26165576305974,8.90012775495848,10.4803827384387,0.0482433427360788,0.650730789214126,-0.0392304767283488,0.00143656093489149
0.255196372583189,2.67240916123863,2.26884604378693,8.89058892499472,10.4812781662521,0.0475799360461326,0.647402968509654,-0.0392906604370585,0.00145075125208681
0.256180198266309,2.68225787758281,2.27573451018907,8.88333495558997,10.4853769256468,0.046867602347238,0.643941528586658,-0.0392910585996485,0.00146494156928214
0.257207488992917,2.69171603684389,2.28233197362273,8.87350513221479,10.4857235090897,0.046235111931676,0.640753590686882,-0.0393395895172308,0.00147913188647746
0.258203457286498,2.7007909641247,2.28864879963232,8.86374188666608,10.4860947809114,0.0456118855778778,0.637615275579713,-0.0393783211840776,0.00149332220367279
0.259170822736663,2.70949516758499,2.29469492766744,8.85398635323632,10.4864064072234,0.0449994155316216,0.634530823322731,-0.0394089578217721,0.00150751252086811
0.260112027114972,2.71783916889789,2.30047989124298,8.84418885492805,10.4865865524002,0.0443988734421505,0.631503494450809,-0.0394329950676749,0.00152170283806344
0.261028653541684,2.72583198783725,2.30601283710437,8.83432836133491,10.4866042009004,0.0438106482890409,0.628534094835772,-0.0394512820177414,0.00153589315525876
0.261921974251176,2.73349011333623,2.31130254338843,8.82439340951193,10.4864419414487,0.0432348615937783,0.625622602773523,-0.0394644420343524,0.00155008347245409
0.262793836460803,2.74082124626615,2.31635743691605,8.81435222420657,10.4860527414403,0.0426721056120816,0.622770502784844,-0.0394735400146654,0.00156427378964942
0.263643664926093,2.74783427601771,2.32118560967931,8.80425331035363,10.4855059895212,0.0421210200623558,0.619973115540162,-0.0394778309429795,0.00157846410684474
0.264472444361245,2.75454441628053,2.32579483435701,8.79409134654569,10.4847931647957,0.0415815640098843,0.617229953406745,-0.0394777582341858,0.00159265442404007
0.265280191921312,2.76095273023323,2.33019257881828,8.78389208761378,10.483951050277,0.0410529636354644,0.614538226128167,-0.0394730544593123,0.00160684474123539
0.266066805237656,2.76707778063846,2.3343860202655,8.77368380539007,10.4830203665819,0.0405344092260943,0.611895046248804,-0.0394633803438366,0.00162103505843072
0.266832033110468,2.77292068330161,2.33838205847898,8.76349826226035,10.4820472211206,0.0400250368398592,0.609297374306225,-0.0394483036247277,0.00163522537562604
0.267575802591171,2.77849540325849,2.342187328257,8.75336000331701,10.4810674332406,0.0395241727449679,0.606742790879087,-0.0394275411083703,0.00164941569282137
0.26837294954451,2.78381628605702,2.34580821135736,8.74085192020555,10.4765297663837,0.0390856460695344,0.604400422898042,-0.0394558616966483,0.00166360601001669
0.269087520727236,2.78887675544891,2.3492508486343,8.73043403233719,10.4749806950005,0.0386091736867481,0.601954143154289,-0.0394329593487766,0.00167779632721202
0.269780261029386,2.79368720002817,2.35252114948953,8.72013816175113,10.4735335464751,0.0381390949482677,0.599543416617674,-0.0394034281153229,0.00169198664440735
0.270521280355463,2.7982706108579,2.35562480225334,8.70772457958973,10.4688827748774,0.0377237563229444,0.597319609059156,-0.0394181509200723,0.00170617696160267
0.271187819966147,2.80261243606494,2.35856728478257,8.69717262772715,10.4668970548064,0.0372764819057651,0.59501040394074,-0.039387352308174,0.001720367278798
0.271832381089979,2.80673166969327,2.36135387335429,8.68680127027493,10.4650994966284,0.0368339682861008,0.592730850952272,-0.0393492462561507,0.00173455759599332
0.272528720016575,2.81064086555467,2.36398964992564,8.67427715428252,10.4600315827159,0.0364450903902671,0.590633319859134,-0.0393569241259683,0.00174874791318865
0.273148801842972,2.81433173615386,2.36647951279878,8.66370087231511,10.4577679665984,0.0360232675886948,0.588447001562097,-0.0393176211844285,0.00176293823038397
0.273746266093783,2.81781875172239,2.36882818283073,8.65337166651688,10.4557918002073,0.0356045165489584,0.586284373231684,-0.0392700670536481,0.0017771285475793
0.274406345397787,2.8211124579969,2.37104021059108,8.64061728293476,10.4501261766039,0.0352432305934283,0.58431417652262,-0.0392751144682006,0.00179131886477462
0.274980417461663,2.8242075476102,2.37311998600281,8.63014176758118,10.4477691114373,0.034843030262533,0.582236568929689,-0.0392261047997606,0.00180550918196995
0.275609634992954,2.82712191177725,2.37507174130401,8.61752072406586,10.4421294490309,0.0344934407529022,0.580329100475468,-0.0392237464430761,0.00181969949916528
0.276161531438577,2.82984819715245,2.37689956130385,8.60691765765543,10.4394180284905,0.0341107678289833,0.578332319231154,-0.0391734989154658,0.0018338898163606
0.276762661440834,2.83240568024682,2.37860738657419,8.59439410717867,10.4337518471816,0.0337731891310814,0.576487647960979,-0.0391651414211772,0.00184808013355593
0.277293159723986,2.83478470152791,2.38019902068758,8.58369179772339,10.4307272968659,0.0334068658938832,0.574567067492359,-0.0391136000970138,0.00186227045075125
0.277800238629453,2.83699866554668,2.38167813636403,8.57334805799377,10.4281596816239,0.0330407882052597,0.572660044484641,-0.0390523229132592,0.00187646076794658
0.278378826375327,2.83905860551499,2.38304827834488,8.56045091278569,10.421677172865,0.0327305724254163,0.570936660788535,-0.0390477928991088,0.0018906510851419
0.278865643141318,2.84095499760234,2.38431287214551,8.5500416805997,10.4188473813786,0.0323794502603302,0.569100244900951,-0.0389852326647878,0.00190484140233723
0.279421351219246,2.84270906011862,2.38547522449575,8.53719736908726,10.4122715138634,0.0320808417505367,0.567436101036377,-0.0389770157047426,0.00191903171953255
0.279888778358179,2.84430633303463,2.38653853259146,8.52673889460964,10.4092037261521,0.0317438255486681,0.565666797353482,-0.0389132716068825,0.00193322203672788
0.280423005915782,2.84577190294031,2.38750588365766,8.51394441001992,10.4025308732739,0.0314564536457555,0.564059924462255,-0.0389018749444508,0.00194741235392321
0.280872267760329,2.84708743980486,2.38838026411632,8.50343924361499,10.3992289148533,0.0311329769408516,0.562355136393326,-0.0388373181489469,0.00196160267111853
0.281386208227696,2.84827495514422,2.38916455858759,8.49069531031989,10.3924611519503,0.030856409878971,0.560803409293527,-0.0388231274537915,0.00197579298831386
0.281818573048632,2.84932475742253,2.38986155852071,8.48014214488377,10.388923177006,0.0305459940246225,0.559160833052971,-0.0387581804782564,0.00198998330550918
0.282313331751694,2.85025746107748,2.3904739612727,8.46744978864555,10.3820631305908,0.0302798052633779,0.557662171016006,-0.0387415409177966,0.00200417362270451
0.282729560759167,2.85105677462813,2.39100437790411,8.45686022884888,10.3783069944557,0.0299817584088456,0.5560788904602,-0.0386762974270814,0.00201836393989983
0.28320521699011,2.85174958073059,2.39145533267711,8.44424886692895,10.3714005215312,0.0297250387537341,0.554629807058508,-0.0386568732264077,0.00203255425709516
0.283607284334484,2.85231289445054,2.39182926920703,8.43359603692734,10.367385883506,0.0294393691656949,0.553105025845399,-0.0385922761970817,0.00204674457429048
0.28406508664074,2.85277034917071,2.39212855179124,8.42105793457326,10.3604226663462,0.0291918861037808,0.551704091919096,-0.0385705527820701,0.00206093489148581
0.284453363914661,2.8531112363759,2.39235546847499,8.41036096585842,10.3561790668066,0.0289178041274604,0.550234653319177,-0.038506464494993,0.00207512520868114
0.284822162926978,2.85334628930656,2.39251223541038,8.40002130039215,10.3524006839597,0.0286430055246653,0.548773601967078,-0.0384340649214853,0.00208931552587646
0.28526912986944,2.85348695593563,2.39260099649053,8.38717108151715,10.3447132009697,0.0284160023409782,0.547463138659512,-0.0384190505812503,0.00210350584307179
0.285626842236743,2.85351789862649,2.39262383010566,8.3767471270173,10.340646583303,0.0281529137623611,0.546056718839953,-0.0383484756858549,0.00211769616026711
0.286056160838064,2.85346243014807,2.39258274658701,8.36403152296186,10.3329985868089,0.0279331282783392,0.544786574529124,-0.0383304247223463,0.00213188647746244
0.286403691956198,2.85330034612476,2.3924796958265,8.35352253836309,10.3286431784501,0.0276813335781785,0.543432783328909,-0.038261931717886,0.00214607679465776
0.286814632199519,2.8530543808585,2.39231656478783,8.34098506914267,10.3211033616065,0.027467762924729,0.542199424667181,-0.0382400706120321,0.00216026711185309
0.287153445714296,2.85271099583733,2.39209518289213,8.33037255374658,10.3164315272466,0.0272271535191871,0.540897171994541,-0.0381743028965072,0.00217445742904841
0.287476379246088,2.85228159874613,2.39181732315158,8.32004817030245,10.3121241138065,0.0269865787839448,0.5396046055295,-0.0381022007956309,0.00218864774624374
0.287876422819506,2.85177851616318,2.39148470272331,8.30733090018539,10.3040664427711,0.0267891713021296,0.538445083139496,-0.0380852202193707,0.00220283806343906
0.288193021574615,2.85118212206659,2.39109898814204,8.29686636781719,10.299388177326,0.0265598380245396,0.537203158324428,-0.0380169703548966,0.00221702838063439
0.288572965259757,2.85051655583137,2.39066179335356,8.28442744524464,10.2915972581785,0.0263663042535938,0.536072153720689,-0.0379943670207915,0.00223121869782972
0.288883909589671,2.84976406918131,2.39017468330509,8.2738242039859,10.2865510229501,0.0261477943856949,0.534878913143323,-0.037930112408712,0.00224540901502504
0.289181393520069,2.84893602985766,2.38963917728523,8.26346103460279,10.2817984968124,0.0259297971016391,0.533696087615203,-0.0378608361954077,0.00225959933222037
0.289548503936574,2.84804421316713,2.38905674658956,8.25097251102664,10.2736947887892,0.0257491070229629,0.532626899136629,-0.0378407806731102,0.00227378964941569
0.289841973286755,2.84707255848668,2.38842881968804,8.24045183174712,10.2685470638778,0.0255417205470729,0.531491121595931,-0.0377761593040983,0.00228797996661102
0.290123861856743,2.84603258074324,2.38775678241122,8.23012890814973,10.2636297100358,0.0253353408059504,0.530366785422745,-0.0377075929782579,0.00230217028380634
0.290475863149618,2.84493804285547,2.38704197815655,8.21769475877944,10.2553768108833,0.0251652014337611,0.529351530503916,-0.0376880251317118,0.00231636060100167
0.290755055935109,2.84376597970764,2.38628571121053,8.20720280696717,10.2500481665647,0.0249691163489683,0.528272331298806,-0.0376245765809431,0.00233055091819699
0.291024325381462,2.8425313428417,2.38548924817397,8.19687235782499,10.244895564462,0.0247744217606543,0.52720526154361,-0.0375581052506537,0.00234474123539232
0.291283953823305,2.84123704779531,2.38465381664188,8.18669818691223,10.2399117109681,0.0245811569204663,0.526150345220038,-0.0374887627433262,0.00235893155258765
0.291625348544619,2.83989345038617,2.38378060859837,8.17412004990248,10.2311316615104,0.0244274568273248,0.52521148283815,-0.0374752157703216,0.00237312186978297
0.291884393924169,2.83848175295427,2.38287078247218,8.16374849794555,10.2256950893698,0.0242443067060685,0.524199891004038,-0.0374118602730268,0.0023873121869783
0.292464637853765,2.83534166109217,2.3808468654625,8.14063157492889,10.2120830589949,0.0238863522401892,0.522164871602965,-0.0373084486821407,0.00240150250417362
0.293451399813717,2.82943001629745,2.37704195584157,8.10029175989794,10.1889283821766,0.0232437278720206,0.518539726696678,-0.0370953329150562,0.00241569282136895
0.294518358518717,2.82327197228039,2.37308521615237,8.05751202773175,10.1624041403731,0.0226204286638078,0.514926839203771,-0.0369086156741152,0.00242988313856427
0.295521649233067,2.81704289693977,2.36910241190423,8.01667971890547,10.1391316266784,0.0219612985064196,0.511182469010659,-0.0366570430579338,0.0024440734557596
0.296634729984441,2.81089539452694,2.36517445949542,7.97335652376063,10.1120191874032,0.0213334988948867,0.507481868121559,-0.0364492770891932,0.00245826377295492
0.297774975227925,2.80489835271353,2.36135667173092,7.93000375509552,10.0847795850268,0.0207076156649181,0.503752658676899,-0.0362347855854793,0.00247245409015025
0.299037949028732,2.79912980616604,2.35768711191676,7.8842405105254,10.0535508223194,0.0201182047206326,0.50008172357533,-0.0360728391139057,0.00248664440734558
0.30025209669264,2.79360829759782,2.35419129047314,7.8407155733639,10.0255616291283,0.0195089025665656,0.496338754540906,-0.0358612677465556,0.0025008347245409
0.301501064818973,2.78836791792975,2.35088519082965,7.79726994410839,9.9973375322778,0.0189109305796797,0.492604407957801,-0.0356529442907026,0.00251502504173623
0.302785597062833,2.78342858707735,2.34777740082393,7.7539269489649,9.96884624103905,0.018326528650864,0.488888819077389,-0.0354503192092654,0.00252921535893155
0.304103922961723,2.77879590064153,2.34487070557871,7.710754543189,9.94013528374467,0.0177569642569711,0.485199727701889,-0.035254375275342,0.00254340567612688
0.305366416543808,2.77445605946461,2.34216332843459,7.6700095411395,9.91476967284764,0.0171786752769775,0.481494564710434,-0.0350156964905179,0.0025575959933222
0.306762974582,2.77042405293257,2.33964992378755,7.62689802110437,9.88502876659471,0.0166471352797793,0.477891353057605,-0.0348455855926584,0.00257178631051753
0.30817997277015,2.76668121520313,2.33732239320126,7.58427736945941,9.85544110172194,0.0161307548877873,0.474328768231602,-0.0346802890368539,0.00258597662771285
0.30954754379851,2.7631979052549,2.33517055385633,7.5438187142468,9.82868426163806,0.0156132241202714,0.470782553370055,-0.0344828122276245,0.00260016694490818
0.310938143563379,2.75997402624072,2.33318270015212,7.50368762549888,9.80177837486871,0.0151149920969392,0.467295879619537,-0.0342960678394426,0.00261435726210351
0.312353137414371,2.75698207871853,2.3313460679993,7.46381511419402,9.77458655332474,0.0146369833279687,0.463873415592785,-0.0341223991708588,0.00262854757929883
0.313786852988156,2.75420767872164,2.32964722587832,7.42429838501313,9.74724620210773,0.0141782809251973,0.460516374281654,-0.0339601739701576,0.00264273789649416
0.315159867629937,2.75161760735672,2.32807239444128,7.38695701311473,9.72273407017413,0.0137219549477955,0.457203441458798,-0.0337682026352532,0.00265692821368948
0.316541803770242,2.74920122388059,2.32660771582307,7.35008042574943,9.69824625142674,0.013284547131935,0.453963191315376,-0.033585881682115,0.00267111853088481
0.317942180489787,2.74693765986366,2.32523946690354,7.31340353557848,9.67333546806091,0.0128680968872549,0.4507998192934,-0.0334194116742585,0.00268530884808013
0.31936194208532,2.74480702755509,2.32395423638259,7.27686655838823,9.64789176194054,0.0124725499683347,0.44771388998988,-0.0332702071555599,0.00269949916527546
0.320788633926659,2.74278813454774,2.32273906203276,7.24071496424592,9.62231556283116,0.012095182769777,0.444702797084325,-0.0331326295316079,0.00271368948247078
0.322131395887099,2.74084511610478,2.32158153859787,7.20693967815399,9.59994328183535,0.0117193192696466,0.441752581773742,-0.032961011691088,0.00272787979966611
0.32347859335412,2.7389790964342,2.32046989512504,7.17348827031892,9.57735807211796,0.011361806674032,0.438881587534477,-0.0328021121136943,0.00274207011686144
0.324833384654921,2.73716443296741,2.31939305443337,7.14025455510776,9.55438101667348,0.0110227635659451,0.436089397808918,-0.0326581133575889,0.00275626043405676
0.326191097630968,2.73538637739065,2.31834067050731,7.10730822313896,9.53113023225088,0.0107008858832759,0.433374267708408,-0.032527144487039,0.00277045075125209
0.327450486983994,2.73362068586727,2.31730315098074,7.07680471733124,9.51127861677693,0.0103796910808848,0.430728808133595,-0.0323595775698867,0.00278464106844741
0.328703793225964,2.73185784860464,2.31627166111178,7.04668369774329,9.49135035765589,0.0100742883302669,0.428161544200901,-0.0322022048830698,0.00279883138564274
0.329961999390363,2.73008922230916,2.31523812506959,7.01668110069406,9.47090006288414,0.00978581141712229,0.425671248428703,-0.0320606765336916,0.00281302170283806
0.331225744596143,2.72829750966836,2.31419521201785,6.98676129429344,9.44986973521253,0.00951366774764583,0.423255606875389,-0.0319354164092843,0.00282721202003339
0.332484600577394,2.7264781144328,2.3131363163953,6.95712316413542,9.42860634171992,0.00925569922937726,0.420912322419233,-0.0318214934576828,0.00284140233722871
0.333625777787655,2.72460184533561,2.31205553570176,6.93008661091329,9.41114092460935,0.00899620422354941,0.418643764027675,-0.0316654672488029,0.00285559265442404
0.334757914868901,2.72267855734783,2.31094763538367,6.90333979493417,9.3935022873146,0.00875014432393368,0.416447682551207,-0.0315197957107484,0.00286978297161937
0.335890482653869,2.7206931839353,2.30980802253025,6.87667005114424,9.37532908854061,0.00851815754280195,0.414321318465845,-0.0313889097140893,0.00288397328881469
0.337023878291614,2.71863962110498,2.3086327086976,6.85005679834954,9.35659175535192,0.00829962058412161,0.412262022296475,-0.0312728649469957,0.00289816360601002
0.338148915325487,2.71651142004889,2.30741827423745,6.82367492445284,9.33760408061783,0.00809276807476807,0.410268071452445,-0.0311672736619847,0.00291235392320534
0.339140283275391,2.71429529688911,2.30616183443927,6.80002331827564,9.32278318371847,0.00788254717320079,0.408351902189482,-0.0310147040789301,0.00292654424040067
0.340250535294085,2.71200775659109,2.3048609962556,6.77401137448164,9.30317656390634,0.00769808338460191,0.406483636862202,-0.0309309441039718,0.00294073455759599
0.341235570053477,2.70962202732505,2.30351383259134,6.75050913429202,9.28739432835147,0.00751090047690905,0.404690908833774,-0.030804484717687,0.00295492487479132
0.342207941556425,2.70714391148608,2.302118837449,6.72725135184922,9.27145264916989,0.00733352713181398,0.402958462083423,-0.0306866540596596,0.00296911519198664
0.343166927169715,2.70457349060437,2.30067489743755,6.70424424758083,9.25537401396042,0.00716540680030068,0.401284348107358,-0.0305769439587955,0.00298330550918197
0.344010052210191,2.7018933055273,2.29918125520737,6.68347113822872,9.24272212394174,0.00699571623740761,0.399684988591807,-0.0304298153343293,0.00299749582637729
0.344952209646629,2.69913476652986,2.29763747930972,6.66074144491909,9.22601301377714,0.00684598296257932,0.398120776075833,-0.0303403944322231,0.00301168614357262
0.345773148363513,2.69626349871023,2.296043437591,6.64031735390035,9.21290094446179,0.00669375062563436,0.396630527121037,-0.0302112903843158,0.00302587646076795
0.346578067004469,2.69329753515795,2.29439926160073,6.62015135992765,9.19973051966403,0.00654923748547639,0.395193393060679,-0.0300888210248482,0.00304006677796327
0.347373012049958,2.69023924173727,2.29270532392083,6.60012506553359,9.18629915447735,0.00641260617106513,0.393806219190444,-0.0299753553662983,0.0030542570951586
0.348159959138215,2.68707964526165,2.29096221275251,6.58020014255295,9.17254732750043,0.00628362084628494,0.392466625227792,-0.0298714518692007,0.00306844741235392
0.348935063033527,2.6838293073108,2.28917070775694,6.56044906423458,9.15861630689556,0.00616153487467084,0.391173608524803,-0.02977516934099,0.00308263772954925
0.349566592752439,2.68047243915052,2.28733175966324,6.54333625434029,9.14901105572807,0.00603466514671311,0.389958124050796,-0.0296303674148665,0.00309682804674457
0.350334463316663,2.6770395584346,2.28544646258259,6.52361300953941,9.13417971963259,0.00592695368326173,0.388750092400366,-0.0295557336003775,0.0031110183639399
0.350948618524938,2.67350489615775,2.28351604809816,6.50669621580487,9.1240206896832,0.00581334191587406,0.38762081122081,-0.0294283108798303,0.00312520868113523
0.35168768694284,2.66989601164992,2.2815418519343,6.48740896153442,9.1090715254964,0.00571675229769902,0.386496329008952,-0.0293650176929461,0.00313939899833055
0.352292962115565,2.66619179384299,2.27952531400084,6.47053889556007,9.09812135138922,0.00561572964616265,0.385444305017009,-0.0292572914248196,0.00315358931552588
0.35288650963924,2.66239928583725,2.27746794989804,6.45382548691454,9.08703785799797,0.00552003173257859,0.384430975752336,-0.0291560544391409,0.0031677796327212
0.353467426122566,2.65853194980164,2.27537134492675,6.43728722017445,9.07586454840482,0.00542930929587996,0.38345519029158,-0.0290606536044639,0.00318196994991653
0.354035248038725,2.65459293490454,2.2732371403796,6.42093450573867,9.06463017358319,0.00534326786897617,0.382515765847431,-0.028970628907596,0.00319616026711185
0.354479962479837,2.65056074085304,2.27106701826733,6.40675710519608,9.05703397239535,0.00525355614279754,0.381645029462706,-0.0288409431623222,0.00321035058430718
0.355038935759896,2.6464842121416,2.26886269601774,6.3904616296848,9.0451296251277,0.00517754096316584,0.380769794123336,-0.0287681135480518,0.0032245409015025
0.355453739057033,2.64231708448873,2.26662591943826,6.37671142650318,9.03758024682438,0.00509611747877875,0.379968643971965,-0.0286469743591151,0.00323873121869783
0.355997613478436,2.63810558451624,2.26435844125268,6.3606000588817,9.025273567083,0.00502869583954522,0.379154460147573,-0.0285876479143016,0.00325292153589316
0.356403883775717,2.63381927699001,2.26206203233363,6.34690623561534,9.01711444218368,0.00495618294748876,0.378411374085398,-0.0284825712430607,0.00326711185308848
0.356796228212014,2.62947882957532,2.25973845796978,6.33341464760947,9.00898937503034,0.00488718815976352,0.377699054454601,-0.028381365322497,0.00328130217028381
0.357180139523902,2.62508582506769,2.25738948043631,6.3200307929922,9.00072981422752,0.00482189792511814,0.377014662876896,-0.0282859642342247,0.00329549248747913
0.357559601658822,2.62064403828595,2.25501685310888,6.30668801130555,8.99221829146752,0.00476038944471569,0.376355826432477,-0.028197676128879,0.00330968280467446
0.35793576130901,2.61615618830968,2.25262231354343,6.29337036708862,8.98343166387614,0.00470254801778622,0.375721120821857,-0.0281166786501304,0.00332387312186978
0.358306910039546,2.6116296625052,2.25020758016282,6.28011215277559,8.97444080322355,0.00464807809125405,0.375110139982158,-0.0280420362119416,0.00333806343906511
0.35867022891766,2.60705768315358,2.24777434813319,6.26696660862034,8.96535242115198,0.00459662694219305,0.374522938770724,-0.027972400103053,0.00335225375626043
0.359020394731097,2.60245295960744,2.24532428712682,6.25402991049729,8.95635447575696,0.00454770702882481,0.373960590240875,-0.0279054714346205,0.00336644407345576
0.359236899894171,2.5978013239575,2.24285903882804,6.24339826863213,8.95140684629873,0.00449370837721024,0.373466274327453,-0.0277944033810652,0.00338063439065108
0.359583822673502,2.59313498601665,2.24038020684656,6.23048108835754,8.94186512152278,0.00445097703230082,0.372943461176037,-0.0277413343385356,0.00339482470784641
0.359785420135268,2.58842613492838,2.23788937128995,6.2200668677696,8.93676757967422,0.00440233732281337,0.372492321271466,-0.0276395236951536,0.00340901502504174
0.36011840562879,2.58371906544314,2.23538806564088,6.20736966148051,8.92708432884681,0.0043645729423237,0.372009816152574,-0.0275952697789557,0.00342320534223706
0.360318271806165,2.57896432774982,2.2328777964553,6.19695966364005,8.92145793765292,0.00432156229427473,0.371593955199399,-0.0275068703953631,0.00343739565943239
0.360504965212639,2.57419476832652,2.23036002565139,6.18676645503577,8.91598303352411,0.00428047614556136,0.371199511430668,-0.0274202377853981,0.00345158597662771
0.360684487650444,2.56941384745692,2.22783617708541,6.17668974786768,8.91047565331713,0.004241561605789,0.370823580651826,-0.0273374668682176,0.00346577629382304
0.360999374518626,2.56463564985898,2.22530763543825,6.16429775925673,8.90032962579531,0.00421297878552403,0.3704103283201,-0.0273122317645501,0.00347996661101836
0.361178513059648,2.55983493052386,2.2227757444293,6.15423028795241,8.89434640366958,0.00417883552002447,0.370063790812596,-0.0272416852002037,0.00349415692821369
0.361351617595351,2.55502722411789,2.22024180815902,6.14426973631344,8.88832826694142,0.00414661709352968,0.369733514044773,-0.0271748269053387,0.00350834724540901
0.361385586612126,2.55020657340957,2.21770708776307,6.13667830129409,8.8865786537194,0.00410870724323105,0.369471680793934,-0.0270616087930413,0.00352253756260434
0.361558687713551,2.54538923007715,2.21517280339184,6.12673095314152,8.88012720494075,0.00408080268511436,0.36916786946509,-0.0270062293902736,0.00353672787979967
0.361726938806802,2.54057738294493,2.21264013438364,6.11687960449474,8.87363449440396,0.00405460726510441,0.368878192291473,-0.0269544253749989,0.00355091819699499
0.361887484829171,2.53577326846377,2.21011021901209,6.10717505208938,8.86720190843445,0.00402988005209021,0.368603311735753,-0.0269049700787519,0.00356510851419032
0.361898776437348,2.5309593068898,2.20758415798322,6.10000448112981,8.86537853863346,0.00399878014190655,0.368400338574716,-0.0268052514055324,0.00357929883138564
0.362067695669069,2.52616430272526,2.20506300351522,6.09019536924016,8.85832514042684,0.00397814814775074,0.368144493610897,-0.0267689433003031,0.00359348914858097
0.362216923732798,2.52139045850042,2.20254777477199,6.08074231340106,8.85174347042878,0.00395809698905882,0.367906963215644,-0.026730078191003,0.00360767946577629
0.362236880315458,2.51659924458488,2.20003945141389,6.07348277044004,8.8491411061664,0.00393269740028832,0.367732832123345,-0.0266482185713474,0.00362186978297162
0.362381653339855,2.51185063646509,2.19753896875082,6.06415625210994,8.84240373864054,0.00391559611783909,0.367516920503934,-0.0266168105628409,0.00363606010016694
0.362401226773946,2.50709444586978,2.1950472294518,6.05695308758156,8.83952243173475,0.00389330837657649,0.36736243502103,-0.0265438171878722,0.00365025041736227
0.362404650193621,2.50235675612703,2.1925650964418,6.05004680616097,8.83701968031288,0.00387164065736787,0.36722395783573,-0.0264692566939397,0.0036644407345576
0.362551641959914,2.49765968811113,2.19009339237294,6.04077637197706,8.82982464942175,0.00385898674098909,0.367034008936828,-0.0264512351207721,0.00367863105175292
0.362565514134543,2.49296559736954,2.18763290972994,6.03375893306316,8.82674655880656,0.00384064190451011,0.366908411866544,-0.026388618228829,0.00369282136894825
0.362572997063008,2.48829524932845,2.18518440249388,6.02688126306918,8.82375875790693,0.00382327246898686,0.36679373314553,-0.0263275873262672,0.00370701168614357
0.362576417032653,2.4836461623001,2.18274858854956,6.02010634451438,8.82079413734751,0.00380694692944068,0.366688661438559,-0.026268863997103,0.0037212020033389
0.362578586900677,2.47902432350797,2.18032615305835,6.01338918466141,8.81777033185663,0.00379176336341707,0.366591698368119,-0.0262133417092761,0.00373539232053422
0.362581355275208,2.47443059269886,2.17791774817118,6.00670088653095,8.81463559824067,0.00377777038276628,0.3665017563525,-0.0261615616130422,0.00374958263772955
0.36258534777176,2.46986533592163,2.17552399384489,6.00003283975593,8.81137679586162,0.00376495400855027,0.366418274733023,-0.0261136238689993,0.00376377295492487
0.362591041832098,2.46533086639876,2.1731454779935,5.99337884083689,8.80798529750181,0.00375329311808281,0.36634075911472,-0.0260695785331278,0.0037779632721202
0.362597797734442,2.4608272953184,2.17078275806319,5.98675108240182,8.80448747577485,0.00374271030901745,0.366269205715817,-0.0260290782772708,0.00379215358931553
0.362604698235166,2.45635195727967,2.1684363614228,5.98016620296646,8.80091811279566,0.00373311558567626,0.366203742628649,-0.0259916822092344,0.00380634390651085
0.362610028139167,2.45191000612937,2.16610678654865,5.97365383871103,8.7973367157683,0.00372438033670701,0.366144860134431,-0.0259566696959555,0.00382053422370618
0.362613050745163,2.44750369848207,2.16379450373521,5.96722732204111,8.79377165692688,0.00371643009039107,0.366092649802596,-0.0259236765872034,0.0038347245409015
0.362465046787366,2.4431210722459,2.16149995831608,5.96333350615208,8.79489324244018,0.00370168423545521,0.366112170027059,-0.0258395562797335,0.00384891485809683
0.362482668865357,2.43878484903454,2.15922356169282,5.95676358390215,8.79076873758135,0.00369621018565987,0.366064465342638,-0.025817219699398,0.00386310517529215
0.362492393011733,2.43448243467504,2.15696570532796,5.95037508899708,8.78685103772446,0.00369112311619028,0.366025171589101,-0.0257946166495658,0.00387729549248748
0.362489913097763,2.43022220334655,2.15472675745127,5.9442392176859,8.78327866075343,0.00368618677071084,0.365996075070631,-0.0257701337291994,0.0038914858096828
0.362365631437843,2.42598346237101,2.15250705591416,5.94015234660406,8.78347987597327,0.0036758670484406,0.366025648113399,-0.0257048091606897,0.00390567612687813
0.36237229551801,2.42179722099203,2.15030691759851,5.93397162033221,8.77955721510152,0.00367285050100212,0.366001670983075,-0.0256882810584474,0.00391986644407346
0.36224183638813,2.41763844201562,2.1481266411617,5.93008986090733,8.77988786621614,0.00366363972680508,0.366043066705882,-0.0256254272977232,0.00393405676126878
0.362254062365466,2.41352969377401,2.14596649328722,5.92392664770787,8.77574399139093,0.00366224880030762,0.366025053691047,-0.0256152301154548,0.00394824707846411
0.362125596384862,2.409449918879,2.14382673145662,5.92011929799679,8.77596480986538,0.00365444688537633,0.366073920569725,-0.025557400929287,0.00396243739565943
0.362135168051924,2.40542421543609,2.14170758089998,5.91411100010287,8.77187100959254,0.00365416086093898,0.366064842472258,-0.0255503101881609,0.00397662771285476
0.362016185850551,2.40142392180738,2.1396092560916,5.91025854566316,8.77176392456697,0.00364803679206533,0.366117128991957,-0.0254998224507234,0.00399081803005008
0.361882863098319,2.39747148187662,2.13753194774194,5.90669568998408,8.77208935531459,0.00364175215178389,0.366179475899758,-0.0254462076470336,0.00400500834724541
0.361905472904966,2.39356597106131,2.13547582596119,5.9006452950822,8.76756544306202,0.00364380425980881,0.366175061214051,-0.02544922773462,0.00401919866444073
0.361787555880575,2.38969188655024,2.13344105103555,5.89694426012759,8.76739958176115,0.00363935876536302,0.366237258270734,-0.0254045777908315,0.00403338898163606
0.361662897457511,2.3858633681592,2.13142775835907,5.89341006042644,8.76743899193998,0.00363506877567647,0.366305686907777,-0.0253592649076802,0.00404757929883138
0.361534081491428,2.38207727328396,2.12943606876126,5.89000090939353,8.76760601134648,0.00363103998725459,0.36637904352335,-0.0253141365367051,0.00406176961602671
0.361570322469067,2.37834161128512,2.1274660863346,5.88396213441055,8.76266821205733,0.00363571808611214,0.366380522168143,-0.0253283441311912,0.00407595993322204
0.361458981046013,2.37463802516458,2.12551790503026,5.88038481954247,8.76230425196713,0.00363346713324131,0.366451663884855,-0.0252923471595075,0.00409015025041736
0.361345409993232,2.37097892595481,2.12359159848888,5.87690209909862,8.76201626027649,0.00363152272813684,0.36652650562118,-0.0252570120983846,0.00410434056761269
0.361232332913131,2.3673638409647,2.12168722693398,5.87346987968599,8.76172234390963,0.00363000085755266,0.366603682466028,-0.0252232336604619,0.00411853088480801
0.361120494817851,2.36379254326585,2.11980483786505,5.8700762440367,8.76140174327867,0.00362892204477085,0.366682744590278,-0.0251912141800002,0.00413272120200334
0.361010319154464,2.36026481704819,2.11794446540721,5.86671447610621,8.76104355986537,0.00362829145732337,0.366763391528313,-0.0251610448398286,0.00414691151919866
0.360903135186448,2.35677966551312,2.11610613121867,5.86336311577193,8.7606089421972,0.00362816020638007,0.366844911615593,-0.0251331336280652,0.00416110183639399
0.360798798553079,2.35333651292565,2.11428984479431,5.86002462667088,8.76010437730779,0.00362850578567836,0.366927265444646,-0.0251073763155258,0.00417529215358932
0.360697705618297,2.34993710391551,2.11249560388974,5.85669265699532,8.75951961479322,0.00362933348096706,0.367010171261519,-0.0250838588511604,0.00418948247078464
0.360599608174697,2.34658144579155,2.11072339521193,5.85337129426208,8.75886414193644,0.00363061622900438,0.367093642342072,-0.025062444794217,0.00420367278797997
0.360504481446323,2.34326832095498,2.10897319489425,5.85006096576988,8.75814047171695,0.00363233861690611,0.367177593416497,-0.0250430774196792,0.00421786310517529
0.360411275710338,2.33999770218081,2.10724496877071,5.84677869641431,8.75738247432482,0.00363443418035814,0.367262413181207,-0.0250253459664474,0.00423205342237062
0.360320748992065,2.33676997699942,2.10553867272104,5.84351214469587,8.75656841423126,0.00363692700617401,0.367347660543128,-0.0250094693435723,0.00424624373956594
0.360231040876929,2.33358578918548,2.10385425352409,5.84029140965355,8.75575678080948,0.0036397109329483,0.367434106203785,-0.0249947591919204,0.00426043405676127
0.360141069349177,2.33044492119059,2.10219164919962,5.83713391254865,8.75498200930168,0.00364271944564758,0.367522169763636,-0.0249807993632875,0.00427462437395659
0.360050450067819,2.32734702347043,2.10055078968978,5.83404572690889,8.75425703455858,0.00364592315855072,0.367611964305803,-0.0249674172735323,0.00428881469115192
0.359816449493614,2.32427855344234,2.09893159707206,5.83333974871348,8.75795331147816,0.00364213179694226,0.367769352496978,-0.0249051418159778,0.00430300500834725
0.359743371832242,2.32126699770411,2.09733398182314,5.83008373758498,8.7567522205191,0.00364664320692354,0.367853770041326,-0.0248993350799282,0.00431719532554257
0.359668198131772,2.31829381473185,2.09575785125574,5.82692009508142,8.7556488193095,0.0036512380557036,0.367940329686643,-0.0248934927634132,0.0043313856427379
0.359588432446782,2.31536353209814,2.09420310491344,5.82388896846222,8.75472014625077,0.00365578130975266,0.368030130742206,-0.0248867167414834,0.00434557595993322
0.359359373700587,2.31246246470355,2.09266963787581,5.82333394096849,8.758388254371,0.00365295716394885,0.368190180381832,-0.0248289477954235,0.00435976627712855
0.359298532905627,2.30961739820517,2.09115733178151,5.82011096697345,8.75695024227108,0.00365880367501601,0.368273408930589,-0.024829925065136,0.00437395659432387
0.359230403508868,2.30681025009982,2.08966606804584,5.81706349917639,8.75577177217965,0.00366442702456243,0.368360910405506,-0.024828943278027,0.0043881469115192
0.359154308079495,2.30404481630807,2.0881957234615,5.8142020755026,8.75487385510921,0.00366979227752346,0.368453000182972,-0.0248257364802393,0.00440233722871452
0.358952238614339,2.3013077865221,2.08674616589882,5.81343683481198,8.75785565050296,0.00366891228932455,0.368604475372741,-0.024779521572018,0.00441652754590985
0.358890954096733,2.29862439963471,2.0853172572048,5.81044808569553,8.75658071803462,0.00367529233967244,0.368691342013059,-0.024782395721713,0.00443071786310517
0.358675822388779,2.29596445930234,2.08390886143397,5.81000650547101,8.76003278859625,0.00367396280664318,0.368850459702192,-0.0247326287751821,0.0044449081803005
0.358629470816953,2.29336251734439,2.08252082821175,5.80688704547285,8.75838005009723,0.00368134475319483,0.368931874031072,-0.0247415029557432,0.00445909849749583
0.358567681723711,2.29079640465459,2.08115301021938,5.80407302803987,8.75723775438957,0.00368803364283578,0.36902103434056,-0.0247454466237484,0.00447328881469115
0.358374529875221,2.28825491740639,2.07980525594555,5.80344048632499,8.76013351231445,0.00368812083308352,0.369171985854966,-0.0247044523177467,0.00448747913188648
0.358324901126597,2.28577003409635,2.07847740336118,5.80053855265516,8.75870091142357,0.00369561740004164,0.369256630212171,-0.024713288400727,0.0045016694490818
0.35812895799703,2.28330295348006,2.07716929788783,5.80005959167661,8.76175862044951,0.00369571089938258,0.369409985907918,-0.0246720118429333,0.00451585976627713
0.358086405175111,2.28089646938952,2.07588076897331,5.79715046137584,8.7601920484458,0.00370373331669761,0.369492316792125,-0.0246838900453056,0.00453005008347245
0.357894386458289,2.27850406612934,2.07461165573641,5.7967147131496,8.76320878062596,0.00370414921187341,0.369644761839775,-0.0246445503132055,0.00454424040066778
0.357856726654527,2.27617377668579,2.07336178228213,5.7938320781762,8.76157582196771,0.00371255884198918,0.369725614462198,-0.0246586308515183,0.0045584307178631
0.357671059742337,2.27385375245486,2.07213098178671,5.79339850218649,8.76447898848934,0.00371340156585146,0.369875863915786,-0.0246219727028668,0.00457262103505843
0.357636369819091,2.27159691867862,2.07091907358866,5.79057178842361,8.76283890361942,0.0037220732833664,0.369955963552603,-0.0246375130028976,0.00458681135225376
0.357458615140624,2.26935008257293,2.06972588640871,5.79011331310193,8.76558207688893,0.00372340462720371,0.370103143889,-0.0246039888499121,0.00460100166944908
0.357422942470458,2.26716503332611,2.0685512356207,5.7874047517016,8.76405525427094,0.00373211114055106,0.370184189149156,-0.024619553661636,0.00461519198664441
0.357254811844333,2.26498970925627,2.06739494436879,5.78689180894677,8.76658721648915,0.00373399952946752,0.3703273488621,-0.0245896752759698,0.00462938230383973
0.357071601306147,2.2628564609374,2.06625682820761,5.78667365494584,8.76961611746397,0.00373510242053205,0.370477673259822,-0.024554765969777,0.00464357262103506
0.357057719756665,2.26077133878617,2.06513670061611,5.78376152187244,8.76755349760256,0.00374504509790436,0.3705491030709,-0.0245782271376089,0.00465776293823038
0.356888266011734,2.25870216151624,2.0640343805854,5.78341900576113,8.77024640166859,0.00374690061212443,0.370693317541256,-0.0245482748072694,0.00467195325542571
0.356863039566234,2.25669053595644,2.06294967673284,5.78078828012099,8.76861114844002,0.00375628381483363,0.370770192159428,-0.0245680340603078,0.00468614357262103
0.356709425955536,2.25468700448522,2.0618824041755,5.78028572878956,8.77090527157356,0.00375897856536095,0.370907158894265,-0.0245436949670049,0.00470033388981636
0.356542559305228,2.25272174748421,2.06083237397528,5.78004594456015,8.77364036385547,0.00376096494603899,0.371050334193188,-0.0245148691598757,0.00471452420701169
0.356528988533062,2.25080717344881,2.05979939329398,5.77736862791724,8.77177634189269,0.00377098534277738,0.371121842716749,-0.0245388137258997,0.00472871452420701
0.356379063878263,2.24890244044255,2.05878327626514,5.77694787640054,8.77407919980823,0.00377385329110342,0.37125711489506,-0.0245158904737739,0.00474290484140234
0.356220218165379,2.24703541359679,2.0577838302859,5.77671823593839,8.77669139487593,0.00377622520202494,0.371396488759729,-0.0244899290552298,0.00475709515859766
0.356210111768079,2.24521565480535,2.05680086236781,5.7741226158873,8.77484546617023,0.00378641957918325,0.371466234300451,-0.0245151264046005,0.00477128547579299
0.356069113220586,2.24340654817068,2.055834183564,5.77369422741928,8.77699762641934,0.00378970204613125,0.371597123346513,-0.0244953018506646,0.00478547579298831
0.355919495867135,2.24163210067249,2.05488360254359,5.77345053138275,8.77944934179733,0.00379249811555502,0.371731932744112,-0.0244725040720881,0.00479966611018364
0.355764629759118,2.2398921532676,2.05394892591594,5.77333650989036,8.78209844510003,0.00379497178140274,0.371869019782188,-0.0244478851581364,0.00481385642737896
0.355774924132715,2.23818842444515,2.05302996092023,5.7705864625647,8.77979679879861,0.00380619359044027,0.371928754662882,-0.0244800082016835,0.00482804674457429
0.355637545216558,2.23650234914672,2.05212652020282,5.77027523613463,8.78199560550956,0.00380954806043714,0.372057395959033,-0.0244613088562749,0.00484223706176961
0.355495855090825,2.23484821524977,2.05123841020165,5.77007686820309,8.78436279015744,0.00381262706981183,0.372187844451133,-0.0244410756116131,0.00485642737896494
0.355349168092117,2.23322730634938,2.05036543961131,5.77000208167028,8.78691869290629,0.00381538641241423,0.37232038725386,-0.0244190658449107,0.00487061769616027
0.355368352753276,2.23163717103361,2.04950741652662,5.76727612531536,8.78450559889574,0.0038269791503181,0.372375170095458,-0.0244540060070999,0.00488480801335559
0.355239257901342,2.23006678830636,2.04866415484736,5.76699818300014,8.78660640797132,0.00383061006918515,0.372499076086159,-0.024437877354818,0.00489899833055092
0.355107365787752,2.22852529740238,2.0478354632656,5.76680649448876,8.78882875330551,0.00383403752088383,0.372624022997753,-0.0244206983473538,0.00491318864774624
0.354972782024622,2.22701417722736,2.0470211524521,5.76669890231222,8.79116908574,0.00383726089348934,0.372749930899622,-0.0244024987219264,0.00492737896494157
0.354987763847601,2.22553688547781,2.04622103351181,5.76420159200267,8.78903482078643,0.00384847967103532,0.37280562185256,-0.0244356289628829,0.0049415692821369
0.354870163830101,2.22407486055371,2.04543492026252,5.7638965704702,8.79093635532395,0.00385252241127708,0.372923020817369,-0.0244230436643002,0.00495575959933222
0.354750300355112,2.2226393472718,2.04466262746572,5.7636670791229,8.79294207385698,0.00385638781745883,0.373041185770956,-0.0244095599799624,0.00496994991652755
0.354628880999106,2.22123159931451,2.04390396853384,5.76350116430307,8.79503025978822,0.0038601066529124,0.37315974616956,-0.0243954155321365,0.00498414023372287
0.354505866697276,2.21985054101784,2.0431587584333,5.76339900230204,8.79720170756621,0.00386367263535466,0.37327869935775,-0.0243805912765627,0.0049983305509182
0.35438235193982,2.21849193339858,2.04242681365933,5.76334234049603,8.79942307681966,0.00386714250887909,0.373397521586793,-0.0243654581807868,0.00501252086811352
0.354413850958499,2.21716822253979,2.04170795082799,5.76080180079382,8.79700799375609,0.00387897648884995,0.373443559929645,-0.0244035030761176,0.00502671118530885
0.354305425203993,2.21585903478574,2.04100199028629,5.76057222130081,8.79884398805025,0.00388315294778738,0.373554633674844,-0.0243932597054934,0.00504090150250417
0.354197207354009,2.2145738418909,2.04030875183677,5.76037503818471,8.8007075677209,0.00388727419484124,0.373665242026397,-0.0243829329047165,0.0050550918196995
0.354087556613019,2.21331285617741,2.03962805619859,5.76023646724103,8.80264773346863,0.00389124764445632,0.373776133895681,-0.0243719532459458,0.00506928213689482
0.353977840338654,2.212077429247,2.0389597251436,5.76013380722619,8.80462292276481,0.00389514436079997,0.37388665155985,-0.0243607870382382,0.00508347245409015
0.353868500988117,2.21086076974944,2.03830358221822,5.76005939078107,8.80661943371297,0.00389898680663709,0.373996578545822,-0.0243495823152064,0.00509766277128548
0.353759252239506,2.20966721268101,2.03765945235132,5.7600174114224,8.80864549346107,0.00390275829577092,0.374106042969626,-0.0243382365459318,0.0051118530884808
0.353798264895633,2.20850912880946,2.03702716143137,5.75759511435783,8.8062400698906,0.00391460295380143,0.374145870035337,-0.0243777487205797,0.00512604340567613
0.353701793493245,2.20736124413343,2.03640653683498,5.75741083109284,8.80794539824035,0.00391894179993702,0.374248539019238,-0.0243704408095044,0.00514023372287145
0.35360536131789,2.20623464684341,2.03579740912428,5.75725832192376,8.80968071345163,0.00392320925117412,0.374350770741284,-0.0243629621370614,0.00515442404006678
0.353509901259465,2.20512956189517,2.03519960825489,5.75712193917058,8.81141755097023,0.00392745416937098,0.374452115031929,-0.0243556309202295,0.0051686143572621
0.353414896918953,2.20404671943928,2.03461296610485,5.75700963327371,8.81317104054143,0.00393164683575219,0.374552804965512,-0.0243482662643943,0.00518280467445743
0.353320284923724,2.20298379723129,2.03403731596293,5.75692198482756,8.81494268623656,0.00393578229473293,0.374652861493128,-0.0243408435428369,0.00519699499165275
0.353226329113117,2.2019387607313,2.03347249274973,5.75685424655456,8.81672415282171,0.00393987404548864,0.374752154939172,-0.0243334510478607,0.00521118530884808
0.35313394758511,2.20091478462204,2.0329183329828,5.75679100490005,8.81848743733486,0.00394397222189216,0.374850251712878,-0.0243264025673089,0.00522537562604341
0.353042312477266,2.19990967991303,2.03237467475276,5.75674530480997,8.82025703470481,0.00394803050583156,0.37494753469282,-0.0243194106731491,0.00523956594323873
0.35295154699888,2.19892504168169,2.03184135768766,5.75671469629259,8.82202884141174,0.00395205522531389,0.375043942840643,-0.0243125157036607,0.00525375626043406
0.352862220306901,2.19795983724465,2.03131822325986,5.75668945656218,8.82378535337256,0.00395607780444027,0.37513920817993,-0.024305911757217,0.00526794657762938
0.352773944526155,2.19701347502689,2.03080511410941,5.75667547340316,8.82553783431318,0.00396007650836942,0.375233509863089,-0.0242994634568752,0.00528213689482471
0.352687018407839,2.19608647100515,2.03030187481006,5.7566674383866,8.82727690917024,0.003964067585896,0.37532670498205,-0.0242932720706743,0.00529632721202003
0.352752448357356,2.19519162880079,2.02980835098437,5.75420060282068,8.82446161312499,0.0039765116417083,0.375348461291685,-0.0243393864106573,0.00531051752921536
0.352673810774368,2.19430018599987,2.02932439101087,5.75411138852378,8.82600496222316,0.00398081507439718,0.375436855220883,-0.024335633360721,0.00532470784641068
0.352596191635772,2.19342701430884,2.02884984434857,5.75403221156838,8.82754369500219,0.00398509340079316,0.375524296374207,-0.0243320194144126,0.00533889816360601
0.352518423458668,2.19257057409633,2.02838456222324,5.75398171341551,8.82911249366261,0.00398928160527734,0.375611330908128,-0.0243281406621134,0.00535308848080134
0.352443492661486,2.1917305662401,2.02792839687301,5.75391073774425,8.83062124104457,0.00399354470929363,0.375696552205879,-0.0243250267589867,0.00536727879799666
0.35236863125622,2.19090662186173,2.02748120291656,5.75386405903512,8.83215270561785,0.00399772921599109,0.375781259871752,-0.0243217217189314,0.00538146911519199
0.352295177518773,2.19009932226571,2.02704283626988,5.75381942650027,8.8336662940584,0.00400190928962793,0.375864824012031,-0.0243186867334813,0.00539565943238731
0.352222861041966,2.18930782928933,2.02661315463757,5.75378085522991,8.83516974429151,0.00400606985325191,0.375947370580838,-0.02431582794549,0.00540984974958264
0.352151433848994,2.18853280811227,2.02619201742277,5.75375200173579,8.83667011929998,0.00401019705790935,0.376029015275347,-0.02431305932457,0.00542404006677796
0.352081158221592,2.187773902248,2.02577928572686,5.75372819141854,8.83815915906964,0.00401430554512754,0.376109634507825,-0.0243104710755027,0.00543823038397329
0.35201277347675,2.18702908268376,2.02537482204614,5.75369695264743,8.83961428078072,0.00401843707020039,0.376188882955993,-0.0243083182719187,0.00545242070116861
0.351944246000309,2.18630045553088,2.0249784910641,5.75369114306337,8.84109618128026,0.0040224772406721,0.376267710725116,-0.024305898616627,0.00546661101836394
0.351878604756159,2.18558696487323,2.02459015856127,5.75366086825385,8.84251352292067,0.00402659707141557,0.37634470403549,-0.0243042580403716,0.00548080133555926
0.351813367514479,2.18488800884704,2.02420969248674,5.75364633466758,8.84394047680126,0.00403065666425611,0.376421021995832,-0.0243025394594952,0.00549499165275459
0.351749106201606,2.18420291129909,2.02383696206107,5.75363782417431,8.84535949812267,0.00403468846311272,0.376496398206113,-0.0243009405102482,0.00550918196994992
0.351686287579821,2.18353227510105,2.02347183850528,5.75362733767667,8.84675620579767,0.00403871924331209,0.376570616345131,-0.0242996226924089,0.00552337228714524
0.351624640851091,2.18287588754046,2.02311419438019,5.75361894286857,8.84813836637715,0.00404273386430729,0.376643803258384,-0.0242984928016113,0.00553756260434057
0.351563527619133,2.18223318095537,2.02276390402514,5.75362273135598,8.84952478648701,0.00404669628092074,0.376716257472084,-0.0242973306427411,0.00555175292153589
0.351504211846878,2.18160346994641,2.0224208434458,5.75361766739456,8.85087716106443,0.0040506787376193,0.376787391655337,-0.0242965734689243,0.00556594323873122
0.351446097247183,2.18098724191458,2.02208489020938,5.75361316016318,8.85221303811814,0.004054647635218,0.376857484839752,-0.02429601581553,0.00558013355592654
0.351388164029005,2.18038448710633,2.02175592369861,5.75362556472371,8.85356268133467,0.00405854520246358,0.376927013974794,-0.0242953057678389,0.00559432387312187
0.35133176250009,2.17979391541236,2.02143382462339,5.75363243630121,8.85488520502676,0.00406244871778737,0.37699535137029,-0.0242949107653232,0.00560851419031719
0.351276922950905,2.17921535202099,2.02111847537007,5.75363294118966,8.85617935636724,0.00406636048307761,0.377062485497773,-0.0242948420997608,0.00562270450751252
0.351222437348417,2.17864968488844,2.02080976025296,5.75364653667696,8.85748105886978,0.00407021153352566,0.377128979022792,-0.0242946828470857,0.00563689482470785
0.351169001976942,2.17809657171072,2.02050756475146,5.75366149454196,8.8587690711206,0.00407404234065157,0.37719451141784,-0.024294674615923,0.00565108514190317
0.351116409363396,2.17755536329202,2.0202117761031,5.75368089394032,8.86004928722602,0.00407784141640637,0.377259181279862,-0.0242947465411204,0.0056652754590985
0.351065098290537,2.17702490591013,2.0199222831334,5.75369722871664,8.86130820576442,0.00408163423136183,0.377322785896888,-0.0242950514044553,0.00567946577629382
0.351014949852515,2.17650609380419,2.01963897608868,5.75371213373467,8.86254906873182,0.00408541446281258,0.37738538306781,-0.0242955491103121,0.00569365609348915
0.350965605731476,2.17599878594491,2.01936174710023,5.75373117514326,8.86378230811771,0.00408916207339488,0.377447142389025,-0.0242961167240412,0.00570784641068447
0.350916956462295,2.17550278929673,2.01909048939627,5.75375584511891,8.86501088793915,0.00409287113145796,0.377508116770546,-0.024296717425493,0.0057220367278798
0.35086887141262,2.17501727062199,2.01882509800792,5.75378798888598,8.86623841304367,0.00409653475204475,0.377568370629459,-0.0242973070799686,0.00573622704507512
0.350822204457361,2.17454225629656,2.01856546933666,5.75381330967605,8.86743894159432,0.00410020225449607,0.377627507496433,-0.0242981825217133,0.00575041736227045
0.350775915256947,2.17407800818433,2.01831150157661,5.75384857907983,8.86864339118953,0.00410381457200327,0.37768601608794,-0.024298984709167,0.00576460767946578
0.350730614759878,2.17362418968559,2.01806309400195,5.75388349084833,8.86983311737789,0.00410740729133095,0.37774361435009,-0.0242999264538972,0.0057787979966611
0.350686265739457,2.17318060995154,2.0178201475084,5.7539183727473,8.87100893570901,0.00411097862785504,0.377800321471211,-0.0243009961666319,0.00579298831385643
0.350642716643178,2.17274651418276,2.01758256450404,5.75395543309452,8.87217509728553,0.00411452060323602,0.377856212259557,-0.0243021426543792,0.00580717863105175
0.350600771982658,2.17232165057402,2.0173502488248,5.75398119466942,8.87330716178102,0.00411807990614606,0.377910913540464,-0.0243036461152702,0.00582136894824708
0.350557188713512,2.17190686446264,2.01712310618799,5.75404861497922,8.87450217646806,0.00412147067456632,0.377965942805817,-0.0243043837785477,0.0058355592654424
0.350515119256075,2.17150147351161,2.01690104277385,5.75410569180145,8.87566523642036,0.00412487465919124,0.378019831381044,-0.024305449649066,0.00584974958263773
0.350474909392905,2.17110534212237,2.01668396661297,5.75414648114548,8.87678567929451,0.00412831233866086,0.378072420616816,-0.0243069651878442,0.00586393989983305
0.350434788789461,2.17071854059729,2.01647178751879,5.75419978845271,8.87791636242924,0.00413168254635452,0.378124541193069,-0.0243083179881554,0.00587813021702838
0.350394378486266,2.1703399107197,2.01626441642662,5.75427158716718,8.87906838551427,0.00413496420797029,0.378176374786546,-0.024309377930497,0.0058923205342237
0.350213229438228,2.16996091207073,2.01606176511005,5.75666935353638,8.88445948923402,0.00412991303244429,0.378292733528524,-0.0242614594343214,0.00590651085141903
0.350178397991842,2.16959962282,2.01586374715307,5.75667647894155,8.88546846794697,0.00413337099800927,0.378341126938602,-0.0242640645981362,0.00592070116861436
0.350144329066684,2.1692468707849,2.01567027760948,5.75668405934859,8.88646640134369,0.00413680294266447,0.378388751275819,-0.0242667467850584,0.00593489148580968
0.350110821706631,2.1689020712161,2.01548127272739,5.7566951598435,8.88745906017229,0.00414019727324493,0.378435700593918,-0.0242694378868325,0.00594908180300501
0.350078032700474,2.16856488080392,2.01529665017511,5.75670696795588,8.88844148193921,0.00414356407415631,0.378481907537118,-0.024272193779859,0.00596327212020033
0.350045826784598,2.16823576927581,2.01511632863017,5.756721475986,8.88941747250509,0.00414689582131268,0.378527437079958,-0.024274969117249,0.00597746243739566
0.350013836727792,2.1679141436818,2.01494022826336,5.756744496448,8.89039780462534,0.00415017122689741,0.378572460761897,-0.0242776380899024,0.00599165275459098
0.349982706040695,2.1675998955223,2.0147682704352,5.75676522199621,8.89136291760907,0.00415342908296677,0.378616686764538,-0.024280425406591,0.00600584307178631
0.349952026007668,2.16729331429218,2.01460037781585,5.7567901543502,8.89232483673315,0.00415664596647038,0.378660307580922,-0.024283190895661,0.00602003338898164
0.349921604149938,2.16699430946462,2.01443647417641,5.75682224328522,8.89328909947187,0.00415981081522481,0.378703413787419,-0.0242858693145641,0.00603422370617696
0.349891460996762,2.16670271769016,2.01427648463417,5.75686093880643,8.89425485468387,0.00416292560325931,0.378746000482175,-0.0242884693196317,0.00604841402337229
0.349862641938589,2.16641805574782,2.01412033540366,5.7568888299803,8.89519049417328,0.00416605256663945,0.378787588430224,-0.0242913553671044,0.00606260434056761
0.349833614975906,2.166140758566,2.01396795396619,5.75693091730163,8.89614177180208,0.0041691019418117,0.378828888437635,-0.0242939972704983,0.00607679465776294
0.349804373391853,2.16587019944299,2.01381926903756,5.75698711114073,8.89710866568494,0.00417207408517021,0.378869908260103,-0.0242963941537228,0.00609098497495826
0.349776791721682,2.16560576002984,2.0136742103428,5.75702636081438,8.89803469127015,0.00417508006079421,0.378909784906252,-0.0242991986227136,0.00610517529215359
0.349748816512004,2.16534819698775,2.01353270879752,5.75708226514731,8.89898126492209,0.00417799929434159,0.378949470244559,-0.0243016990972466,0.00611936560934891
0.349721572344393,2.16509706086269,2.01339469652886,5.75713612126317,8.89991441896219,0.00418089909877501,0.378988450454725,-0.0243042878017878,0.00613355592654424
0.349694078727463,2.16485246064875,2.0132601068481,5.75720387995805,8.90086337356015,0.00418372204602877,0.379027181185081,-0.0243066256351353,0.00614774624373957
0.349667559886283,2.16461396077965,2.01312887382475,5.7572651992065,8.90179117446533,0.0041865410192114,0.379065100453303,-0.0243091396332427,0.00616193656093489
0.349640970601206,2.16438167176413,2.01300093308129,5.75733710388673,8.90272899330501,0.00418929508924691,0.37910269582337,-0.0243114681175545,0.00617612687813022
0.349615517659782,2.16415520752216,2.01287622077373,5.75739954063623,8.9036404038827,0.00419205583340303,0.379139411454807,-0.0243140322564006,0.00619031719532554
0.349589072237232,2.1639342362973,2.0127546748271,5.75748738925467,8.90458911443516,0.00419469917515592,0.379176240999592,-0.0243160933971783,0.00620450751252087
0.349563664870621,2.16371877435981,2.01263623353633,5.75756703512431,8.90551397769563,0.00419734474089002,0.379212244218682,-0.024318359238423,0.00621869782971619
0.349539132391168,2.16350885265378,2.01252083648446,5.7576409906295,8.90641970026019,0.00419998353398726,0.379247500162629,-0.0243207747314314,0.00623288814691152
0.349376086676458,2.16329330979078,2.01240842374174,5.76000619528761,8.91149301724758,0.00419429110997673,0.379346033485088,-0.0242748799646972,0.00624707846410684
0.349356356642476,2.1630943793482,2.01229893741539,5.7600180994409,8.91226821334655,0.00419709802684758,0.379378397548795,-0.0242786520833482,0.00626126878130217
0.349336846629241,2.16290087389999,2.0121923199455,5.76003458942621,8.91304337243807,0.00419986133211352,0.37941032741303,-0.0242823515734902,0.0062754590984975
0.3493177716514,2.16271263213748,2.01208851497948,5.76005195918698,8.91381186170413,0.00420259451647038,0.379441728015209,-0.0242860547293757,0.00628964941569282
0.349298656781481,2.16252964377092,2.0119874669979,5.76007788159514,8.91458776421287,0.00420526954613201,0.379472819849543,-0.0242895980151274,0.00630383973288815
0.349280011523842,2.16235169085535,2.01188912154438,5.76010379971901,8.91535561214449,0.00420791752784041,0.379503372511665,-0.0242931601156681,0.00631803005008347
0.349261442428203,2.16217874131307,2.01179342498436,5.76013604879365,8.91612704844208,0.00421051550969962,0.379533570296096,-0.0242966057812646,0.0063322203672788
0.349243121409789,2.16201031091558,2.01170032449606,5.76017164311048,8.91689674548279,0.00421307434017662,0.379563337549144,-0.024299996325846,0.00634641068447412
0.349224774099004,2.16184559115311,2.01160976858254,5.76021496118787,8.91767277924946,0.00421557830888558,0.379592804573506,-0.0243032378275518,0.00636060100166945
0.349206888644156,2.16168512325775,2.0115217062122,5.76025780597344,8.91844033344004,0.00421805707974358,0.37962174970559,-0.0243065016606361,0.00637479131886477
0.349189030269977,2.16152931023662,2.01143608731575,5.76030720598697,8.91921230390397,0.00422048538573549,0.379650377231302,-0.0243096380590457,0.0063889816360601
0.349171424719936,2.16137806775594,2.01135286294852,5.76035929790586,8.91998175991012,0.00422287727802361,0.379678586602938,-0.0243127271095822,0.00640317195325543
0.349153917113103,2.16123123917848,2.01127198469231,5.7604164986091,8.92075319969329,0.00422522410533994,0.379706452689342,-0.0243157163966482,0.00641736227045075
0.349136641035759,2.16108868442199,2.01119340521017,5.76047646916606,8.92152246432429,0.00422753448480287,0.379733917759354,-0.0243186539422052,0.00643155258764608
0.349119356236154,2.16095036977155,2.01111707792216,5.76054304064934,8.92229662173234,0.00422979484845624,0.379761097082922,-0.0243214575651871,0.0064457429048414
0.349102129266238,2.16081617281231,2.0110429569989,5.7606149845772,8.9230735308667,0.00423200973685531,0.379787963382828,-0.0243241519077438,0.00645993322203673
0.349085662145623,2.16068582943306,2.01097099752597,5.76068058815626,8.92383197213957,0.00423422140546062,0.379814195196874,-0.0243269830618984,0.00647412353923205
0.349067371735977,2.16055982837146,2.01090115566979,5.76078235461884,8.92464937557552,0.00423627731648977,0.379840992901752,-0.0243290523690569,0.00648831385642738
0.349051672926231,2.16043710549038,2.01083338727359,5.76084729924374,8.92539303178215,0.0042384399092811,0.37986631507846,-0.024331899805774,0.0065025041736227
0.34903523734233,2.1603182467151,2.01076765039036,5.76093023071542,8.92616275693981,0.00424051258644464,0.379891708184911,-0.0243343669324166,0.00651669449081803
0.348878442157813,2.16018942948991,2.01070390264371,5.76333662294381,8.93115386867891,0.00423406128653153,0.379981062459923,-0.0242878164420377,0.00653088480801335
0.348867256553798,2.16007755762787,2.01064210265108,5.76334426599024,8.93177340575931,0.00423635671791515,0.380003505692298,-0.0242918618323428,0.00654507512520868
0.348855861904851,2.15996928471717,2.0105822104872,5.76336083191739,8.9324027784839,0.00423859412417975,0.380025779208176,-0.0242957159832558,0.00655926544240401
0.348844740548281,2.15986424639415,2.01052418640611,5.76337823882958,8.93302737730893,0.00424080347197468,0.380047666876525,-0.0242995482347941,0.00657345575959933
0.348833903707621,2.15976263247594,2.01046799136993,5.76339618942265,8.93364674433952,0.0042429856637734,0.380069164899365,-0.024303363904217,0.00658764607679466
0.348822743665612,2.15966450309218,2.0104135872798,5.76342461547468,8.93427901334808,0.0042451044853988,0.380090554692289,-0.0243069526805309,0.00660183639398998
0.34881183941216,2.15956964486077,2.01036093632319,5.76345384294059,8.93490667855424,0.00424719555578415,0.380111574731274,-0.0243105176097596,0.00661602671118531
0.34880104606833,2.15947801512457,2.01031000182226,5.76348616061329,8.93553397868619,0.00424925061658144,0.380132294319574,-0.0243140095926772,0.00663021702838063
0.348790287181933,2.15938955269069,2.01026074753097,5.76352272814979,8.93616309820203,0.00425126556123303,0.380152751514008,-0.0243174033378347,0.00664440734557596
0.348780140731323,2.15930407986494,2.01021313768197,5.7635538923373,8.93677656797918,0.00425327576222338,0.380172684134508,-0.0243209016836514,0.00665859766277128
0.348768680307555,2.15922184444113,2.01016713764954,5.76361138814676,8.93743214140675,0.00425516550889984,0.380192978944569,-0.0243238342888523,0.00667278797996661
0.348758357993497,2.15914235957227,2.01012271303064,5.76365459625233,8.93805606605527,0.0042570835481621,0.380212515793697,-0.0243270574607184,0.00668697829716194
0.34874754281819,2.15906487101471,2.01007983003784,5.7637103728233,8.93869722491045,0.00425893180247051,0.380232044823659,-0.0243300037520826,0.00670116861435726
0.348737103697941,2.15898996651145,2.01003845578729,5.7637642638917,8.93932942002301,0.00426076316561579,0.380251170167157,-0.0243329775282851,0.00671535893155259
0.348726302214939,2.15891794730922,2.00999855791773,5.76382838102891,8.93997473311847,0.00426253398049324,0.380270235855196,-0.0243357224737936,0.00672954924874791
0.34871586116091,2.15884852342749,2.00996010443611,5.76389068666036,8.94061135671149,0.00426428808587002,0.38028891163672,-0.024338492038111,0.00674373956594324
0.34870605018486,2.15878156847127,2.00992306406066,5.76394663354747,8.94123109578253,0.00426604222321486,0.380307076547075,-0.0243413816581078,0.00675792988313856
0.348695277583438,2.15871743886906,2.00988740651313,5.76402244516258,8.94188167327509,0.00426770132794213,0.380325466633827,-0.0243438370403656,0.00677212020033389
0.348685040485595,2.15865564907835,2.00985310122141,5.7640932872325,8.94251802416034,0.0042693558982252,0.380343395945366,-0.0243463819804108,0.00678631051752921
0.348674524108728,2.15859604550812,2.00982011901828,5.76417254502814,8.94316453825345,0.00427095766331004,0.380361243581063,-0.0243487332838823,0.00680050083472454
0.348664102368711,2.15853878615206,2.00978843075526,5.76425395416794,8.94380989581351,0.00427252953719336,0.380378840046604,-0.0243510227157238,0.00681469115191987
0.348512824404891,2.1584701153979,2.00975800774235,5.76666873356566,8.94869110449882,0.00426548475859877,0.380460486291325,-0.0243040653264692,0.00682888146911519
0.348507247697118,2.1584172966942,2.00972882181042,5.76667726450568,8.94919400658123,0.0042672795433446,0.380475451832525,-0.0243078525530465,0.00684307178631052
0.348501868202972,2.15836661541624,2.00970084589722,5.76668600446854,8.94969241614721,0.00426905183435185,0.380490126092691,-0.0243116179152729,0.00685726210350584
0.348496301970579,2.15831825853187,2.00967405309247,5.76670122962202,8.95019778892419,0.00427077847028308,0.380504685809517,-0.0243152286741181,0.00687145242070117
0.348491013962474,2.15827204817251,2.0096484170906,5.76671517075903,8.95069607786234,0.00427248815603759,0.380518920822431,-0.0243188481683925,0.00688564273789649
0.34848506364068,2.15822816427643,2.00962391183466,5.76674331702998,8.95121546442829,0.00427412398280291,0.38053326301072,-0.0243221493683413,0.00689983305509182
0.348479736810112,2.15818623554268,2.00960051199646,5.76676431861373,8.9517172418189,0.00427576498927799,0.380547129206034,-0.024325582071887,0.00691402337228714
0.348474207006819,2.15814640996159,2.00957819263752,5.76679178036897,8.95222616872845,0.00427736097567618,0.380560897778991,-0.0243288589979698,0.00692821368948247
0.348468976586395,2.15810852296959,2.0095569292495,5.76681731881885,8.95272707956892,0.00427894307213944,0.380574342366812,-0.0243321566121993,0.00694240400667779
0.348463073885961,2.15807272638727,2.00953669793997,5.76685694564475,8.9532491008061,0.00428045242486343,0.380587908740617,-0.0243351367655621,0.00695659432387312
0.348457821894858,2.15803869859271,2.00951747513599,5.76688869892075,8.9537524121426,0.00428197045589991,0.380600997485662,-0.0243382624851579,0.00697078464106845
0.348452276910887,2.15800657767878,2.00949923775287,5.76692813020928,8.9542653027768,0.0042834397181326,0.380614039870958,-0.0243412053184183,0.00698497495826377
0.3484465501599,2.15797628606264,2.00948196314209,5.76697333413103,8.95478436577372,0.00428486758315213,0.380626988575158,-0.0243440051517759,0.0069991652754591
0.348440907117013,2.15794772451719,2.00946562900388,5.76701985318006,8.95530156030821,0.00428627062183284,0.380639724686572,-0.0243467557638515,0.00701335559265442
0.348435222827811,2.15792086319448,2.00945021372728,5.76706969352608,8.95582058024245,0.00428764173557963,0.380652308273978,-0.0243494145541315,0.00702754590984975
0.348429083931271,2.15789570427573,2.00943569580682,5.76712963549044,8.9563537858903,0.00428895625858771,0.380664931133325,-0.0243518381003112,0.00704173622704507
0.348424635773292,2.15787194713782,2.00942205419445,5.7671641092047,8.95683664876881,0.00429034466460795,0.380676612234836,-0.0243547771738852,0.0070559265442404
0.348418466185843,2.15784918850952,2.00940926867192,5.76722953484365,8.95737165079969,0.0042916006549091,0.380688919029091,-0.0243570403023178,0.00707011686143572
0.348413147656246,2.15782772372275,2.00939731873275,5.76728327346382,8.95788142806803,0.00429288042256546,0.380700673663959,-0.0243595275823597,0.00708430717863105
0.348407895046301,2.15780775846518,2.00938618477498,5.76733826455898,8.95838952046785,0.00429413681004292,0.38071223863038,-0.0243619656040941,0.00709849749582638
0.348401735137713,2.15778949450822,2.00937584752693,5.7674105633621,8.95892512359728,0.00429531167164437,0.380724065045689,-0.0243640150659064,0.0071126878130217
0.348396254017484,2.15777248042409,2.00936628779367,5.76747385950032,8.95944051685185,0.00429650105066491,0.380735425194048,-0.0243662314959457,0.00712687813021703
0.34839086673048,2.15775683191889,2.00935748695777,5.76753778253388,8.95995322868809,0.00429766999880298,0.380746590226397,-0.0243684113510287,0.00714106844741235
0.348384930907857,2.1577426427634,2.00934942687016,5.76761291492714,8.9604825169718,0.00429878044389885,0.380757859696093,-0.0243703309139821,0.00715525876460768
0.348239357799099,2.1577144167038,2.00934208923535,5.77000285646789,8.96521140281477,0.00429129994619769,0.380832500470332,-0.0243233784691124,0.007169449081803
0.348237973028282,2.15770239162231,2.00933545642842,5.77000675416071,8.96560392500643,0.00429263770808678,0.380841396431398,-0.0243267491591078,0.00718363939899833
0.348236228184939,2.15769180842489,2.00932951144333,5.77001859317242,8.96600721284982,0.00429392821535652,0.380850310076918,-0.024329928894438,0.00719782971619366
0.348234564194134,2.15768249639536,2.00932423739743,5.77003101931395,8.96640796697382,0.00429519909911114,0.38085904396724,-0.0243330725844392,0.00721202003338898
0.348233059765677,2.15767440025874,2.0093196177928,5.77004268102762,8.96680377765605,0.0042964556594859,0.380867565010285,-0.0243362086234554,0.0072262103505843
0.348231352250811,2.15766758931536,2.00931563622865,5.77005954013426,8.96720550146157,0.00429767576087869,0.380876038999157,-0.0243392111861134,0.00724040066777963
0.34822958842169,2.15766198645648,2.00931227696986,5.77007911957405,8.9676086854154,0.00429886877230972,0.380884401215149,-0.0243421324184522,0.00725459098497496
0.348227986441014,2.15765750144337,2.00930952425704,5.77009775920865,8.96800672964599,0.00430004864007424,0.380892555599227,-0.0243450494306304,0.00726878130217028
0.348226027868387,2.15765423469344,2.00930736296659,5.77012400614123,8.96841517962296,0.0043011835825776,0.38090073832998,-0.0243477818496858,0.00728297161936561
0.348224208071245,2.15765202707541,2.00930577791893,5.77014960863329,8.96881910431597,0.00430230452443687,0.380908726982952,-0.0243505036755501,0.00729716193656093
0.348222407550804,2.15765087863029,2.00930475457596,5.77017650503382,8.96922205884018,0.00430340433897016,0.380916577155996,-0.0243531739731172,0.00731135225375626
0.348220257944404,2.15765084037823,2.00930427847438,5.7702107577991,8.96963507933728,0.00430446092756148,0.380924459436519,-0.0243556647457343,0.00732554257095159
0.348218722069372,2.15765167125009,2.00930433553755,5.77023637211918,8.97002918634908,0.00430553345571079,0.380931936121423,-0.0243583135160115,0.00733973288814691
0.348216907149327,2.15765353786091,2.00930491200097,5.77026810228751,8.97043118327651,0.00430656766924096,0.380939416606916,-0.0243608088816944,0.00735392320534224
0.348214673665633,2.15765642891079,2.00930599416621,5.77030822111652,8.97084523009174,0.00430755528326238,0.380946965976193,-0.024363102785229,0.00736811352253756
0.34821229649724,2.15766023629587,2.00930756890659,5.7703521360927,8.97126303128497,0.00430851354718448,0.380954461350422,-0.0243652921445269,0.00738230383973289
0.348210525575781,2.15766472995173,2.00930962309074,5.7703873820823,8.971662008179,0.00430948859544023,0.38096156215782,-0.0243676401269173,0.00739649415692821
0.348208724782092,2.15767009174633,2.00931214409246,5.77042446409086,8.97206125383832,0.00431044186958023,0.380968560639801,-0.0243699249638996,0.00741068447412354
0.348206224492457,2.15767637529874,2.00931511938541,5.77047444316704,8.97248086992264,0.00431133273873393,0.380975764148202,-0.0243719130586653,0.00742487479131886
0.348204710388564,2.15768333932335,2.00931853666049,5.77050934899265,8.97287014638746,0.00431226438733737,0.380982404209659,-0.0243741950951105,0.00743906510851419
0.348202846533784,2.15769112902689,2.00932238406264,5.77055128659809,8.97326922030177,0.00431315580585642,0.38098909431131,-0.024376304274285,0.00745325542570952
0.348200570019632,2.15769971378766,2.00932664974425,5.77060126475659,8.97367995497174,0.00431400324779716,0.380995863723846,-0.0243782192770984,0.00746744574290484
0.348198254886667,2.15770902560109,2.00933132233012,5.7706530521933,8.97409107828476,0.00431482985556255,0.381002543370019,-0.0243800717405876,0.00748163606010017
0.348196526433459,2.15771888071202,2.00933639039687,5.77069625299911,8.97448376154493,0.00431567414485564,0.381008849619422,-0.0243820813121857,0.00749582637729549
0.348194137535947,2.15772900798777,2.00934184316968,5.77075150486196,8.97489547891941,0.00431646050997923,0.381015355208856,-0.0243838120608217,0.00751001669449082
0.348192005526162,2.15773974977235,2.00934766957907,5.77080357299614,8.97529862187101,0.00431724485622029,0.381021640567124,-0.0243855858598681,0.00752420701168614
0.348190797318962,2.1577509420097,2.0093538589098,5.77084137312544,8.97567311078147,0.00431806781724985,0.381027400628345,-0.024387636983492,0.00753839732888147
0.348188191281333,2.15776309197769,2.0093604014406,5.77090335558525,8.97608873723915,0.00431878926648605,0.381033705115878,-0.0243891530641267,0.00755258764607679
0.348185640953081,2.15777583316228,2.00936728648419,5.7709653993312,8.9765017686096,0.0043194974727596,0.381039887414296,-0.0243906437799842,0.00756677796327212
0.348043838773404,2.15777373030994,2.00937450380656,5.77333737867078,8.98110389921957,0.00431160144215222,0.38110915753783,-0.024343353246075,0.00758096828046744
0.348044860423055,2.1577873329507,2.00938204394607,5.77334209591152,8.98140760656752,0.00431249607530304,0.381113519817711,-0.0243460023919435,0.00759515859766277
0.348045876922531,2.15780155340948,2.00938989755135,5.77334779920006,8.98171048272763,0.00431337410539679,0.381117789982459,-0.0243486071313135,0.0076093489148581
0.348046697720371,2.15781642795652,2.00939805506954,5.77335762192447,8.98201823707123,0.00431422403285267,0.381122056050864,-0.0243511014337483,0.00762353923205342
0.348047655336064,2.15783183892512,2.00940650751567,5.77336602246453,8.98232085079736,0.00431506677966795,0.381126169374563,-0.0243536022406738,0.00763772954924875
0.348048492807341,2.1578478427697,2.00941524590027,5.77337723744307,8.98262603288356,0.00431588658552052,0.381130247179051,-0.0243560202724743,0.00765191986644407
0.348049554209383,2.15786432408767,2.009424261415,5.77338553407873,8.98292341692375,0.00431670496697166,0.38113413491079,-0.0243584765258062,0.0076661101836394
0.348050416572161,2.15788138415081,2.00943354548642,5.77339790389189,8.98322570605909,0.00431749600510416,0.381138025636265,-0.0243608235985011,0.00768030050083472
0.348050826142932,2.15789906884598,2.0094430898507,5.77341853234245,8.98354051573059,0.00431824432349083,0.381142036149401,-0.0243629732559798,0.00769449081803005
0.348051452735604,2.15791718014115,2.00945288607119,5.77343628442677,8.98384768376478,0.00431899152294996,0.381145863964607,-0.0243651604893954,0.00770868113522537
0.348052197699353,2.15793573039144,2.00946292634227,5.77345277410959,8.98415016248546,0.00431973160865259,0.381149554407904,-0.024367351367381,0.0077228714524207
0.348052918350393,2.15795474067715,2.0094732025648,5.77347034493708,8.9844522265597,0.0043204560801722,0.381153174005214,-0.0243694965179251,0.00773706176961603
0.348053599091037,2.15797419891792,2.00948370727647,5.77348923419944,8.9847543317004,0.00432116420969282,0.381156731193719,-0.0243715910460503,0.00775125208681135
0.348054068434395,2.15799412717603,2.00949443271652,5.77351226421678,8.98506162042352,0.00432184564600135,0.381160305122969,-0.0243735754472764,0.00776544240400668
0.348054608838554,2.15801444391791,2.00950537161715,5.77353472871053,8.98536558420433,0.00432251795259375,0.381163768391293,-0.0243755491720468,0.007779632721202
0.348055303359005,2.15803511824014,2.00951651675599,5.77355522919083,8.98566371173838,0.00432318652466078,0.381167084887239,-0.0243775418549274,0.00779382303839733
0.348055732537759,2.15805622506802,2.00952786099034,5.77358070312013,8.98596860629264,0.00432382574991713,0.38117044649973,-0.0243794071239882,0.00780801335559265
0.34805638854446,2.15807764742547,2.0095393975748,5.77360296697472,8.98626545306955,0.0043244661942961,0.381173631062989,-0.0243813178888505,0.00782220367278798
0.348056796328228,2.15809946657361,2.00955111958729,5.77362988106177,8.98656852818529,0.00432507865368569,0.381176854734565,-0.024383108272079,0.00783639398998331
0.348057030753402,2.15812164995091,2.00956302052708,5.773660184876,8.98687556935326,0.00432566805767587,0.381180085336404,-0.0243848050032163,0.00785058430717863
0.348057354612534,2.15814413431912,2.00957509384508,5.77368950034742,8.98717866107585,0.00432625079317205,0.381183204644205,-0.0243865006352585,0.00786477462437396
0.348058400792157,2.1581668037767,2.00958733317121,5.77370731060513,8.98745875597386,0.00432686588886744,0.381185925451247,-0.0243884174087218,0.00787896494156928
0.34805841070568,2.15818994141393,2.00959973247066,5.77374277034779,8.98776874186698,0.00432740555427644,0.381189049650168,-0.0243899397063068,0.00789315525876461
0.348059386982716,2.15821320901618,2.00961228550298,5.77376264126666,8.98804837009462,0.00432799286121909,0.381191665970221,-0.0243917696593665,0.00790734557595993
0.348059242719573,2.15823691453115,2.00962498658892,5.7738015255295,8.98836040719961,0.00432850005856074,0.381194726880138,-0.0243931765129877,0.00792153589315526
0.34805958424303,2.15826080265454,2.00963782984238,5.77383275973567,8.98865652534638,0.00432902582065087,0.381197501242237,-0.0243947236040585,0.00793572621035058
0.348059784010852,2.15828495865911,2.00965080947293,5.77386673724499,8.98895559249893,0.00432953192239454,0.381200276560367,-0.0243961914901162,0.00794991652754591
0.348060859174814,2.1583092511334,2.00966391996696,5.77388656895088,8.98922700310821,0.00433008062201314,0.381202588633891,-0.0243979371342032,0.00796410684474123
0.348060433450745,2.15833392495544,2.00967715624441,5.77393165985587,8.98954223470091,0.00433052696459951,0.381205524784404,-0.0243991281277813,0.00797829716193656
0.348060782795791,2.15835872700648,2.00969051263218,5.7739642383419,8.98983281290737,0.00433101016684913,0.381208045817908,-0.0244005626192864,0.00799248747913189
0.348060860679494,2.15838375159247,2.0097039841103,5.77400165070816,8.99013021381191,0.00433146647902782,0.381210631101238,-0.0244018742414318,0.00800667779632721
0.348061874466032,2.15840889483765,2.00971756570128,5.77402385361632,8.99039810976578,0.00433196971251723,0.381212729180261,-0.0244034866825633,0.00802086811352254
0.348061164878677,2.15843433966753,2.00973125213437,5.77407494695622,8.99071649417646,0.00433235802519321,0.38121555887367,-0.0244044681012393,0.00803505843071786
0.348061743989735,2.15845986706911,2.00974503893811,5.77410495017626,8.9909947481508,0.00433281498228188,0.381217741144359,-0.0244058748927116,0.00804924874791319
0.348061831560724,2.15848558337154,2.00975892126545,5.77414338209281,8.99128642279122,0.00433323246320557,0.38122009320151,-0.0244070833472557,0.00806343906510851
0.348062245193798,2.15851130783793,2.00977289458222,5.77417666619715,8.9915669159591,0.00433366022887066,0.381222240353126,-0.0244083805411216,0.00807762938230384
0.348062160574183,2.15853697754576,2.00978695435062,5.7742184644121,8.99186102298534,0.00433404849912397,0.381224562607254,-0.024409477841773,0.00809181969949916
0.348063389511363,2.15856250573605,2.00980109583699,5.77423870593944,8.99211422687944,0.0043345072470095,0.381226227999113,-0.0244110109811935,0.00810601001669449
0.348062718215721,2.15858857880606,2.00981531556025,5.77429069641011,8.99242322010275,0.00433484186253939,0.38122871490985,-0.0244118533775066,0.00812020033388982
0.347921952557925,2.15859921366908,2.00982960838441,5.77666799581954,8.9969484184578,0.00432649440992344,0.3812945785429,-0.0243635816101304,0.00813439065108514
0.347924231150831,2.15862519099692,2.00984397048253,5.77667144318912,8.99716587645347,0.00432699283525666,0.381295618181769,-0.02436540759771,0.00814858096828047
0.347926505336646,2.15865130689424,2.00985839798372,5.77667515166463,8.99738207005498,0.00432748230265631,0.381296609539671,-0.024367208946051,0.00816277128547579
0.347928764717305,2.15867755667741,2.0098728870293,5.77667928279037,8.9975973095852,0.00432796237118976,0.381297558504034,-0.0243689823821417,0.00817696160267112
0.347931015987515,2.15870393029846,2.00988743368565,5.77668371410088,8.99781139029204,0.00432843357099495,0.381298462708247,-0.0243707306149505,0.00819115191986644
0.347933196644808,2.15873043886241,2.00990203423957,5.77668947263864,8.99802619054197,0.00432889213011181,0.38129935104345,-0.02437243211417,0.00820534223706177
0.347935353542583,2.15875706048985,2.00991668508558,5.77669577012268,8.99824029849711,0.00432934108744711,0.381300203069744,-0.0243741036481222,0.00821953255425709
0.347937479247371,2.15878379006515,2.00993138266048,5.77670271971905,8.9984539360662,0.00432978016605689,0.381301023215071,-0.0243757429544316,0.00823372287145242
0.347939593432704,2.15881061443808,2.00994612352281,5.77670998489442,8.99866650959458,0.0043302106980259,0.381301803222252,-0.0243773572756001,0.00824791318864774
0.347941529688783,2.1588375735258,2.00996090419542,5.77672031847776,8.99888302461931,0.00433062241484679,0.381302618688006,-0.0243788886553757,0.00826210350584307
0.347943072060284,2.15886471753773,2.00997572145083,5.77673729656151,8.99910997881616,0.00433100197029424,0.381303567581063,-0.0243802617531071,0.0082762938230384
0.347946108187609,2.1588915233187,2.00999057209668,5.77672957046818,8.9992905703359,0.00433146712922979,0.381303799877982,-0.0243821382626222,0.00829048414023372
0.347947787735505,2.15891876518435,2.0100054529459,5.77674445360699,8.99951056764766,0.00433184065590209,0.38130460251962,-0.0243835198599367,0.00830467445742905
0.347949374818331,2.15894608665213,2.01002036086697,5.77676094953879,8.99973193162374,0.00433220088222185,0.381305403155675,-0.0243848497461039,0.00831886477462437
0.347951855436935,2.15897322637985,2.01003529293644,5.77676268003335,8.99992499210344,0.0043326100898,0.38130576231815,-0.0243864737654686,0.0083330550918197
0.347953660568772,2.15900058842021,2.01005024624021,5.77677568603401,9.00013696308021,0.00433297014006702,0.381306384971762,-0.0243878424152579,0.00834724540901502
0.347955514362223,2.15902797742132,2.01006521781623,5.77678793652842,9.00034605344435,0.00433332631310863,0.381306945673247,-0.0243892097574183,0.00836143572621035
0.347957198857177,2.15905544255179,2.01008020505906,5.77680304261825,9.00055882314349,0.00433366535920109,0.381307544557875,-0.0243904997135581,0.00837562604340568
0.347959222722912,2.15908285361206,2.01009520522892,5.77681255147993,9.00075996568356,0.00433401880979895,0.381307951473301,-0.024391890858977,0.008389816360601
0.347961417903772,2.15911024926998,2.0101102154942,5.77681924508681,9.00095453776181,0.00433437629018246,0.381308242721071,-0.0243933245978482,0.00840400667779633
0.347962749415926,2.15913786688175,2.01012523355308,5.77684029950672,9.00117368671656,0.00433467408003393,0.381308889055152,-0.0243944384443642,0.00841819699499165
0.347964706428399,2.15916535165709,2.01014025673357,5.77685098401552,9.00137260006728,0.0043350042384712,0.381309215309431,-0.0243957546652743,0.00843238731218698
0.347966527816037,2.15919287627266,2.01015528260416,5.77686392774792,9.00157418331926,0.00433531980094014,0.38130956706813,-0.0243970067432167,0.0084465776293823
0.347968527612337,2.15922036631268,2.0101703087983,5.77687391038358,9.0017689875957,0.00433564038097792,0.381309803131339,-0.0243983050551997,0.00846076794657763
0.347970231155306,2.15924792058909,2.01018533309118,5.77688880573807,9.00197129898467,0.00433593675227668,0.38131013934174,-0.0243994834704936,0.00847495826377295
0.347971752352962,2.15927550693055,2.01020035313005,5.77690671595383,9.00217769098179,0.00433621592678455,0.381310523877324,-0.0244005821785864,0.00848914858096828
0.347973771348697,2.15930298035675,2.01021536675617,5.77691634333491,9.00236769753574,0.00433652013547401,0.381310649533317,-0.0244018399230972,0.00850333889816361
0.34797521619773,2.15933055616007,2.01023037176336,5.77693547755736,9.00257357921047,0.00433678339656885,0.381311003815718,-0.024402881112292,0.00851752921535893
0.347977099547313,2.15935802614927,2.01024536613674,5.77694730127898,9.00276486409232,0.00433706803553818,0.381311126162239,-0.024404061075497,0.00853171953255426
0.34797877285104,2.15938551509173,2.01026034776791,5.77696257532479,9.00296107126399,0.00433733440989322,0.381311313115664,-0.0244051526596461,0.00854590984974958
0.347980086913012,2.15941304391811,2.01027531476922,5.77698377111949,9.00316669377753,0.00433757312233511,0.381311631261846,-0.0244061037916646,0.00856010016694491
0.347981972177796,2.15944043700791,2.01029026518833,5.77699543630728,9.00335373254378,0.00433784202121645,0.381311660867874,-0.0244072410064402,0.00857429048414023
0.347983729130934,2.15946782054479,2.01030519718913,5.77700917858927,9.00354324199463,0.00433809778298314,0.381311718464791,-0.0244083192515407,0.00858848080133556
0.347984970547294,2.15949525545195,2.01032010894564,5.77703142116714,9.00374687886652,0.0043383167116355,0.381311980899654,-0.0244092029416173,0.00860267111853088
0.347986822625843,2.15952254476867,2.01033499857828,5.77704346218824,9.00393075186925,0.00433856826604519,0.381311936943487,-0.0244102873049963,0.00861686143572621
0.347988979906835,2.15954974252837,2.01034986446189,5.77705036808957,9.00410405733921,0.00433882802940625,0.381311692918652,-0.0244114654552139,0.00863105175292153
0.347990110220853,2.15957705879045,2.01036470496798,5.7770742498748,9.0043068915073,0.00433903137693943,0.381311955231599,-0.0244122703589266,0.00864524207011686
0.347991572246918,2.15960426965484,2.01037951849357,5.7770925471353,9.00449836730946,0.00433924464722875,0.381312005884569,-0.0244131787966965,0.00865943238731219
0.347993125469488,2.1596314117018,2.01039430331421,5.77710924778164,9.00468572571928,0.00433945887154192,0.381311988079424,-0.0244141066327604,0.00867362270450751
0.347994553207207,2.15965851459163,2.01040905801404,5.7771279449221,9.00487549215903,0.004339660890759,0.381312001344433,-0.0244149780827288,0.00868781302170284
0.347995988915266,2.15968555503432,2.01042378098814,5.77714641842514,9.00506365311612,0.00433985902298317,0.381311985615178,-0.0244158401722978,0.00870200333889816
0.347997726577776,2.15971249217367,2.01043847093843,5.77715978408585,9.00524136473823,0.00434007136888465,0.381311807303603,-0.0244167962611111,0.00871619365609349
0.347999159749278,2.15973940375803,2.01045312642044,5.7771781054555,9.00542688312103,0.00434026065798371,0.381311742383345,-0.0244176338004484,0.00873038397328882
0.348000490463137,2.15976625868982,2.01046774598958,5.77719802438768,9.00561413108555,0.00434043955553767,0.381311700352084,-0.024418423873389,0.00874457429048414
0.348001980714218,2.15979302154081,2.01048232843979,5.77721518801013,9.00579522766811,0.00434062403099405,0.381311561227328,-0.0244192586026873,0.00875876460767946
0.34800394992685,2.15981965576654,2.01049687236644,5.77722428952041,9.00596056185571,0.00434083387661684,0.381311180616049,-0.0244202502737012,0.00877295492487479
0.348004928840012,2.15984632721124,2.01051137672139,5.77724971718916,9.00615436155101,0.00434097907906475,0.381311228667852,-0.0244208835680125,0.00878714524207012
0.348006074036179,2.15987289814099,2.01052584015803,5.77727226665881,9.00634181889159,0.00434113063396672,0.381311178642268,-0.0244215644789384,0.00880133555926544
0.348007485423829,2.15989935871556,2.01054026146873,5.77729027586906,9.0065199305131,0.00434129464045543,0.3813109848537,-0.0244223282637531,0.00881552587646077
0.34800915889349,2.15992571094394,2.01055463960683,5.77730381004764,9.00668882490424,0.00434147091756658,0.381310649598506,-0.0244231736750123,0.00882971619365609
0.348010613575834,2.15995200040679,2.01056897347668,5.77732084897624,9.00686298024253,0.00434163016343558,0.381310393103129,-0.0244239321672979,0.00884390651085142
0.348011759788373,2.15997822979412,2.010583261984,5.77734287831723,9.00704510057209,0.00434176697443581,0.38131025678137,-0.0244245724422815,0.00885809682804674
0.348013989642149,2.1600042786161,2.0105975039623,5.77734678433396,9.00719328663958,0.00434196644102407,0.381309604661151,-0.0244255832200089,0.00887228714524207
0.348014148258857,2.16003040558664,2.01061169902795,5.77738493991465,9.00740250983898,0.00434203596370268,0.381309879363051,-0.0244258575151577,0.0088864774624374
0.348016101270084,2.16005629781048,2.01062584533108,5.77739316656127,9.00755641213098,0.00434221168425651,0.381309314164098,-0.0244267521027049,0.00890066777963272
0.348017506699394,2.16008213805368,2.01063994250992,5.77741034230971,9.00772549655972,0.00434235063188267,0.381308979967622,-0.0244274452607592,0.00891485809682805
0.348018491883402,2.1601079095199,2.01065398963748,5.77743435056066,9.00790593506736,0.00434246066025803,0.381308818994085,-0.0244279818426896,0.00892904841402337
0.3480196113787,2.16013357224446,2.01066798575954,5.77745598242053,9.00808103920453,0.00434257572026688,0.381308578241914,-0.0244285566425512,0.0089432387312187
0.348021214151415,2.16015910716927,2.01068192991176,5.77746944195466,9.00824030863559,0.00434271710667992,0.381308098119572,-0.0244292923007301,0.00895742904841402
0.348022037580425,2.16018458302992,2.01069582160575,5.77749568844787,9.00842175747227,0.00434280791755659,0.38130795692414,-0.024429745830071,0.00897161936560935
0.348023969883539,2.16020990141036,2.01070965960139,5.77750337217934,9.00856854857815,0.00434296325071761,0.381307290387173,-0.0244305801299619,0.00898580968280467
0.348024560887382,2.16023517749775,2.01072344372789,5.77753316777705,9.00875444654875,0.00434303398984085,0.381307221334205,-0.024430935365242,0.009
