C,Mb,M,R,Rp,kl,hl,jl,rhoc
0.0213076275529295,0.165020560139967,0.163790504260742,7.686942333391,7.82672705870378,0.0650267468006989,1.07369327954434,-0.0013014985088589,0.000464774624373957
0.0227591948111042,0.174504940526645,0.173064174015069,7.60414309255929,7.74842567140766,0.0702951213726718,1.08103709134437,-0.00147790884052374,0.000472621035058431
0.0242644246534579,0.184499003158549,0.182821115424617,7.53453329455159,7.68356473715646,0.0756709892846079,1.08855908994128,-0.00167101172780577,0.000480467445742905
0.0258225125537211,0.19500388471427,0.193060443068868,7.47643912137619,7.6304647086309,0.0811194444203072,1.09619630084243,-0.00188144406167513,0.000488313856427379
0.0274319295352135,0.206021812613997,0.203781553501057,7.42862631079119,7.58789243262835,0.086594655179518,1.10386359848976,-0.00210889208732256,0.000496160267111853
0.0290909371791409,0.217554132575173,0.214984000488272,7.39006788143017,7.55482455994163,0.09204762959279,1.11146833291408,-0.00235356569045038,0.000504006677796327
0.0307996660884526,0.229602964518172,0.226667383288512,7.3594104117088,7.52989757875455,0.0974605465457674,1.11897837028836,-0.00261618067073539,0.000511853088480801
0.0325558587629821,0.242170618371847,0.238831248112417,7.33604509870838,7.51251181030637,0.102780473992188,1.12629152797319,-0.00289579805016016,0.000519699499165275
0.0343592416855441,0.255259095791824,0.251475002097943,7.31899162383859,7.50168115421036,0.10798798319176,1.13337110620003,-0.00319272539190804,0.00052754590984975
0.0362085824182096,0.268870118222985,0.264597838127851,7.30760003448196,7.49675767970791,0.113051428158389,1.14015549719196,-0.0035066441809583,0.000535392320534224
0.0381030645247217,0.2830054955258,0.278198670021183,7.30121509887174,7.49708519089784,0.117948513817173,1.14660111137656,-0.00383753048259328,0.000543238731218698
0.0400422315788994,0.297666160269564,0.292276076613954,7.29919550158067,7.5020187976139,0.122665602659808,1.15268140230613,-0.00418532008542958,0.000551085141903172
0.0420229553513637,0.312853981546461,0.306828253836489,7.30144396725614,7.51147851965463,0.127151623037852,1.15829300280188,-0.00454822727487039,0.000558931552587646
0.0440461266561629,0.328569193962531,0.321852974350313,7.30717996755523,7.52466989584021,0.131419625961547,1.16346229792371,-0.00492702831219919,0.00056677796327212
0.0461119091235752,0.344812177828311,0.337347553248332,7.31584442414378,7.54102531998084,0.135473508005545,1.16819740383103,-0.00532204401177426,0.000574624373956594
0.048216494847042,0.361582922997097,0.353308819508144,7.32755088541694,7.56068102718368,0.139262045567957,1.17239229449405,-0.005730784290603,0.000582470784641068
0.0503615487271358,0.378880853827361,0.369733093323696,7.34157512365135,7.58289214549487,0.142816105232495,1.17610989522842,-0.00615465232773373,0.000590317195325543
0.0525446377464064,0.39670467397603,0.386616167293467,7.3578615035729,7.60761460366862,0.146109918311086,1.17929568085171,-0.00659206383526456,0.000598163606010017
0.0547640746161163,0.415052695817205,0.403953292641244,7.3762461152291,7.63469001422455,0.149131143924328,1.1819221194979,-0.00704221664165706,0.000606010016694491
0.0570205648138088,0.433923150525748,0.421739168863797,7.39626431693401,7.66363984701994,0.151902847855327,1.18403607091844,-0.00750533140061681,0.000613856427378965
0.0593126142020054,0.453313894476333,0.439967937552837,7.41778023902985,7.69433159770053,0.154418905691575,1.1856229717635,-0.00798053624122688,0.000621702838063439
0.0616377180083283,0.473220414329978,0.458633179497112,7.44078778898244,7.72677060060935,0.156662149965531,1.18664404799522,-0.00846650951954009,0.000629549248747913
0.0639973409985635,0.493639642071148,0.477727914467816,7.46480880320542,7.76045734592137,0.158668409890625,1.18717362240348,-0.00896427539942412,0.000637395659432387
0.0663851944186298,0.514566396546436,0.497244604359173,7.49029371253343,7.79588464286737,0.160378068759072,1.18708081789139,-0.00946944913723659,0.000645242070116861
0.0688107106589972,0.535996728215088,0.517175159230658,7.51591073944295,7.83163194674794,0.161923623495899,1.18664960817512,-0.00998912720158002,0.000653088480801336
0.0712557512856566,0.55792457833153,0.537510945115872,7.54340436270259,7.86958540485422,0.163110678116378,1.18545487061963,-0.0105099806716209,0.00066093489148581
0.0737384337234578,0.580343972120921,0.558242795384306,7.5705811365331,7.90738797531309,0.164169521380825,1.18399591605633,-0.0110457984333484,0.000668781302170284
0.0762493362390083,0.603248258928856,0.579361023178183,7.59824349633864,7.94590988073257,0.165009805754076,1.1820736976489,-0.0115898728748095,0.000676627712854758
0.0787786893547088,0.626629700914835,0.600855436416377,7.62713166895892,7.98596406966029,0.165548571503051,1.17950086493243,-0.0121348564848489,0.000684474123539232
0.0813427312104496,0.65048080851894,0.622715354942543,7.65545176165103,8.02560409310549,0.165978711390228,1.17670261010122,-0.0126936529801321,0.000692320534223706
0.0839241162589459,0.67479291861287,0.64492962866965,7.68467584072896,8.06644025284233,0.166140591433247,1.17332046035155,-0.0132529329795619,0.00070016694490818
0.0865273269539915,0.699557146880688,0.667486658494884,7.71417171883515,8.10778891960539,0.166103305385857,1.1695049386059,-0.0138165719889297,0.000708013355592654
0.0891515380477796,0.724764074023991,0.690374417486801,7.74383070224547,8.14953560488794,0.165880189850837,1.16528290762199,-0.0143842294315024,0.000715859766277129
0.0917956531305397,0.750403428742359,0.713580474086948,7.77357586935176,8.19159965747463,0.165481794146246,1.16067520640862,-0.0149553818209138,0.000723706176961603
0.094458187641867,0.776465096399356,0.737092016524364,7.80336818782728,8.2339415584737,0.164915194868669,1.15569490508083,-0.0155292089977772,0.000731552587646077
0.0971549640369245,0.802939005572411,0.760895877896802,7.83177561166733,8.27496937219511,0.164333940766688,1.15069448116445,-0.0161192977125087,0.000739398998330551
0.0998537948558449,0.829811797389462,0.784978562557853,7.86127922019486,8.31744419408631,0.163480559327164,1.1450766488136,-0.0166994049847628,0.000747245409015025
0.102565625393023,0.857072123404352,0.809326273290124,7.89081400507093,8.36018692889467,0.162471982608096,1.13910734689554,-0.017279009508006,0.000755091819699499
0.105289933455599,0.88470805508637,0.833924938748198,7.92027225565555,8.40307999989092,0.161324204437438,1.13282064163218,-0.0178581158990882,0.000762938230383973
0.108043514601999,0.912707359429048,0.858760241830078,7.94828125495086,8.44457540748038,0.160180427854138,1.12655317728156,-0.0184515834004213,0.000770784641068448
0.110791152043822,0.941055267506303,0.883817648255087,7.97733060764186,8.48748123643843,0.158793613619303,1.11971762009581,-0.0190298384126161,0.000778631051752922
0.113563068296628,0.969740284239466,0.909082435766818,8.00508870887745,8.52916111154036,0.15740229684691,1.11287882177137,-0.0196193882253933,0.000786477462437396
0.116326353801878,0.998745892200229,0.934539722645428,8.03377473893059,8.57213624959095,0.155792745582044,1.10552180718418,-0.0201922671027682,0.00079432387312187
0.119114001031191,1.02806164172365,0.960174497536265,8.06097091209987,8.61365133218637,0.154205919577207,1.0982250138187,-0.0207777100058835,0.000802170283806344
0.12190519347229,1.0576700600468,0.985971647997653,8.08802004175292,8.65523544189465,0.152515813568633,1.09068261759178,-0.0213582076123038,0.000810016694490818
0.123746792448378,1.07750147519607,1.00319814870136,8.10686183336718,8.68401127066801,0.151247653915087,1.085316242581,-0.0217278413619467,0.000817863105175292
0.125380026778365,1.09486444997116,1.01824438831961,8.12126472200844,8.7068862377567,0.150278382561425,1.08097465129781,-0.0220723616030671,0.000825709515859766
0.126960588064393,1.11200786738996,1.03307006484227,8.13693509609702,8.73125037239745,0.149132973777386,1.07622966458659,-0.0223857224641214,0.00083355592654424
0.128537795102968,1.12894016272565,1.0476802303783,8.15075620006575,8.75350577926356,0.148098609454034,1.07178842280524,-0.0227105799864126,0.000841402337228715
0.130087264601829,1.14566208575109,1.06207983279779,8.16436440606696,8.77554802594296,0.147025671102846,1.06727864652467,-0.0230247024303314,0.000849248747913189
0.131610973646098,1.16217938438549,1.07627363525783,8.17768918078167,8.79729852584213,0.145922555030895,1.06271864498458,-0.0233291635081479,0.000857095158597663
0.133109959058569,1.17849602629649,1.09026619747793,8.19071844953549,8.81874530702378,0.144792541491671,1.05811435276707,-0.0236242836328384,0.000864941569282137
0.134582749108342,1.19461468144483,1.10406187652764,8.20359135061841,8.84005247252238,0.143625775380067,1.05343886282501,-0.0239082206161712,0.000872787979966611
0.136058823312216,1.21054262037659,1.11766483462481,8.21457078208074,8.8591856732322,0.142575557507309,1.04907765447215,-0.0242067113520654,0.000880634390651085
0.137485557399342,1.22627824397304,1.13107905015374,8.22689358467229,8.87993580877485,0.141362448996437,1.04432350400668,-0.0244724684180266,0.000888480801335559
0.138917884930916,1.24183008607179,1.14430832886027,8.23730025424256,8.89847860449321,0.140270056059929,1.03989314048881,-0.0247540067108711,0.000896327212020033
0.140327022443663,1.2571972698099,1.15735631544406,8.24756554575015,8.91689530475717,0.139147230928238,1.03540259363945,-0.025025315964491,0.000904173622704507
0.141715277274808,1.27238588879503,1.1702265041782,8.25758892535595,8.93506786418758,0.138004983473648,1.03087838692965,-0.0252880860478848,0.000912020033388982
0.143083130917212,1.28739543940482,1.18292224919094,8.26737744420328,8.95300444704858,0.136845019696902,1.02632357027503,-0.025542414487577,0.000919866444073456
0.144429890573174,1.30223124105844,1.19544677379868,8.27700394325938,8.97079112296145,0.135663586610578,1.02172725166087,-0.0257873800844749,0.00092771285475793
0.145784052241173,1.31689810991343,1.20780317930614,8.28487863204709,8.98653902194556,0.134591933697793,1.01742731217619,-0.0260481769176249,0.000935559265442404
0.14709531132966,1.33139344201885,1.21999445269301,8.29390441928394,9.00369300873915,0.133395333640719,1.01281724163874,-0.0262795386374757,0.000943405676126878
0.14841220621823,1.34572401373995,1.23202347462971,8.30136217244901,9.01901880098774,0.132295287047748,1.00846920295785,-0.026524660727732,0.000951252086811352
0.14968330329929,1.35988846638296,1.24389302539722,8.31016551598992,9.03598799263414,0.131060931831545,1.00378304646842,-0.0267372866595636,0.000959098497495826
0.150967595304878,1.37389360701238,1.25560579166319,8.31705498870469,9.05070866914124,0.12995204009471,0.999434097865317,-0.0269699585833894,0.0009669449081803
0.152233324535827,1.3877394249061,1.26716437202161,8.32383038263995,9.06532709503633,0.128827310238775,0.995054239583776,-0.0271940815150771,0.000974791318864775
0.153481505242966,1.40142786189528,1.2785712821681,8.33045831902728,9.07980299617415,0.127691125653066,0.990654105901936,-0.0274103684197601,0.000982637729549249
0.154712428525412,1.41496107311709,1.28982895976547,8.33694469189726,9.09414299607694,0.126544702152839,0.986236149998968,-0.0276189014010896,0.000990484140233723
0.155924781059645,1.42834174641771,1.30093976899443,8.34338044378458,9.10845622224133,0.125382793725195,0.981785829132715,-0.0278183449820967,0.000998330550918197
0.157158566111881,1.44157354883968,1.31190600429087,8.34765827118152,9.12019779063096,0.124363876393712,0.977721990730356,-0.028044232646258,0.00100617696160267
0.158341656155793,1.45465445799316,1.32272989488596,8.35364443570378,9.13403170295088,0.123200145816101,0.97328308199823,-0.0282320368614673,0.00101402337228715
0.159541244995841,1.46759021573149,1.33341360739281,8.35779868351644,9.14567857341951,0.122155283686856,0.969167514637529,-0.0284415821608826,0.00102186978297162
0.160693027736679,1.4803770092576,1.3439592498307,8.36351936832624,9.15925276213972,0.120981333568969,0.964715738079227,-0.0286153711393175,0.00102971619365609
0.161865113470773,1.49302421601223,1.35436887405111,8.36726855472572,9.17046184108629,0.119936375197361,0.960615026694491,-0.0288139920259863,0.00103756260434057
0.163020228446708,1.50552985183749,1.36464447906387,8.37101316852825,9.1816896930246,0.118878277129448,0.956486517946801,-0.0290041038105662,0.00104540901502504
0.164160439562662,1.51789606723082,1.37478801327868,8.37466089236378,9.19282382067176,0.117814882333091,0.952350679748122,-0.0291874309933832,0.00105325542570952
0.165287348545826,1.53012166876503,1.38480137696249,8.3781450252894,9.20378223075437,0.116751939306378,0.948222563230102,-0.0293652871469296,0.00106110183639399
0.166401524041539,1.54221222194427,1.3946864245984,8.38145222906876,9.21454768452844,0.115691276751697,0.944106799397278,-0.0295380733230293,0.00106894824707846
0.167503130083519,1.55416751724919,1.4044449668996,8.38458938766889,9.22512761432888,0.114633250271156,0.940004094232259,-0.0297058383430895,0.00107679465776294
0.168591717671982,1.56598920766392,1.41407877300701,8.38759336777319,9.23556632025183,0.113576149515844,0.935909574720253,-0.0298680951600694,0.00108464106844741
0.169666238233405,1.5776782995072,1.42358957198547,8.3905294701417,9.24594336039401,0.112516402290444,0.931813283453395,-0.0300238339199838,0.00109248747913189
0.170725028500768,1.58923797950236,1.43297905481156,8.39349137847768,9.25637376162447,0.111448670089242,0.927700388888225,-0.0301715102662462,0.00110033388981636
0.171809909112773,1.60067075536138,1.44224887559271,8.39444525080357,9.26434721331556,0.110507651234039,0.923938040661318,-0.0303479879782305,0.00110818030050083
0.172846622923096,1.61197367443986,1.45140065364244,8.39704374373692,9.27436765929516,0.109452668262292,0.919870086432496,-0.0304875549002099,0.00111602671118531
0.17390477425454,1.62315217691382,1.46043597451577,8.39790615741331,9.28225842371804,0.108505723707722,0.916102639435168,-0.0306516145838055,0.00112387312186978
0.174917216202927,1.63420344843851,1.4693563912931,8.40029599824211,9.29205693188039,0.107455908020494,0.912058238053733,-0.0307808554682129,0.00113171953255426
0.17595392788762,1.64513517053951,1.47816342608602,8.40085495011008,9.29960024845447,0.106519404462305,0.908329675847489,-0.0309368754571681,0.00113956594323873
0.176936442806226,1.65594110617128,1.48685857115681,8.40334838643255,9.30956236915318,0.105457492519531,0.904260643504063,-0.0310505854928799,0.00114741235392321
0.177953447502351,1.66662848631086,1.49544328955353,8.40356458693373,9.31670631468525,0.104536040546881,0.900583096157074,-0.0311998326487973,0.00115525876460768
0.178956786947083,1.67719873451662,1.50391901698477,8.40381101293172,9.32389848652773,0.103609691922658,0.89689695043516,-0.0313422465480581,0.00116310517529215
0.179947810668902,1.68764810622389,1.51228716217499,8.40403201658033,9.33106945058338,0.102682544377554,0.893213296945537,-0.0314789582349367,0.00117095158597663
0.180927564852108,1.69798185872587,1.52054910802871,8.4041871080928,9.33816829825484,0.101757621571351,0.889540342877119,-0.031610831587453,0.0011787979966611
0.181896731776022,1.70820068449663,1.52870621237848,8.40425332248874,9.34516576958154,0.100836776050726,0.885883109227261,-0.0317384117268835,0.00118664440734558
0.182855635639596,1.71830368855478,1.5367598089402,8.40422447776846,9.35205349497335,0.0999207835269275,0.882243660674017,-0.0318619320402987,0.00119449081803005
0.183804312653345,1.72829295881549,1.54471120808411,8.40410753036812,9.35883957416445,0.0990096062705259,0.878621813084712,-0.0319813770778159,0.00120233722871452
0.184742491663134,1.73817035603967,1.55256169750939,8.40392312311336,9.36554939053077,0.0981023971247733,0.875015124336229,-0.032096467206931,0.001210183639399
0.185669793190829,1.74793679260883,1.56031254303916,8.40369624064531,9.37221395222818,0.0971980773530512,0.871420494506498,-0.0322068327844371,0.00121803005008347
0.18658529070185,1.75759346469102,1.56796498914684,8.40347587555728,9.37889476603776,0.0962942211955004,0.867831032007731,-0.0323116349002177,0.00122587646076795
0.1875330274227,1.76714704601187,1.57552025970868,8.40129486182428,9.38310324704832,0.0955029053520545,0.864561587743204,-0.0324489432068873,0.00123372287145242
0.188433753735488,1.77658723500806,1.58297955856565,8.40072188334019,9.38934948461701,0.0946208126248096,0.861041252965239,-0.0325500799255661,0.00124156928213689
0.189320985489187,1.78591997436654,1.59034407039291,8.40025244049735,9.3957334187772,0.0937346390291208,0.857513122436631,-0.0326440857107478,0.00124941569282137
0.190239300403722,1.79515206002805,1.5976149605528,8.39792281175538,9.39976049058676,0.0929534146412568,0.854284896428253,-0.0327693304561295,0.00125726210350584
0.191111273482149,1.80427656654908,1.60479337615063,8.39716750828164,9.40579039364391,0.0920866248730264,0.850819047159721,-0.0328590151371559,0.00126510851419032
0.191965940242838,1.81329592843254,1.61188044672469,8.39670018903169,9.41219243408996,0.0912067352024576,0.847319641041937,-0.0329382181401099,0.00127295492487479
0.192863777842091,1.82221837309071,1.61887728383379,8.39388972852779,9.41561092454655,0.0904560607344781,0.844190024539046,-0.033058747306442,0.00128080133555927
0.193699307664362,1.83103444587096,1.62578498277072,8.39334431482764,9.42192111120674,0.0895857251410529,0.840724849258866,-0.033130118117841,0.00128864774624374
0.194580013000997,1.83975554038104,1.63260462154108,8.39040246920283,9.42517057482495,0.0888457197964451,0.837633582108406,-0.0332443248696202,0.00129649415692821
0.195445273031664,1.84837582181344,1.63933726271792,8.38770484079362,9.42872974055222,0.0880945506549846,0.834514722385057,-0.0333494329726202,0.00130434056761269
0.196258917658816,1.85689440989411,1.64598395285945,8.38679827900045,9.43458471003285,0.0872523842191376,0.831140316268656,-0.0334146090020653,0.00131218697829716
0.197111237482356,1.86532079052184,1.65254572300406,8.38382298295893,9.43778539445758,0.0865208170402826,0.828084999124503,-0.0335167896328345,0.00132003338898164
0.197951403320168,1.87364920127077,1.65902358962565,8.38096402348981,9.44113208692409,0.0857856579266678,0.825023402892219,-0.0336126074405629,0.00132787979966611
0.198736479022902,1.88187679663816,1.66541855434892,8.38003451876089,9.44696135652548,0.0849554004064561,0.82169337762319,-0.0336656488000808,0.00133572621035058
0.199564964311485,1.89001564978758,1.67173160431207,8.37687922867465,9.4499223277757,0.0842415123144104,0.818700080414075,-0.033759425086743,0.00134357262103506
0.200383372844171,1.89806111240572,1.67796371295793,8.37376719006921,9.45293448705931,0.0835282911737441,0.815712589017455,-0.0338485228732678,0.00135141903171953
0.20119236130154,1.9060137666282,1.6841158400331,8.37067485633317,9.4559674887017,0.082817139811864,0.812734864674588,-0.0339334772415984,0.00135926544240401
0.201992675366312,1.91387451313334,1.69018893186026,8.36757535289391,9.45898650546059,0.0821095744434499,0.809771220979581,-0.0340148959922991,0.00136711185308848
0.202784778657355,1.92164428081005,1.69618392162269,8.36445384536836,9.46197213419109,0.0814064710471933,0.80682415207471,-0.0340931469654395,0.00137495826377295
0.203569676065378,1.92932412175865,1.70210172971097,8.36127345982673,9.46487624502727,0.0807097330914691,0.803899130587194,-0.0341690502600832,0.00138280467445743
0.204299174250508,1.93691026263563,1.70794326390545,8.36001060783143,9.47026868555458,0.0799249768703081,0.800723654936376,-0.0342022060001662,0.0013906510851419
0.205070320105914,1.9444125110023,1.71370941978223,8.35669159192392,9.47298464087115,0.0792429426433216,0.797848141665098,-0.0342739563766183,0.00139849749582638
0.205833537501207,1.95182786738408,1.71940108083903,8.35335728915867,9.4756745273055,0.0785653960995253,0.7949892776636,-0.0343426820043457,0.00140634390651085
0.206588844863654,1.95915755272311,1.72501911870801,8.35001095943248,9.47834239351127,0.0778922857597484,0.792146903482947,-0.0344083784859967,0.00141419031719533
0.207387300544624,1.96640345505078,1.73056439345987,8.34460156873253,9.47830691686847,0.0773185766403647,0.789596341270462,-0.0345135037424134,0.0014220367278798
0.208130181082604,1.9735620943741,1.73603775370631,8.34111489586079,9.48077457430152,0.076659190584303,0.786801267752848,-0.0345758240715202,0.00142988313856427
0.208866019750123,1.9806370418822,1.74144003706746,8.33759382761653,9.48318996541055,0.0760054502608029,0.784026194990436,-0.0346357691140793,0.00143772954924875
0.20959453948574,1.98762584459211,1.74677207011446,8.33405333173436,9.48557243122107,0.0753567319732071,0.781269314817911,-0.034693089592322,0.00144557595993322
0.210315639514683,1.9945337145715,1.75203466866885,8.33050111114794,9.48793186653618,0.0747127534934788,0.778529807973945,-0.0347476841011274,0.0014534223706177
0.211028743498176,2.00136173345617,1.75722863792783,8.32696346857135,9.49030267991429,0.0740724098732071,0.77580445678225,-0.0347990605332107,0.00146126878130217
0.211733538378319,2.00810508172869,1.76235477279759,8.32345591678853,9.49270523904037,0.0734351029542078,0.77309151235955,-0.0348469475962343,0.00146911519198664
0.212481439301934,2.01477610894429,1.76741385788528,8.31796821262022,9.49248855738131,0.0728888613165862,0.770647840440135,-0.0349335908674316,0.00147696160267112
0.213178429904347,2.02136173447876,1.77240666765554,8.31419327204359,9.4945189851223,0.0722714328341725,0.768000190911093,-0.0349816029792167,0.00148480801335559
0.213866701215627,2.02787090461123,1.77733396724951,8.31047543702258,9.49661589973002,0.0716559353420562,0.765361748658284,-0.035025730362226,0.00149265442404007
0.214545471543523,2.0342982151914,1.78219651170366,8.30684748963398,9.49882282274151,0.0710410742639094,0.762728714704293,-0.0350653259794812,0.00150050083472454
0.215267282790482,2.04065614024316,1.78699504649269,8.3012849111491,9.49845719091277,0.070512824891389,0.760352750886248,-0.0351432655083023,0.00150834724540901
0.215939202297078,2.04693349527033,1.7917303076234,8.29738319195246,9.50028018298209,0.0699180500789401,0.757785745664231,-0.0351835848665088,0.00151619365609349
0.216600545752602,2.05313275816834,1.79640302256115,8.29362186655325,9.50227977354737,0.0693219039892421,0.755218276668288,-0.0352184523976283,0.00152404006677796
0.217250699605455,2.05926048399456,1.80101390900625,8.29002581937381,9.50448955934614,0.0687235219966499,0.75264778564789,-0.0352473728452533,0.00153188647746244
0.217956349741322,2.06531652760626,1.80556367571995,8.28406090422626,9.50353612124807,0.0682272909333698,0.75038063994851,-0.0353243642549687,0.00153973288814691
0.218598987921296,2.07129310069714,1.81005302335804,8.28024429833924,9.50542984206675,0.0676466813798231,0.747869502087322,-0.0353533036484628,0.00154757929883139
0.219284943026134,2.07720406559946,1.81448264324407,8.27454278531029,9.50479777672221,0.0671470834053802,0.745600017951115,-0.035420279617848,0.00155542570951586
0.21992025320069,2.08303960228401,1.81885321828547,8.27051256905227,9.50638295775523,0.0665838218108083,0.743147059530837,-0.0354493010503749,0.00156327212020033
0.220541718402271,2.08879928212856,1.82316542355741,8.26675985280905,9.50832835005487,0.0660140607485075,0.74067853339271,-0.0354701839514861,0.00157111853088481
0.221216428127633,2.09449630320816,1.82741992498794,8.26077855272841,9.5072789075128,0.0655373188266584,0.738487398383345,-0.0355368097052315,0.00157896494156928
0.221829564382912,2.10011731325736,1.83161738130846,8.25686777325501,9.50898850432603,0.0649826241353254,0.736070398192293,-0.0355568636713775,0.00158681135225376
0.222489808430008,2.10567496212516,1.83575844242502,8.25097767569216,9.50803027090087,0.0645098589111608,0.733898424585862,-0.0356175512750553,0.00159465776293823
0.223093721080356,2.11115989334205,1.83984375091049,8.24695442794552,9.50956386525391,0.063968314713205,0.73152735804869,-0.0356359817681906,0.0016025041736227
0.223741637058272,2.11658014538023,1.84387394126143,8.24108541219445,9.50860272093254,0.0635023936040893,0.729382965617472,-0.0356923897061711,0.00161035058430718
0.224335372873596,2.12192785176775,1.84784964037371,8.23699631807464,9.51002189534059,0.0629721011396355,0.727052272406464,-0.0357083649167072,0.00161819699499165
0.224816872002474,2.12619692989847,1.85102027076155,8.2334579886032,9.51084218483502,0.0625561256434279,0.725208950970834,-0.035724968710775,0.00162604340567613
0.22527828915917,2.13027386644889,1.85404379573845,8.23001542962034,9.51159238833546,0.0621583067642471,0.7234431712009,-0.0357402823440034,0.0016338898163606
0.22579647280662,2.13429303526446,1.85701850039109,8.2243025203565,9.50925251570882,0.0618502395485517,0.721947394725129,-0.0358038721903562,0.00164173622704508
0.226252815694509,2.13824497615339,1.85994450173712,8.22064687251653,9.50966489810629,0.0614687899093981,0.720239673877087,-0.0358216203470852,0.00164958263772955
0.226702087053,2.14213220081441,1.86282208476162,8.21704867818934,9.51013245587098,0.0610893534429327,0.718542655517862,-0.0358369740232225,0.00165742904841402
0.227144339983773,2.14595960721376,1.86565163252554,8.21350702667219,9.51065492420191,0.0607118796874775,0.716856137178993,-0.0358499423902416,0.0016652754590985
0.227579262137348,2.14972747743593,1.8684335920065,8.21003449285669,9.51125017653903,0.0603358343379977,0.71517848611265,-0.0358602461304963,0.00167312186978297
0.22807097221788,2.1534380176711,1.87116845377529,8.20432532723949,9.50879243713003,0.0600453946854509,0.713758660492367,-0.0359183208801689,0.00168096828046745
0.228501739936923,2.1570821409317,1.87385673976761,8.20062350634562,9.50903442586526,0.0596849496966086,0.71213630771396,-0.0359313710631917,0.00168881469115192
0.228924972050688,2.16066633198307,1.87649899374479,8.19700435883113,9.50936904136196,0.0593251606410604,0.710520378435284,-0.0359414754598357,0.00169666110183639
0.229341116473773,2.1641930051702,1.87909577497869,8.19345350659607,9.5097773988788,0.0589665146998949,0.708912261707746,-0.0359489545771356,0.00170450751252087
0.229808919412398,2.16766684461272,1.88164765373378,8.18787912386079,9.50741441909553,0.0586838092922671,0.707533350409602,-0.0359997766160319,0.00171235392320534
0.230221405418446,2.17107864701098,1.88415520734504,8.18410088288895,9.50747432861016,0.0583399179926756,0.705977626745732,-0.0360100545889936,0.00172020033388982
0.230626395935235,2.17443264721698,1.88661901831239,8.18041235332922,9.50763806737952,0.0579961992872965,0.704426690842302,-0.0360172740221423,0.00172804674457429
0.231023635270212,2.17772837314049,1.88903967067605,8.17682428235783,9.50792082761859,0.0576522618162768,0.702879334216505,-0.0360212077150787,0.00173589315525876
0.231413151796623,2.1809699852864,1.89141774903878,8.17333731619996,9.50832403679056,0.057308081062095,0.701335439694441,-0.0360218523188876,0.00174373956594324
0.231866189006493,2.18416303186636,1.89375383686192,8.16744280387033,9.50542259480976,0.0570511317724646,0.700054046219098,-0.0360745753013235,0.00175158597662771
0.232252627640703,2.18729509412267,1.89604851607703,8.16373332494751,9.50548553128442,0.056720763026785,0.698559267108848,-0.0360780755207516,0.00175943238731219
0.232631528369691,2.19037449054315,1.89830236486792,8.16012506203028,9.50566981930898,0.0563900090687432,0.697067387330836,-0.0360783290431908,0.00176727879799666
0.23306403378808,2.19340667132551,1.90051595750636,8.15447980804478,9.50304951559129,0.0561323363751159,0.695796020923778,-0.0361226790855117,0.00177512520868114
0.233440269605807,2.1963813264412,1.90268986376947,8.15064970145214,9.50289487582554,0.0558149706725302,0.694351731836444,-0.036125887172386,0.00178297161936561
0.233808310388633,2.1993049401568,1.90482464874783,8.14695014724525,9.50290241792619,0.0554961063339347,0.692906910613232,-0.0361252464681269,0.00179081803005008
0.234168098399384,2.2021774438526,1.90692087145461,8.14338453653185,9.50307730020241,0.0551756490049751,0.691461240770711,-0.0361206937783557,0.00179866444073456
0.234588764956449,2.20500450848111,1.90897908488404,8.13755545896853,9.50012952543431,0.0549344075775973,0.690254073428744,-0.0361654745423501,0.00180651085141903
0.23494649614372,2.20777765530315,1.9109998365364,8.13376606122022,9.49996323665823,0.0546269442299454,0.68885447733842,-0.0361640698580054,0.00181435726210351
0.235295456095905,2.21049988737746,1.91298366703984,8.13013433740139,9.49999755142748,0.054317021324972,0.687451342924594,-0.0361582721202808,0.00182220367278798
0.23570080568955,2.21318212678298,1.91493111018643,8.1244147833277,9.49714448039017,0.0540792772106437,0.686265725464547,-0.0361980840036178,0.00183005008347245
0.236048114481453,2.21581011800712,1.91684269338502,8.12055922410528,9.49683763267992,0.0537820272861839,0.684907467805083,-0.0361955510603076,0.00183789649415693
0.236386817748025,2.21838972272783,1.91871893732806,8.11686098068848,9.49673158847787,0.0534822847335931,0.683545460918922,-0.0361886780538722,0.0018457429048414
0.236778214001775,2.22093143719452,1.92056035528629,8.11122071928416,9.49393342937618,0.0532488669709954,0.682383469913035,-0.036224327931274,0.00185358931552588
0.237115317253341,2.22342097976009,1.92236745343719,8.10731029823465,9.4935022461165,0.0529611112710197,0.681064069735741,-0.0362205736838811,0.00186143572621035
0.237443628117338,2.22586367692251,1.92414073183937,8.10356861161386,9.49328827387314,0.0526704571663691,0.679739613721938,-0.0362122686349285,0.00186928213689482
0.237762670125285,2.22826331268114,1.92588068255315,8.10001284700551,9.49331574112596,0.0523763886656228,0.6784085531848,-0.0361990406647481,0.0018771285475793
0.238149944591904,2.23062704839539,1.92758779060678,8.09400898207185,9.48994550523439,0.0521636996926807,0.677321780162406,-0.0362398171569331,0.00188497495826377
0.238467638554598,2.2329384141679,1.92926253488063,8.09024883449299,9.48965872699837,0.051881034712985,0.676031295176744,-0.036229673810604,0.00189282136894825
0.238775909220083,2.23520846169167,1.93090538635967,8.08668425833501,9.48962745013692,0.0515946382256661,0.674733174861767,-0.0362144326440442,0.00190066777963272
0.239153225228059,2.23744241536044,1.93251680898728,8.0806637967956,9.48618140782548,0.0513887412379917,0.673676505133102,-0.0362535307736431,0.0019085141903172
0.239460409021146,2.23962913350628,1.93409726076852,8.07689784158736,9.48583997294609,0.0511134080227927,0.672417737756313,-0.0362414116420949,0.00191636060100167
0.239757976615894,2.24177505289448,1.93564719181553,8.07333803503248,9.48576941405536,0.0508340124148498,0.671150273346204,-0.0362239969257195,0.00192420701168614
0.240126640346657,2.24388433389056,1.93716704550051,8.06727251380327,9.48220883288903,0.0506355873565354,0.670125391775632,-0.0362621911751869,0.00193205342237062
0.240423066898407,2.24594941896466,1.93865725934998,8.06352437126666,9.48184612059837,0.0503666168420005,0.668895184318542,-0.0362477058866191,0.00193989983305509
0.240775051390189,2.24798124094097,1.94011826313318,8.05780437770156,9.47873015592376,0.0501612635521336,0.667856141570073,-0.0362769584951293,0.00194774624373957
0.241070932344912,2.24996800073295,1.94155048034375,8.05385560780045,9.47805793934266,0.0499029250820898,0.666663667202064,-0.0362657500338256,0.00195559265442404
0.241356588781311,2.25191659308866,1.94295432851789,8.05013999546688,9.47769507453663,0.0496396661216239,0.665459820838817,-0.0362487005955139,0.00196343906510851
0.241702320337917,2.25383529118126,1.94433021773702,8.04431755151837,9.47438649719229,0.049443330675218,0.664456643664804,-0.0362785465568661,0.00197128547579299
0.241986669706764,2.25570862204912,1.94567855249469,8.04043691684519,9.47376357449614,0.0491894073827178,0.663286505526022,-0.0362640646175292,0.00197913188647746
0.242262274060082,2.25754541293308,1.9469997308427,8.036743394722,9.47338671036377,0.0489320057091861,0.662109191221124,-0.0362448134597946,0.00198697829716194
0.242602269609185,2.25935563550409,1.94829414402467,8.0308158170294,9.4698819128165,0.0487445180922122,0.661141077833512,-0.0362754427607272,0.00199482470784641
0.242876639157146,2.26112006237297,1.94956217818446,8.02696457325009,9.46925509521873,0.0484960417367573,0.659996071396255,-0.0362586825659232,0.00200267111853088
0.243140733309622,2.26285047421447,1.95080421273412,8.02335415452548,9.46894989489027,0.048242481721877,0.658839096419781,-0.0362359745347654,0.00201051752921536
0.243476192012928,2.26454967352948,1.9520206208996,8.01729567380433,9.46521301251574,0.0480643748722697,0.657907326115532,-0.0362680930940709,0.00201836393989983
0.24373977477199,2.26621004340316,1.95321177114403,8.01351266107959,9.46463713822871,0.0478200239279303,0.656783315513616,-0.0362482942353105,0.00202621035058431
0.244061380150761,2.26784378052513,1.95437802498444,8.00773159513063,9.46125436449023,0.0476370985695704,0.655843022071863,-0.0362732512748168,0.00203405676126878
0.244324591973511,2.26943662272095,1.95551973882098,8.00377777376166,9.4604100229672,0.0474017550095003,0.654751257365002,-0.036256381095763,0.00204190317195326
0.244576880500598,2.2709972326481,1.95663726373213,8.0000908496637,9.45992480566915,0.0471605822310859,0.653645233177357,-0.0362330230138506,0.00204974958263773
0.244895756544598,2.27253474988845,1.95773094437696,7.99413992304289,9.45625613009713,0.0469878979572231,0.652743377282433,-0.0362605383439329,0.0020575959933222
0.245147952239527,2.27402995078956,1.95880112117108,7.99028139242704,9.4555013320871,0.0467556022671833,0.651669043936636,-0.036240202985487,0.00206544240400668
0.245389665678682,2.27549436512508,1.95984812839016,7.98667752763651,9.45508935688468,0.0465178869162634,0.650581620846153,-0.0362136850423826,0.00207328881469115
0.245705651848672,2.27693154873536,1.96087229491004,7.98057464350767,9.45115963746407,0.0463546654849861,0.649715635526485,-0.0362434650149938,0.00208113522537563
0.245947081847699,2.27833329894765,1.96187394554488,7.97681326733427,9.45049782461343,0.0461252671013175,0.648658090164298,-0.0362197219748177,0.0020889816360601
0.246250201494375,2.27971293466745,1.96285339871897,7.97097174665178,9.4469022227349,0.0459576839247406,0.647784567324101,-0.0362428635470642,0.00209682804674457
0.246492098508131,2.28105401397053,1.96381096875471,7.96703415906832,9.4459640677002,0.0457370097293002,0.646757977088947,-0.0362223727410232,0.00210467445742905
0.246723040131689,2.28236656495977,1.96474696490419,7.96337044102365,9.44539674539629,0.0455104031627688,0.645716720884057,-0.0361953060147002,0.00211252086811352
0.247025072010014,2.2836566486701,1.9656616909389,7.95733677939873,9.44148406472138,0.0453531463737605,0.644881193325633,-0.0362217924162228,0.002120367278798
0.247255715505926,2.28490991125636,1.96655544714277,7.95352877129198,9.44068525493093,0.0451342152138206,0.643867660023291,-0.0361973178130576,0.00212821368948247
0.247546210983836,2.28614163332546,1.9674285279146,7.94772224586006,9.43706014168858,0.0449735806278018,0.643027284248342,-0.0362180312384081,0.00213606010016695
0.247776832639253,2.28733865160587,1.96828122364616,7.94376618136792,9.43602432481835,0.044762311116662,0.642041320280909,-0.036196281934668,0.00214390651085142
0.247997008080688,2.28850854132118,1.96911382045025,7.94007087299044,9.43534200369082,0.0445455335738792,0.641041876096848,-0.036168293766755,0.00215175292153589
0.248286961324987,2.28966057971971,1.96992659912486,7.93407188445306,9.43139947754607,0.0443949273092129,0.640238224276063,-0.0361925158319311,0.00215959933222037
0.248506999586539,2.29077513077451,1.97071983735171,7.93023874832725,9.43049461956765,0.0441854051651515,0.639265014061299,-0.0361670793440363,0.00216744574290484
0.248785770594149,2.29186872836842,1.97149380749507,7.92446369736807,9.42683650687471,0.0440315004464737,0.638456565044785,-0.0361856833475266,0.00217529215358932
0.249006127075978,2.2929309087909,1.97224877791324,7.92048292575332,9.42569507821366,0.0438293929369704,0.637509942991275,-0.0361630655580877,0.00218313856427379
0.249216292870779,2.29396729394634,1.97298501354603,7.91675773208391,9.42490087194266,0.0436219680156474,0.636550348604777,-0.0361343627083333,0.00219098497495826
0.249494547055469,2.29498807691356,1.97370277404119,7.91080525540458,9.42094667291244,0.0434773832460886,0.635776175008141,-0.0361562759208402,0.00219883138564274
0.249705137827062,2.29597357210363,1.97440231634705,7.90693508963544,9.41991970740813,0.0432771853336974,0.6348424791694,-0.0361303855309378,0.00220667779632721
0.249904973409337,2.29693396664442,1.97508389262186,7.90333968018608,9.41926778526322,0.0430711923633524,0.633894413727221,-0.0360979935427046,0.00221452420701169
0.250183555551544,2.29787473173348,1.97574775101043,7.89719270978777,9.41499312735629,0.042936178432685,0.633154994743318,-0.0361236880787035,0.00222237061769616
0.250383970079538,2.29878626647007,1.97639413698519,7.89345314860755,9.41410968815653,0.0427372814375301,0.632232306788697,-0.036094140307857,0.00223021702838063
0.2506518563742,2.29968373998195,1.97702329084595,7.88752702431391,9.41011675016168,0.0425989866146042,0.63148786421273,-0.0361144119877032,0.00223806343906511
0.250853176168119,2.30054780800686,1.97763545047234,7.88363727612104,9.40899303959044,0.0424072431674659,0.630590615861648,-0.036087885203573,0.00224590984974958
0.251043943618396,2.30138872537811,1.97823084944865,7.88001821886488,9.40823963868686,0.0422098648318593,0.629679431126898,-0.0360549797915271,0.00225375626043406
0.251312292966713,2.30221097283597,1.97880971752623,7.87390737701926,9.40394017546514,0.0420806073707179,0.628967834431447,-0.0360789342730563,0.00226160267111853
0.251504008272629,2.30300555993193,1.97937228218082,7.87014209346193,9.40295218095865,0.0418901716176932,0.62808134220313,-0.0360490054579777,0.002269449081803
0.251761501581857,2.30378805460885,1.97991876601314,7.86426341427503,9.39895171555045,0.0417573251096931,0.627363687564957,-0.0360673428394626,0.00227729549248748
0.251954452466096,2.3045383146377,1.98044938934833,7.86034686017238,9.39772176712522,0.0415738643181452,0.626501877823985,-0.0360405417561667,0.00228514190317195
0.252136846087373,2.30526651095641,1.98096436882785,7.85670321322807,9.39686625167755,0.0413847581215817,0.625626076610155,-0.0360073384451882,0.00229298831385643
0.252395297659046,2.3059782330796,1.98146391727028,7.85063721728678,9.39255571883611,0.041260767727849,0.62494040037469,-0.0360295321562666,0.0023008347245409
0.252579027875369,2.30666330537558,1.98194824562599,7.84684406420296,9.39146081989269,0.0410784898229489,0.624088726417976,-0.0359994582906943,0.00230868113522538
0.252826627576864,2.307338314524,1.98241756032803,7.84101571629492,9.38745831669308,0.0409507677756996,0.623396456147197,-0.036015967847916,0.00231652754590985
0.253011767651543,2.30798179381845,1.98287206548874,7.83707447243966,9.38612584823649,0.0407751839384325,0.622568420716814,-0.0359890235537936,0.00232437395659432
0.253186762684917,2.30860378370294,1.98331196226144,7.83339516343359,9.38515315672585,0.0405942863686657,0.621727329784381,-0.0359559532891369,0.0023322203672788
0.253434564982557,2.30921233966152,1.98373744798208,7.82741473373458,9.38089089703668,0.0404742716847724,0.621063403325532,-0.0359756142448823,0.00234006677796327
0.253611889870825,2.30979471587016,1.9841487182758,7.82356347443493,9.37964672775442,0.0403005886509501,0.620247319316684,-0.0359462602048086,0.00234791318864775
0.253849800692999,2.31036804096268,1.98454596493631,7.81779603339685,9.37565862524004,0.0401774847069943,0.619578534791155,-0.035960856560847,0.00235575959933222
0.254027678875697,2.31091124917707,1.98492937697331,7.81383109808515,9.37422578215576,0.0400094211538123,0.618782774409294,-0.0359339095836766,0.00236360601001669
0.254196036710935,2.31143455786656,1.98529914150074,7.81011052410059,9.37312855900932,0.0398365349054618,0.617975351154887,-0.0359012628927191,0.00237145242070117
0.25443442689448,2.31194641319887,1.98565544155288,7.80419326813968,9.36888420182494,0.0397208682114001,0.617333827061658,-0.035919052771835,0.00237929883138564
0.254604969515695,2.31243286342483,1.9859984587123,7.80031302016624,9.36753282284398,0.0395546903232555,0.616549729175772,-0.0358899056062819,0.00238714524207012
0.254765437215012,2.31290228240129,1.98632837125946,7.79669484594601,9.36654291647685,0.0393832737110314,0.615752784433144,-0.0358546658519338,0.00239499165275459
0.255004679482892,2.31335958057817,1.98664535449935,7.79062313102622,9.36203556718526,0.0392750000859276,0.615138181663933,-0.0358758097458567,0.00240283806343907
0.255167559602188,2.31379033989874,1.98694958243674,7.78684244005956,9.36078748610002,0.0391102703924362,0.614364375536907,-0.0358441679669497,0.00241068447412354
0.255395016077536,2.31421231735297,1.9872412252166,7.78104935537694,9.35664963816436,0.038997222081881,0.613739920357332,-0.0358588172495725,0.00241853088480801
0.25556065507544,2.31460859584921,1.98752045110871,7.77709874989172,9.35513260373145,0.038839273076093,0.61298941960184,-0.0358309706910662,0.00242637729549249
0.25571611353986,2.31498854106054,1.98778742632339,7.77341481851333,9.35398444933111,0.0386760058532181,0.612225833422309,-0.0357969437736286,0.00243422370617696
0.255944383023926,2.31535698348513,1.9880423135985,7.76747780166228,9.34959903826358,0.0385699056454064,0.611626751799456,-0.0358147856141765,0.00244207011686144
0.256102639477887,2.31570119398886,1.98828527459335,7.763626640658,9.34818580264827,0.0384132628320716,0.610885904188193,-0.0357845225294388,0.00244991652754591
0.256251425530478,2.31602960353671,1.98851646783774,7.76002109538016,9.34711188030733,0.038251857368745,0.610133562829822,-0.0357485766456687,0.00245776293823038
0.256480387721817,2.31635067099097,1.98873604932697,7.75394979316695,9.34249265659039,0.0381523203313077,0.609558560203091,-0.0357694347778387,0.00246560934891486
0.256631872665955,2.31664681559465,1.98894417405547,7.75018376865595,9.34116333628933,0.037997281927326,0.60882810312608,-0.0357371256425978,0.00247345575959933
0.256849097016611,2.31693116298438,1.98914099345104,7.74439550909691,9.33692180771633,0.0378928801955031,0.608242871727405,-0.0357514531696171,0.00248130217028381
0.257003468989745,2.31719437868532,1.98932665737484,7.74046617033881,9.33533284383835,0.0377441941456265,0.607534160791292,-0.0357228698884987,0.00248914858096828
0.257148565621812,2.31744220626515,1.98950131396147,7.73677780060973,9.33407727518429,0.0375908853662074,0.606814339414175,-0.0356887261030649,0.00249699499165275
0.257365569831555,2.31768530230242,1.989665108186,7.73089076945386,9.32965336363271,0.0374920294100628,0.60625006046204,-0.0357053197152659,0.00250484140233723
0.257514270090096,2.31790122797758,1.98981818406871,7.72702104381455,9.32811228413217,0.0373454247349175,0.605552858767927,-0.0356753444851262,0.0025126878130217
0.257653930428625,2.31810207025528,1.98996068309307,7.72338570493622,9.32689564346217,0.0371943811137121,0.604845073577738,-0.0356399710904955,0.00252053422370618
0.257870691741028,2.31829588032964,1.99009274423183,7.71740569195984,9.32229773333165,0.0371008103396803,0.604300834516531,-0.0356587364362167,0.00252838063439065
0.258013684290866,2.31846802457013,1.99021450574832,7.71360058369889,9.32081221005101,0.0369561026654963,0.60361450904495,-0.0356272891335539,0.00253622704507513
0.258148050373331,2.31862716838008,1.99032610297733,7.71001795325952,9.31963448774581,0.0368072643557336,0.60291847591819,-0.0355907287628371,0.0025440734557596
0.258364043122482,2.31877761244186,1.9904276691777,7.70396547879576,9.31489218858794,0.0367183766121095,0.602392415017921,-0.0356112285423697,0.00255191986644407
0.25850218036609,2.31890574526539,1.99051933698985,7.70020327941097,9.31343149064128,0.0365760212890047,0.601718132912984,-0.0355788440815829,0.00255976627712855
0.258631478840787,2.31902140174619,1.99060123595287,7.69667035457149,9.31228881570748,0.0364293937360121,0.601033753831218,-0.0355411992302472,0.00256761268781302
0.258846403224225,2.31913119296661,1.99067349393932,7.69055883776335,9.30742160243595,0.036344768973029,0.600524533924641,-0.035563157699988,0.0025754590984975
0.258980313635249,2.31921948842088,1.99073623811856,7.68682457046654,9.30596459023029,0.0362050514144628,0.599862977281451,-0.0355302141000137,0.00258330550918197
0.259181986425906,2.3192995470162,1.99078959254867,7.68104921179694,9.30155464410109,0.0361143428238902,0.599339960776567,-0.0355445095215393,0.00259115191986644
0.259319316425953,2.31936006990048,1.99083368019479,7.67715150430476,9.29983767277663,0.035980563183209,0.598698415519039,-0.0355154115334675,0.00259899833055092
0.259448457476877,2.31940767391538,1.99086862274021,7.67346486504992,9.29841310906103,0.0358429513235133,0.598047982533681,-0.035481483578528,0.00260684474123539
0.259648299424368,2.31945363819028,1.9908945391366,7.66765868888936,9.29391977189574,0.0357557600847674,0.597539552502839,-0.0354966359349633,0.00261469115191987
0.259782052365131,2.31947507477669,1.99091154752978,7.66377634406974,9.29218873665434,0.0356247582841857,0.596910885933587,-0.0354673204791853,0.00262253756260434
0.259907305044875,2.31948292542949,1.9909197644861,7.66011468643543,9.29076438292088,0.0354897153914932,0.596272754903105,-0.0354329601039993,0.00263038397328882
0.26010510236702,2.31948620434238,1.99091930411927,7.65428777060281,9.2862024654884,0.0354057262623612,0.595777898242851,-0.0354487654781852,0.00263823038397329
0.260235110128717,2.31947028240066,1.9909102799341,7.65042917901954,9.28446982696223,0.0352772373446322,0.595161256741971,-0.0354190658643344,0.00264607679465776
0.260357138066356,2.31944309684894,1.99089280365594,7.64677634130596,9.28302271167943,0.0351450663644815,0.594536150631749,-0.0353846738706393,0.00265392320534224
0.260552175963425,2.31941177838445,1.99086698480349,7.64095320809354,9.2784279371935,0.0350636420292461,0.594052974649988,-0.035400591989642,0.00266176961602671
0.26067855856194,2.31935946820603,1.99083293232347,7.6371180787024,9.27669364790802,0.0349376062601238,0.593448080027379,-0.0353705407194897,0.00266961602671119
0.260798158800323,2.31929519235985,1.99079075340472,7.63345401885659,9.27519512877743,0.0348086924653701,0.592836942617547,-0.0353366065893348,0.00267746243739566
0.260990097556663,2.31922911411749,1.99074055324105,7.62764783751553,9.27058690201403,0.0347294686783324,0.592364325198962,-0.0353523579372243,0.00268530884808013
0.261114114568987,2.31914259884615,1.99068243628398,7.6238024879273,9.26880260683382,0.0346065842200382,0.591772986341861,-0.0353227593392307,0.00269315525876461
0.261231120228072,2.31904570126993,1.9906165055858,7.62013539523109,9.26726479367323,0.0344806638054757,0.591174965059032,-0.0352891175921438,0.00270100166944908
0.261419130230719,2.3189421860293,1.99054286210376,7.61437336413359,9.26268286882783,0.0344029688231913,0.590710951850541,-0.0353040960602626,0.00270884808013356
0.261540963209964,2.31882191485773,1.99046160597001,7.61051569719911,9.26084581116608,0.0342832079857393,0.590132969431123,-0.0352750220528397,0.00271669449081803
0.261655825155455,2.31869056736608,1.99037283633301,7.60683556404865,9.25925450598006,0.0341604335790217,0.58954836274557,-0.0352419272743473,0.0027245409015025
0.261839287480636,2.31856048611185,1.99027665018664,7.60113835221853,9.25472928889731,0.034083758620995,0.589091466556572,-0.0352556758308859,0.00273238731218698
0.26195938164652,2.31840745152471,1.99017314331064,7.59725851695634,9.25282546947335,0.0339672679510451,0.58852711922109,-0.0352273767005796,0.00274023372287145
0.262072545723051,2.31824336635775,1.99006241132652,7.59355546318671,9.2511666212794,0.0338477863158598,0.587956206196187,-0.0351950794159291,0.00274808013355593
0.262179082359795,2.31806945118024,1.98994454729865,7.59002026167668,9.24973998449971,0.033725525938129,0.587379329632064,-0.0351589960621925,0.0027559265442404
0.26236950478485,2.31789300455535,1.98981964319046,7.58403551823663,9.24474924729124,0.0336584769881886,0.586954323760626,-0.0351797799762834,0.00276377295492487
0.262481347786909,2.31769919093876,1.98968779083487,7.58030163899557,9.24301163351251,0.0335423882818548,0.58639725326776,-0.0351484838939829,0.00277161936560935
0.262586798408617,2.31749683241625,1.98954907976075,7.57672926368817,9.24149730580875,0.033423662826228,0.585834597179945,-0.0351135530598133,0.00277946577629382
0.262771380214348,2.31729095167224,1.98940359825967,7.57085340358176,9.23662791984331,0.0333565094192975,0.585413379035945,-0.0351321352825879,0.0027873121869783
0.262882327516001,2.3170670120049,1.98925143443857,7.56707935917633,9.23479820924852,0.03324394431403,0.584870381582097,-0.0351020763547928,0.00279515859766277
0.262987257576335,2.3168335699015,1.98909267456887,7.56345646895653,9.23317702564404,0.0331289694237604,0.58432240316341,-0.0350686264896732,0.00280300500834725
0.263164713204232,2.31660076593555,1.98892740356289,7.55772831146763,9.22848600113735,0.0330608450397315,0.583902571972234,-0.0350841234195547,0.00281085141903172
0.263275615628495,2.31634918897999,1.9887557055178,7.55389252730534,9.22653305262491,0.0329521960609301,0.583374579181951,-0.0350558204580502,0.00281869782971619
0.263379992426392,2.31608874578299,1.98857766399476,7.55022295230158,9.22481075713095,0.0328408101922452,0.582840713342576,-0.035023781037304,0.00282654424040067
0.263478651644844,2.31581907242031,1.9883933605206,7.54669628111221,9.22328540259665,0.0327272044313588,0.582302388697463,-0.0349885502095949,0.00283439065108514
0.263660451217224,2.31554494980335,1.98820287562305,7.54077020821381,9.21825947634634,0.0326663508316947,0.581907411340131,-0.0350090926087721,0.00284223706176962
0.263765035364598,2.3152565195536,1.98800628979412,7.53703494872293,9.21640862814173,0.0325588888270724,0.581388432002165,-0.0349789216673388,0.00285008347245409
0.263863836595611,2.31495959818046,1.98780368159006,7.53344492840261,9.21475834738715,0.0324491529813439,0.580864833970387,-0.0349455078225454,0.00285792988313856
0.264037441034919,2.31466501981709,1.98759512844865,7.52770183144513,9.20996323397096,0.0323864885138051,0.580468813674171,-0.0349621853476498,0.00286577629382304
0.264142035894647,2.31435017107132,1.98738070721101,7.52390925011146,9.20799615552506,0.0322826910508871,0.579963893006892,-0.034933705105131,0.00287362270450751
0.264241670744637,2.31402623845014,1.98716049404804,7.52023891026798,9.20619639562494,0.0321771116292297,0.579455659310944,-0.0349025184161612,0.00288146911519199
0.264335640474515,2.31369451917261,1.9869345634046,7.51671079933756,9.204593186325,0.0320693283593406,0.578942997608241,-0.0348681652273767,0.00288931552587646
0.264510955454577,2.31336251773355,1.98670298877696,7.51085332311735,9.19958534473184,0.0320119178869408,0.578566029838175,-0.0348880012426473,0.00289716193656093
0.264611456499794,2.3130147978728,1.98646584356043,7.50710445358957,9.19763883148506,0.0319103750625374,0.578072704631734,-0.0348590157513096,0.00290500834724541
0.264706248590084,2.31265940578209,1.98622319967666,7.50349948388436,9.19589152323785,0.031806590204807,0.577574836057997,-0.0348268268217838,0.00291285475792988
0.264796162315955,2.31229758400436,1.98597512786249,7.50001476793619,9.19430909005885,0.0317010734126476,0.577073799405093,-0.0347919873449285,0.00292070116861436
0.264972031487456,2.31193225774414,1.98572169794518,7.49408036311631,9.18914339785419,0.0316479946957841,0.576713197695592,-0.0348141380187391,0.00292854757929883
0.265068703604356,2.31155207949299,1.98546297979546,7.49037118602647,9.18721223804564,0.0315487079913062,0.576231317776109,-0.034784763078602,0.00293639398998331
0.265160091398791,2.31116470412405,1.98519904152294,7.48679422702896,9.18546358562732,0.0314474290752631,0.575745557562014,-0.0347524609333421,0.00294424040066778
0.265246678788134,2.31077060902397,1.98492995040043,7.48333573664044,9.18387750662944,0.0313444556414761,0.575256723316851,-0.0347175547713494,0.00295208681135225
0.265422230494216,2.31037790908195,1.98465577274565,7.4773532309265,9.17859639896333,0.0312949896539422,0.574910374205031,-0.034741374835618,0.00295993322203673
0.265515300151066,2.30996856664744,1.98437657505842,7.47368070288002,9.17667677479055,0.0311979415615277,0.574439741415597,-0.0347117015467365,0.0029677796327212
0.265603810306268,2.30955267198887,1.98409242192728,7.47012032560611,9.17491067803591,0.0310993208531044,0.573966331110735,-0.0346795714754263,0.00297562604340568
0.265687894485259,2.3091279850292,1.98380337731928,7.46666829199232,9.17329265927554,0.0309992147901733,0.573490389695825,-0.0346450766501607,0.00298347245409015
0.265861421329116,2.30870206031515,1.98350950426782,7.46068946126781,9.16797221815916,0.0309521883517759,0.573155021630724,-0.0346693860424906,0.00299131886477462
0.265951833081109,2.30826351769795,1.98321086597771,7.45703025620009,9.1660306589745,0.0308577818428529,0.572696542468908,-0.0346399747689104,0.0029991652754591
0.266037327441085,2.30781853191133,1.9829075238507,7.45349362408483,9.16425814033452,0.0307615845503682,0.5722347053176,-0.0346078686997267,0.00300701168614357
0.2661204269219,2.30736726218192,1.98259953870716,7.45000886117248,9.16255142166461,0.0306650641080735,0.571773368068492,-0.0345747123647604,0.00301485809682805
0.266290402980522,2.30691839352194,1.98228697042402,7.44407965227727,9.15725940810075,0.0306194543742103,0.571446152755015,-0.0345984643770366,0.00302270450751252
0.266378901875007,2.30645185822271,1.98196987912238,7.44041613345332,9.15527066374113,0.0305279663330311,0.571000389436278,-0.0345697418349304,0.003030550918197
0.266463742612045,2.30597883463439,1.98164832321341,7.43684038882007,9.15340033517663,0.0304353992747601,0.570553115346438,-0.0345391356888021,0.00303839732888147
0.266544767926142,2.30549964484695,1.9813223605321,7.43335679011006,9.15165490844994,0.0303416677756953,0.570104118014637,-0.0345065470772788,0.00304624373956594
0.266709147032623,2.30502173618478,1.98099204802289,7.4275369632545,9.14647948117427,0.0302961977633255,0.569781613524682,-0.0345283719307672,0.00305409015025042
0.266796521634576,2.3045301413708,1.98065744269817,7.42385032069878,9.14441651188033,0.03020792293869,0.569349164689076,-0.0345007907509218,0.00306193656093489
0.266880112119053,2.30403221315353,1.98031860038881,7.42025542729615,9.14247800486152,0.0301184813794549,0.568914960787323,-0.0344712364410802,0.00306978297161937
0.26696004883843,2.30352891490426,1.97997557599377,7.41674862815182,9.14065869841772,0.0300279495374167,0.568479207147959,-0.0344397961864197,0.00307762938230384
0.267117873772786,2.30302702672047,1.97962842384504,7.41106686679055,9.13564273513041,0.0299820059702003,0.568159746294507,-0.0344590431319017,0.00308547579298831
0.267204157651054,2.30251047089019,1.97927719765868,7.4073592830971,9.13350918738496,0.0298968099889951,0.567740093717969,-0.0344325669265931,0.00309332220367279
0.267287223375867,2.3019876787398,1.97892195101662,7.4037281918029,9.13147797318654,0.0298107482600626,0.567319445837033,-0.0344044745559945,0.00310116861435726
0.267366964867037,2.30145892489071,1.97856273615523,7.40017652195434,9.12955346484718,0.029723762038792,0.566897654701594,-0.034374699653019,0.00310901502504174
0.267443228727787,2.30092494393771,1.97819960477492,7.3967085058953,9.12774194793148,0.029635769796539,0.566474519678243,-0.0343431461563967,0.00311686143572621
0.267601819582859,2.30039429394923,1.97783260784568,7.39095351043857,9.12256636317262,0.0295941335211763,0.566171343824107,-0.0343648810502505,0.00312470784641068
0.267684853724155,2.29984870340018,1.97746179617749,7.38727562903218,9.12042731629063,0.0295115713024129,0.565764382792659,-0.0343385095724558,0.00313255425709516
0.267764721679906,2.29929763106522,1.97708721990924,7.38367327669367,9.11838946605529,0.0294281537361613,0.565356435049407,-0.0343105478217963,0.00314040066777963
0.267841331247473,2.298741591947,1.97670892814389,7.38014898200124,9.11645659959153,0.0293438316367299,0.564947379825797,-0.034280938688974,0.00314824707846411
0.267914747054711,2.29818077541701,1.97632696951425,7.37670095148088,9.11462616376792,0.0292586435580398,0.564537323576686,-0.0342497259400181,0.00315609348914858
0.268072046113194,2.29761870784539,1.97594139196585,7.37093412243178,9.10938171324014,0.0292199616080965,0.564246710730943,-0.034272543993873,0.00316393989983306
0.268152107359548,2.29704566259028,1.97555224334158,7.36728218470681,9.10723250926884,0.0291399993472531,0.563852141127106,-0.0342463815564067,0.00317178631051753
0.268229393608234,2.29646697813848,1.97515957072783,7.36369547035057,9.10516963743322,0.0290593768466041,0.563457062941225,-0.034218871269849,0.003179632721202
0.268303999561525,2.29588356632818,1.97476342033332,7.36017138604184,9.10318935800922,0.028978145763696,0.563061610461936,-0.0341900747296804,0.00318747913188648
0.268375650956189,2.29529529418831,1.97436383794738,7.35671746267953,9.10130280098087,0.0288961590607566,0.562665415906611,-0.0341598187309151,0.00319532554257095
0.268528460390843,2.29471203078563,1.97396086871062,7.35103037435036,9.09612483931316,0.0288585300435803,0.562382339502021,-0.0341816120377304,0.00320317195325543
0.268606725212009,2.29411361342504,1.9735545573777,7.34737581801049,9.09392434166613,0.0287816216087208,0.562001096097115,-0.0341563371055663,0.0032110183639399
0.268682251527688,2.29351006826237,1.97314494851079,7.34378596759474,9.09180965545185,0.0287040530579014,0.561619322942188,-0.0341297287293266,0.00321886477462437
0.26875553899439,2.29290197406835,1.97273208558743,7.34024717395169,9.08976078168224,0.0286260901576422,0.561237690238552,-0.0341021050945372,0.00322671118530885
0.268826205909744,2.29228952703828,1.97231601165793,7.3367698844067,9.08779314108263,0.0285475295842163,0.560855689297019,-0.034073224802035,0.00323455759599332
0.268894387220234,2.29167112978867,1.97189676932409,7.33335042694303,9.08590139922807,0.0284684446944097,0.560473509927893,-0.0340431747290258,0.0032424040066778
0.269048826453774,2.29105393446106,1.97147440043996,7.3275710822648,9.08052834320316,0.0284356457790849,0.560208216669767,-0.0340681090069828,0.00325025041736227
0.269123665653146,2.29042653287684,1.97104894699027,7.32395251159594,9.07832494295586,0.0283615153290753,0.559840484386014,-0.0340430093389452,0.00325809682804674
0.269195507912292,2.28979427176411,1.97062045012463,7.32040614424623,9.0762186794792,0.0282865697800098,0.559471815110513,-0.0340164048184463,0.00326594323873122
0.269265883104232,2.28915787407681,1.97018895034313,7.31689038221183,9.07414840019781,0.0282116106839937,0.559104208693472,-0.0339892627967837,0.00327378964941569
0.269333946614966,2.28851708298131,1.96975448771018,7.31342822717441,9.0721480092294,0.0281361945686534,0.558736560992151,-0.0339610499997956,0.00328163606010017
0.269399746870465,2.28787249161535,1.96931710183139,7.31001838237917,9.07021565704984,0.0280603474342102,0.558368940580608,-0.0339317978770147,0.00328948247078464
0.269551699762492,2.28723340175956,1.96887683170785,7.30426420401976,9.06482128337071,0.0280299539439401,0.558115043949113,-0.0339571671802006,0.00329732888146912
0.269623817901577,2.28657945263608,1.96843371636321,7.30066702446058,9.06259466983417,0.0279587463844149,0.55776090465388,-0.0339325967342622,0.00330517529215359
0.269694113646162,2.28592112053874,1.96798779411209,7.29711066921571,9.06041926037329,0.0278873132854936,0.557407266955058,-0.0339072524845155,0.00331302170283806
0.26976211366126,2.28525916018215,1.96753910269434,7.2936079718184,9.05831401476193,0.0278154092237588,0.557053524737545,-0.033880837067903,0.00332086811352254
0.269828487195463,2.28459313175467,1.96708767934365,7.29014085869554,9.05625235898176,0.0277433778423501,0.556700526511764,-0.0338537711169208,0.00332871452420701
0.26989288153864,2.28392249037307,1.96663356099558,7.28671890041688,9.05424844561269,0.0276710372800906,0.556347825659355,-0.0338258333311951,0.00333656093489149
0.270038218867349,2.28325336649448,1.96617678408706,7.28110558695732,9.04900453298907,0.0276407404720918,0.556099397006051,-0.033848969836653,0.00334440734557596
0.270108526829693,2.28257494266146,1.96571738443683,7.27750955332204,9.04672597550652,0.027572704413411,0.55575917950517,-0.0338254109015243,0.00335225375626043
0.270177652863768,2.28189234503954,1.96525539815795,7.27393763816912,9.04447421793098,0.0275047433769317,0.555420168141347,-0.0338014677550898,0.00336010016694491
0.270244296416756,2.28120600492705,1.96479086034167,7.27042489478361,9.04230100274864,0.0274361951322622,0.555080741150642,-0.0337763266453295,0.00336794657762938
0.270309491804502,2.28051572415263,1.96432380571451,7.26694350465202,9.04016535453726,0.0273675825971166,0.554742176427818,-0.0337506343588533,0.00337579298831386
0.270373501420797,2.27982197265909,1.96385426862698,7.26348646707994,9.03805698978915,0.0272990360295578,0.55440478982225,-0.0337245539956913,0.00338363939899833
0.270435724876785,2.27912469200885,1.963382283012,7.26006996267431,9.03599982371986,0.0272302507814789,0.554067838377333,-0.0336977105607528,0.0033914858096828
0.270496750434712,2.27842391671542,1.96290788246616,7.25667823850599,9.03397065967669,0.0271615219563913,0.553732040365401,-0.0336704704090441,0.00339933222036728
0.27064505536832,2.27772882240737,1.96243109998319,7.25094015596379,9.02846866185897,0.0271371167375662,0.553504672529863,-0.0336978827965102,0.00340717863105175
0.270711123871176,2.27702043562059,1.96195196867393,7.24740062623939,9.02620376529656,0.0270720993721359,0.553179691954397,-0.0336744135646712,0.00341502504173623
0.270776084771173,2.27630832587353,1.96147052099029,7.24388390004193,9.02396401373123,0.0270071603504897,0.552855881835502,-0.0336505923996862,0.0034228714524207
0.27083986400311,2.275592926455,1.96098678890651,7.24039201586659,9.02175245694953,0.0269422595375379,0.552533141390524,-0.0336263722717299,0.00343071786310518
0.270902236857352,2.27487418599631,1.96050080406024,7.23693103018774,9.01957808088023,0.0268772830430338,0.552211193741538,-0.0336016129479794,0.00343856427378965
0.27096335474947,2.27415218224854,1.9600125977171,7.2334969410506,9.01743501731089,0.0268123033938921,0.551890211172335,-0.0335764077795562,0.00344641068447412
0.271023490454279,2.27342720429244,1.95952220082545,7.23008251993574,9.01531262802204,0.0267474532837053,0.551570510930893,-0.0335509249431061,0.0034542570951586
0.271082284231913,2.27269912444016,1.95902964397175,7.2266974196506,9.01322521297975,0.0266825528262662,0.551251658871195,-0.0335249409051689,0.00346210350584307
0.271225261214595,2.27197360448737,1.95853495729752,7.22106395446666,9.00780562228437,0.0266595476915042,0.551033997127241,-0.0335513265164309,0.00346994991652755
0.271289002444578,2.2712386650388,1.95803817065549,7.21753610729392,9.00549014234354,0.0265981767180404,0.550725328891843,-0.033528998941485,0.00347779632721202
0.271351478606264,2.27050037678782,1.95753931381572,7.21403592075555,9.003207251027,0.0265367737736499,0.550417521927275,-0.0335062075772119,0.00348564273789649
0.271413613719453,2.26975871941998,1.957038415899,7.21053888594512,9.00092074740805,0.0264757858136414,0.550111637071922,-0.0334835215760908,0.00349348914858097
0.271474290352833,2.26901426592877,1.95653550577197,7.20707475919385,8.99867466601198,0.0264146654677611,0.549806366596742,-0.0334602503533815,0.00350133555926544
0.271533815178424,2.26826660082192,1.95603061191959,7.20363543168385,8.99645705688395,0.0263535599704541,0.549502059115,-0.0334365824191977,0.00350918196994992
0.271592778384695,2.2675159759526,1.95552376249076,7.20020530045493,8.99424487847389,0.0262927522576128,0.549199382234657,-0.0334128800573934,0.00351702838063439
0.271650889692585,2.2667626135868,1.95501498541949,7.19679213137087,8.99204965066722,0.0262320983673841,0.548897990116922,-0.0333889632360165,0.00352487479131886
0.271707801526166,2.26600629946248,1.95450430817843,7.19340518454052,8.98988510962223,0.0261714285007175,0.548597479105496,-0.0333646174009347,0.00353272120200334
0.271764006746371,2.26524728526413,1.95399175807614,7.19003145953666,8.98773205719544,0.0261109770940679,0.54829839928726,-0.0333401443447056,0.00354056761268781
0.271819537674555,2.26448565679037,1.95347736197719,7.18667016613079,8.98558935654536,0.0260507573655153,0.548000779275649,-0.0333155625375335,0.00354841402337229
0.271964118024815,2.26372752243581,1.95296114635285,7.18095151866562,8.97994806047803,0.0260336228395536,0.547805247239015,-0.0333458449053533,0.00355626043405676
0.272023647387933,2.26295977154855,1.95244313779362,7.1774757692637,8.97761944606558,0.0259763059776668,0.547516068654241,-0.0333242633242465,0.00356410684474124
0.27208234418894,2.26218954964842,1.95192336228498,7.17401699880062,8.97530797261707,0.0259191250706103,0.547228091866018,-0.0333024664952042,0.00357195325542571
0.272140602409051,2.26141645632154,1.95140184551729,7.17056487801906,8.97299837601149,0.0258622639962826,0.546941742712871,-0.0332806941391359,0.00357979966611018
0.272197953701431,2.26064077055698,1.95087861290123,7.16713181114181,8.9707090588674,0.0258054974691351,0.546656490241089,-0.0332586585052453,0.00358764607679466
0.272255087482035,2.25986254863106,1.95035368956363,7.16369970383869,8.96841325099858,0.0257491480398181,0.546373081775426,-0.0332367793807541,0.00359549248747913
0.272311150454547,2.25908168847862,1.94982710034445,7.16029107544718,8.96614434275948,0.0256928095993796,0.546090566859782,-0.0332145344563902,0.00360333889816361
0.272366666636625,2.25829847913187,1.94929886981168,7.15689219199616,8.96388202080616,0.0256367266415971,0.545809511034451,-0.0331922423449005,0.00361118530884808
0.272421924772774,2.25751282829168,1.94876902224351,7.15349553406531,8.96161517200624,0.025581030938959,0.545530214220186,-0.0331700773805307,0.00361903171953255
0.272476261122198,2.25672467783389,1.9482375816328,7.15011859605295,8.95936975113058,0.0255254075364972,0.545251941344249,-0.0331476339860115,0.00362687813021703
0.272530402918833,2.25593427800408,1.94770457178438,7.14674234846545,8.95711758623627,0.0254701949730458,0.544975473351418,-0.0331253533010636,0.0036347245409015
0.272583978496842,2.25514150655657,1.94717001610932,7.14337660946527,8.95487325743152,0.02541521488179,0.544700390859837,-0.0331030077210462,0.00364257095158598
0.272637070190153,2.25434632848979,1.94663393783372,7.14001928085577,8.95263368413705,0.0253605027213987,0.544426771485905,-0.0330806458677937,0.00365041736227045
0.272689644546879,2.25354918665088,1.94609635992,7.13667129954193,8.95040028451264,0.0253060397219535,0.54415456735117,-0.0330582460270074,0.00365826377295493
0.272829844178208,2.2527568899042,1.94555730494356,7.13102817180348,8.94475426759727,0.0252925953051694,0.543977232923449,-0.033089228450372,0.0036661101836394
0.272885497529627,2.25195458528378,1.9450167954238,7.127593122506,8.9423760100587,0.0252404304712377,0.543711792678161,-0.0330691934937558,0.00367395659432387
0.27294043277668,2.25115008308318,1.94447485361481,7.12417297002593,8.9400122180487,0.0251884063112587,0.543447492450936,-0.0330489910707227,0.00368180300500835
0.272995163075066,2.25034351393234,1.94393150141662,7.12075437352014,8.93764312711234,0.025136755396539,0.543184858065256,-0.0330289304401497,0.00368964941569282
0.27304881834815,2.249534741687,1.94338676053073,7.11736008340026,8.93530252552436,0.0250850756450041,0.542922968841325,-0.0330084841003836,0.0036974958263773
0.273103054373463,2.24872388804763,1.94284065233096,7.11394699260361,8.93292646896521,0.0250341221142328,0.542663538049901,-0.0329886512586072,0.00370534223706177
0.273156421572919,2.24791108355029,1.94229319806415,7.11055294574379,8.93057114868996,0.024983227828211,0.542405043124184,-0.0329685545402756,0.00371318864774624
0.273209429961416,2.24709608009591,1.94174441870979,7.10716470871452,8.92821695160679,0.0249326229603961,0.542148002541968,-0.0329485006321654,0.00372103505843072
0.27326178057062,2.24627934512117,1.94119433493726,7.1037901124837,8.92587553138183,0.0248821684082949,0.541892096736347,-0.0329283079655278,0.00372888146911519
0.273314323253688,2.24546051388013,1.94064296726591,7.10040712160051,8.92351419877778,0.0248322470375563,0.541638186006181,-0.0329084870388763,0.00373672787979967
0.273366886832113,2.2446395366633,1.94009033595579,7.09702026620102,8.92113970114382,0.0247827767694875,0.541386077647956,-0.0328889326872929,0.00374457429048414
0.273418152128726,2.24381716538453,1.93953646108028,7.0936638477724,8.91880300533071,0.0247331579523078,0.541134416745324,-0.0328688501526569,0.00375242070116861
0.273469417887161,2.24299277769956,1.93898136242925,7.09030420077653,8.91645414425088,0.0246839749033215,0.540884514102582,-0.0328490192568616,0.00376026711185309
0.273520704328092,2.24216640129865,1.93842505956738,7.08694087465574,8.91409247072778,0.0246352327492272,0.540636374548237,-0.0328294502348108,0.00376811352253756
0.273571791280828,2.2413385038154,1.93786757193963,7.08357964418328,8.91172658616594,0.0245868288443168,0.54038976208474,-0.032810009173012,0.00377595993322204
0.273622379730968,2.24050872087562,1.93730891865205,7.08022830792152,8.90936810283716,0.0245386256084476,0.540144363459314,-0.0327905153395903,0.00378380634390651
0.273673063633595,2.2396771137301,1.93674911866935,7.07687155233643,8.90699429279718,0.0244908862642689,0.539900761871508,-0.0327713231639351,0.00379165275459098
0.273723145069198,2.23884366437352,1.93618819075194,7.07352748801153,8.90463209252657,0.0244432951215447,0.539658247490435,-0.0327520131868324,0.00379949916527546
0.273773057052993,2.2380075654815,1.93562615337841,7.0701849707721,8.9022649674819,0.0243960425990129,0.53941723953988,-0.0327328432619079,0.00380734557595993
0.273823260108657,2.23716964824637,1.93506302495002,7.06683217555059,8.89987536359587,0.0243493300651259,0.539178178972078,-0.0327140869050853,0.00381519198664441
0.273872977562063,2.23633037671763,1.93449882353171,7.06348921588414,8.89749320130482,0.0243028089277361,0.5389402871082,-0.0326952783844714,0.00382303839732888
0.273922523264258,2.23548934516467,1.93393356704675,7.0601480447851,8.89510654404342,0.0242566148896833,0.538703858340072,-0.0326766037831137,0.00383088480801336
0.27397188129532,2.23464681614714,1.93336727324195,7.05680912983158,8.89271611098081,0.0242107385510845,0.538468868178211,-0.0326580521051985,0.00383873121869783
0.274020931480424,2.23380287266214,1.93279995963454,7.05347562024696,8.89032660957237,0.0241651232204396,0.538235185387214,-0.0326395503104634,0.0038465776293823
0.27407022996143,2.23295713619827,1.93223164353025,7.05013325891749,8.88791686052726,0.0241200109026545,0.538003337273989,-0.0326214280523704,0.00385442404006678
0.274118925765411,2.23211017741926,1.93166234213399,7.04680399844808,8.88551953640279,0.0240750239008859,0.537772488301228,-0.0326031772852043,0.00386227045075125
0.274167803328723,2.23126170943416,1.93109207235114,7.04346771905888,8.88310473526895,0.0240305037942822,0.53754338280497,-0.0325852632491291,0.00387011686143573
0.274216390229515,2.23041170053674,1.93052085092879,7.04013662098378,8.8806906280069,0.0239862404344866,0.537315555346284,-0.0325674035322424,0.0038779632721202
0.274264894909095,2.22956048169596,1.92994869450919,7.0368054035821,8.87826935249572,0.0239423208740264,0.537089188788473,-0.0325497205525556,0.00388580968280467
0.274313072072589,2.22870792391558,1.92937561942956,7.03348041291671,8.87585037490534,0.02389863634671,0.536864043314855,-0.0325320673455346,0.00389365609348915
0.274361341921048,2.22785383062341,1.92880164193608,7.0301509258951,8.87341776179218,0.0238553666470584,0.536640504688871,-0.032514691692885,0.00390150250417362
0.274409427511201,2.22699870917435,1.92822677805831,7.02682409837982,8.87098218432455,0.0238123875833138,0.536418296188996,-0.0324974279094293,0.0039093489148581
0.274457328794933,2.22614225327399,1.92765104366626,7.02349998132694,8.86854374198441,0.0237696968324301,0.536197408938001,-0.0324802746205033,0.00391719532554257
0.274504932415741,2.22528443612024,1.92707445444834,7.02018152274858,8.86610684720048,0.0237272424531362,0.535977725487645,-0.0324631634717766,0.00392504173622705
0.27455255162373,2.22442570468377,1.92649702590529,7.01686075948593,8.8636596682321,0.02368515707226,0.535759527699297,-0.0324462783652601,0.00393288814691152
0.274600001200493,2.22356566599161,1.92591877338881,7.01354247985835,8.86120935639347,0.0236433568820653,0.535542627584055,-0.0324295083894495,0.00394073455759599
0.274647303417741,2.22270252590836,1.92533971206774,7.01022616318675,8.85875515950274,0.0236018499053979,0.535327040002884,-0.032412865374828,0.00394858096828047
0.274694447408931,2.22183844264965,1.92475985699825,7.00691213511465,8.85629758536904,0.0235606282716796,0.535112742261262,-0.0323963415915733,0.00395642737896494
0.274740943965207,2.22097322454256,1.92417922297408,7.00361291332594,8.85385530271909,0.0235194800841672,0.534899276134939,-0.0323796474972266,0.00396427378964942
0.274787918669947,2.22010666252028,1.92359782467819,7.00029984574634,8.85138565704868,0.0234788837932196,0.534687660287917,-0.0323634451383509,0.00397212020033389
0.274834389463026,2.21923937032784,1.92301567667039,6.99699801188487,8.84892602858949,0.0234384173822737,0.534476988145478,-0.0323471546365138,0.00397996661101836
0.274880810390599,2.21837085629861,1.92243279329224,6.99369588790322,8.846459273536,0.0233982719280389,0.534267662984265,-0.032331042121962,0.00398781302170284
0.27492637523003,2.21750146070926,1.92184918875603,6.99041402320178,8.84401603566729,0.0233581025290275,0.534058947132726,-0.0323146324919353,0.00399565943238731
0.274972761066462,2.21663106716167,1.92126487710445,6.98710981281551,8.84153284992597,0.0233186183561844,0.533852342518638,-0.0322989101034863,0.00400350584307179
0.275018414562543,2.21575966718635,1.92067987223037,6.98382279341365,8.83906865669933,0.0232791582169633,0.533646441132576,-0.0322829610855899,0.00401135225375626
0.27506362837037,2.21488739157753,1.92009418793118,6.98054555343027,8.83661243724859,0.0232398442905034,0.533441499019292,-0.0322669565219267,0.00401919866444073
0.275108683704628,2.21401433551845,1.91950783775055,6.97727098942262,8.83415362746036,0.0232007931791706,0.533237758888428,-0.0322510603339255,0.00402704507512521
0.275153089323288,2.21314026161945,1.91892083516612,6.97401159436561,8.83171087666999,0.0231617967740581,0.533034780046639,-0.0322349836723648,0.00403489148580968
0.27519691627007,2.21226534599758,1.91833319350705,6.97076558672066,8.82928155677964,0.0231228831101942,0.532832618327448,-0.0322187675306803,0.00404273789649416
0.275242088074236,2.21138959794291,1.91774492584937,6.9674842945245,8.82679311070645,0.023084854295468,0.532632948992115,-0.0322035360487645,0.00405058430717863
0.275286080608951,2.21051115328868,1.91715604529203,6.96423168600153,8.8243409485568,0.0230466521366287,0.532433551531061,-0.0321878112574334,0.00405843071786311
0.27532951308032,2.20963160372804,1.91656656470509,6.96099209729827,8.82190174026522,0.0230085348683522,0.532234965764587,-0.0321719548316442,0.00406627712854758
0.275283848277839,2.20874237370534,1.91597649680538,6.96000331581976,8.82281412858392,0.0229336533702467,0.531960490093874,-0.0321042988817621,0.00407412353923205
0.275330398447394,2.20786160004088,1.91538585402406,6.95668137199904,8.82023953502422,0.0228975292582948,0.531767448964351,-0.032090679097643,0.00408196994991653
0.275376485247072,2.20698045363113,1.91479464891896,6.95337020951872,8.81767459628145,0.0228615178851253,0.531575253920611,-0.0320769787464576,0.004089816360601
0.275422527012115,2.20609852169298,1.9142028938788,6.95005929487605,8.81510362449694,0.0228257913054198,0.531384258990634,-0.0320634405574589,0.00409766277128548
0.275467991860775,2.20521618122765,1.91361060102557,6.94676208331577,8.81254671443449,0.0227901267276686,0.531193998376796,-0.0320497539300119,0.00410550918196995
0.275513031663917,2.20433339016252,1.91301778243858,6.9434747637352,8.80999820649488,0.0227545854719707,0.531004596138436,-0.0320360065294987,0.00411335559265442
0.275557944210258,2.20344707742569,1.91242445001779,6.94018985915557,8.80744696854965,0.0227192891651699,0.530816300923334,-0.0320223705923321,0.0041212020033389
0.275602566670619,2.20256039388974,1.91183061561434,6.93691150525177,8.80489919402182,0.0226841683718498,0.530628965324414,-0.0320087504912965,0.00412904841402337
0.275646712727159,2.20167327935124,1.91123629084468,6.93364441728879,8.80236194396643,0.02264914498411,0.530442426191833,-0.0319950372091009,0.00413689482470785
0.275690165554987,2.20078558274875,1.91064148726727,6.93039406545747,8.79984340931979,0.0226141280008294,0.530256493086351,-0.0319811043196076,0.00414474123539232
0.275732770326957,2.1998976655841,1.91004621632804,6.92716434852179,8.79734943829795,0.0225790549062222,0.530071040518673,-0.0319668616622128,0.00415258764607679
0.275776374996476,2.19900894585323,1.90945048924797,6.92390887099147,8.79481079066525,0.02254467754431,0.529887596695751,-0.031953379252154,0.00416043405676127
0.275817774880843,2.19811983679278,1.90885431734673,6.9207081311978,8.79234767355597,0.0225096882370204,0.529703496642336,-0.0319387999560961,0.00416828046744574
0.275859984494002,2.19723025007399,1.90825771154954,6.91748647434233,8.78984715350329,0.0224753131250578,0.529521231679385,-0.0319248687072454,0.00417612687813022
0.275900805882971,2.19634012635316,1.90766068290396,6.91429906048603,8.78739162277502,0.0224406582931454,0.529338986561658,-0.0319103129467524,0.00418397328881469
0.275852777045647,2.19544046462789,1.90706324216859,6.91333711624376,8.78825442678851,0.0223702937666797,0.529085179270696,-0.0318446102395479,0.00419181969949917
0.275898169659297,2.19454718638302,1.90646539979952,6.9100327927285,8.78561235930221,0.0223381130203138,0.528909226672692,-0.031833074457798,0.00419966611018364
0.275943158330683,2.19365357002144,1.90586716654913,6.90673825029278,8.7829787796691,0.0223060396716822,0.528734054020035,-0.0318214778415797,0.00420751252086811
0.27598756885991,2.19276005157546,1.90526855288605,6.90345786499231,8.78036024811922,0.0222740008224124,0.528559509450101,-0.0318097193000481,0.00421535893155259
0.276031424464011,2.19186633197622,1.90466956915082,6.90019106646732,8.77775593865461,0.0222420055902107,0.528385611126452,-0.0317978116769871,0.00422320534223706
0.276074173323843,2.19097236723566,1.9040702256025,6.89695165135554,8.77518648882596,0.0222098314965306,0.528211912496369,-0.0317854368147872,0.00423105175292154
0.276117003693674,2.19007838436393,1.90347053234756,6.89370993775988,8.77260758196773,0.0221779547396749,0.528039364238443,-0.0317732782969073,0.00423889816360601
0.276158544412731,2.18918408992026,1.90287049943492,6.89050017801008,8.77007041959722,0.0221458247505313,0.527866865600053,-0.0317605466818867,0.00424674457429048
0.27619986122097,2.18828636637449,1.90227013679367,6.88729577337399,8.76753528565752,0.0221138677688988,0.527695265766377,-0.0317478545710782,0.00425459098497496
0.276239645536668,2.18738888708695,1.90166945428412,6.88412936017794,8.76505098028491,0.0220815616204914,0.527523527849717,-0.0317344497780649,0.00426243739565943
0.276279611440314,2.1864907954176,1.90106846157547,6.8809582135458,8.76255367670448,0.0220495885471954,0.527353003687486,-0.0317213164769759,0.00427028380634391
0.276230337810114,2.18558496552116,1.9004671682679,6.88000884817482,8.76337221719035,0.0219824031645465,0.527113460144692,-0.0316571728020834,0.00427813021702838
0.276275088739634,2.18468728938227,1.89986558358839,6.8767169427239,8.76068289998556,0.0219529062905199,0.526949051058882,-0.0316471369939793,0.00428597662771285
0.276319284371349,2.18378956165902,1.89926371710455,6.87343889669353,8.75800839288489,0.0219234367453429,0.526785225082015,-0.0316369439956067,0.00429382303839733
0.276362534639399,2.18288945526822,1.89866157808567,6.87018441397298,8.7553632278712,0.0218938386021449,0.526621672655067,-0.0316263701383751,0.0043016694490818
0.276404928886936,2.18198852535735,1.89805917574734,6.86695126382406,8.75274409980298,0.0218641471870134,0.52645846329194,-0.0316154663904998,0.00430951585976628
0.276446202050549,2.181087649361,1.89745651918564,6.86374602042348,8.75016086723472,0.0218342583886485,0.526295394412371,-0.0316040810953826,0.00431736227045075
0.276486727422052,2.18018701404397,1.89685361741209,6.86055940224781,8.74759968224072,0.0218043193591668,0.526132754102734,-0.0315924275847685,0.00432520868113523
0.276526073252397,2.17928617708093,1.89625047933969,6.85740211415399,8.74507658193193,0.0217741608444317,0.525970213658248,-0.031580259191086,0.0043330550918197
0.276564341604563,2.17838505436453,1.89564711383772,6.85427160580287,8.74258778406421,0.0217438237394994,0.525807854872434,-0.0315676344039349,0.00434090150250417
0.276513770545826,2.17747785885335,1.89504352952226,6.85334233366216,8.74338638601982,0.0216789407902513,0.525579029730847,-0.0315045180542826,0.00434874791318865
0.276558437747622,2.17657355288961,1.89443973478056,6.85005219948977,8.74064766925191,0.0216516487176538,0.525423747025386,-0.0314958757052136,0.00435659432387312
0.276602082293725,2.17567006511856,1.89383573824487,6.84678771229858,8.7379415730499,0.0216241861527298,0.525268634945038,-0.0314868032330895,0.0043644407345576
0.276644146214438,2.17476699840191,1.89323154842372,6.84356265740827,8.73528874856826,0.0215963368454234,0.525113279512575,-0.0314769831769069,0.00437228714524207
0.276685498943512,2.17386412487445,1.89262717358702,6.84035549681416,8.73265701097506,0.0215684395071155,0.524958333164348,-0.0314669103279498,0.00438013355592654
0.276725231681245,2.17296172941252,1.89202262202831,6.83718868183186,8.7300799779733,0.0215401416800393,0.524803120641962,-0.0314560680325758,0.00438797996661102
0.276764304798942,2.17205915139165,1.89141790193234,6.83403845487364,8.72752213733656,0.0215118172488318,0.524648361862278,-0.0314450023318573,0.00439582637729549
0.276801980605085,2.17115644652955,1.89081302148496,6.83092302067952,8.7250107590845,0.0214831817958035,0.524493515832671,-0.0314332943156135,0.00440367278797997
0.276750317026841,2.17024132257971,1.89020798857966,6.83001200824761,8.72579344385716,0.0214202390444375,0.524273750292605,-0.0313710613124036,0.00441151919866444
0.276794550421159,2.16933605336796,1.88960281076888,6.82673415316065,8.72302812850507,0.0213946475833266,0.524125832441222,-0.031363391000336,0.00441936560934891
0.276837264883796,2.16843175043289,1.88899749611017,6.82349428969793,8.72031407399182,0.0213686864574656,0.523977692898001,-0.0313550054203985,0.00442721202003339
0.276878928378462,2.16752776261433,1.88839205229899,6.82028084751098,8.71763399893653,0.0213425358806362,0.523829673276054,-0.0313461697982872,0.00443505843071786
0.276918973560421,2.16662427983403,1.88778648700275,6.81710777246854,8.71500880804129,0.0213159789430242,0.523681365666366,-0.0313365632349246,0.00444290484140234
0.276957707481978,2.16571807487989,1.88718080783239,6.81396746452775,8.71242716164385,0.0212891356253651,0.523533001674387,-0.0313263599432714,0.00445075125208681
0.276994684912601,2.16481144353067,1.88657502236246,6.81087084020304,8.70990543674426,0.0212618375800334,0.523384269129361,-0.0313153087684001,0.00445859766277129
0.276940864413456,2.16389699128666,1.88596913799854,6.81000668497552,8.71072131126404,0.0212000403917794,0.523171208125226,-0.0312531283009527,0.00446644407345576
0.276985055072448,2.16299146054818,1.88536316161703,6.80673244671592,8.70792305392382,0.0211759862210829,0.523029657160514,-0.0312464554756534,0.00447429048414023
0.27702765820202,2.16208681528676,1.8847571007096,6.80349793570127,8.70517880232883,0.0211515307196658,0.522887816490656,-0.0312390265226289,0.00448213689482471
0.2770684994659,2.16117945173927,1.88415096242125,6.80030738266276,8.70249492776297,0.0211266074367596,0.522745561397135,-0.0312307436026156,0.00448998330550918
0.27710836331962,2.16027168496393,1.88354475386485,6.79714149115143,8.69984257295596,0.0211015185024872,0.522603464129321,-0.03122204918491,0.00449782971619366
0.277146020902248,2.15936470820978,1.88293848214454,6.79403036714956,8.69726685416691,0.0210757972491059,0.522460655608205,-0.0312122515830779,0.00450567612687813
0.27718209030764,2.15845797538636,1.88233215429896,6.7909587961105,8.69474502686895,0.0210496826214267,0.52231759066248,-0.0312016998129956,0.0045135225375626
0.277130875610971,2.15754604710933,1.8817257769755,6.7900257336069,8.69542160019737,0.0209907595309596,0.52211427132542,-0.0311422056223518,0.00452136894824708
0.27717406334112,2.1566375611886,1.8811193567234,6.78677988137837,8.69262834491836,0.0209677980733952,0.521978088059074,-0.0311359484108412,0.00452921535893155
0.277215829601247,2.15572893971019,1.88051290046364,6.78356969430139,8.68988316466833,0.0209444942255978,0.521841718441904,-0.0311290269261233,0.00453706176961603
0.27725571862279,2.15482141215439,1.87990641482336,6.78040627678089,8.68720272677632,0.0209206769692745,0.521704848982528,-0.0311211857306525,0.0045449081803005
0.277293224323674,2.15391459405779,1.8792999064644,6.77730193749979,8.68460551027217,0.0208961591118462,0.521567142962543,-0.0311121417894502,0.00455275459098498
0.277329024822473,2.15300790062067,1.87869338199219,6.77424003201541,8.68206662275157,0.0208712000375567,0.521429086890846,-0.0311022766025509,0.00456060100166945
0.27727596038699,2.15209366427326,1.87808684775103,6.77334899545497,8.68277577666319,0.0208131266999119,0.521230993006192,-0.0310427611226101,0.00456844741235392
0.277319186134426,2.15118449665895,1.87748030970129,6.77010608559629,8.67995551220528,0.0207913945329978,0.521099849512223,-0.0310373372982675,0.0045762938230384
0.277360744385311,2.15027669768923,1.87687377436858,6.76690487880008,8.67719248584333,0.0207692231465483,0.520968335208352,-0.0310311099093686,0.00458414023372287
0.277400046794471,2.1493698936839,1.8762672479781,6.76375966644392,8.6745081485249,0.0207463948243466,0.520836058770397,-0.0310237505027671,0.00459198664440735
0.277437025876594,2.14846357418475,1.87566073681349,6.76067201516138,8.67190489164275,0.0207228882990742,0.520702990413229,-0.0310152224684586,0.00459983305509182
0.277472198781213,2.14755767691259,1.87505424704212,6.75762925178893,8.66936376644375,0.0206989004369389,0.520569496555639,-0.0310058159741821,0.00460767946577629
0.277420607691629,2.14663941725804,1.87444778449664,6.7566998720593,8.66998567522447,0.0206428640941723,0.520378660771166,-0.0309481048431762,0.00461552587646077
0.277463359580307,2.1457317271223,1.87384135488951,6.75347317110228,8.66715887804093,0.0206221164003669,0.520251993445193,-0.030943200314681,0.00462337228714524
0.277504253678188,2.14482522109682,1.87323496428097,6.7502927953432,8.66439636818617,0.0206008567062849,0.520124822283216,-0.0309373853340311,0.00463121869782972
0.277541650157386,2.14391960466336,1.87262861859713,6.7471985467234,8.66175784448492,0.0205784806903918,0.519996069487656,-0.0309297470354771,0.00463906510851419
0.277577586581698,2.14301311797047,1.87202232366029,6.74414078857662,8.65916895639799,0.0205557471893451,0.519867106127119,-0.0309214220878527,0.00464691151919866
0.277520631807978,2.14209506905905,1.87141608531566,6.74334038923107,8.65995975377174,0.020498927354589,0.519677800089221,-0.0308615322798182,0.00465475792988314
0.277564651453232,2.14118785137431,1.87080990858889,6.74008703483669,8.65706783861745,0.0204795894412224,0.519555857340148,-0.0308579685653197,0.00466260434056761
0.27760611324393,2.140282076953,1.87020379937709,6.73689702839418,8.6542658147011,0.0204594781904302,0.519432941493511,-0.0308531046026497,0.00467045075125209
0.277644653750003,2.13937611814613,1.86959776316384,6.7337790874492,8.65156679897348,0.0204384636247408,0.519308829631912,-0.0308467395500627,0.00467829716193656
0.277680509914473,2.13846808872181,1.86899180557668,6.7307273605639,8.64896206987207,0.0204166369405076,0.519183692508492,-0.030839006524082,0.00468614357262104
0.277714399406268,2.13756028990459,1.86838593219345,6.72772436786826,8.64642546346942,0.0203942698855935,0.519058031162596,-0.0308303053697206,0.00469398998330551
0.277665223146199,2.13664633997427,1.867780147759,6.7267341822478,8.64690297254314,0.0203416940868611,0.518879627086184,-0.0307756545153406,0.00470183639398998
0.27770711232903,2.1357410226338,1.86717445772472,6.72353848652055,8.64406773421286,0.0203226432723285,0.51876072567863,-0.030771643664473,0.00470968280467446
0.277746011053369,2.134832693585,1.86656886738067,6.72041647079502,8.64133802499763,0.0203026640967318,0.51864058909036,-0.0307660947214969,0.00471752921535893
0.277782007431926,2.13392581841465,1.86596338200199,6.71736589152295,8.63871053219937,0.0202817942471334,0.518519295838857,-0.0307590579927628,0.00472537562604341
0.277815260221061,2.13301929959569,1.86535800698926,6.71438280785932,8.63617939624353,0.0202600983809557,0.518396975206236,-0.0307506231253132,0.00473322203672788
0.277765643651871,2.13210845517385,1.86475274671508,6.71340314877894,8.63664906655569,0.0202084707494439,0.51822298185455,-0.0306964790805913,0.00474106844741235
0.277806833003168,2.13120009355374,1.86414760635481,6.71022950084729,8.63382259670648,0.0201900364860275,0.518107242141438,-0.0306926797309157,0.00474891485809683
0.277846020277107,2.1302932135416,1.8635425909485,6.70710557268343,8.63106582488701,0.0201710341693309,0.517990900715862,-0.0306878899399813,0.0047567612687813
0.277881503938739,2.12938777775032,1.86293770551575,6.70407234418326,8.62844026508755,0.0201508522565446,0.517872909250771,-0.0306811714948343,0.00476460767946578
0.277821626663962,2.1284779260804,1.86233295513758,6.70334047604639,8.62926293906825,0.0200963823992719,0.517696214769347,-0.0306219726018916,0.00477245409015025
0.277865923263346,2.12757005692351,1.8617283438491,6.70009593830135,8.62631105864279,0.0200797603080028,0.517585259874313,-0.030620355590024,0.00478030050083472
0.277906834671878,2.12666362438141,1.86112387668258,6.69693452800465,8.62347903606449,0.0200620667553162,0.517472831332571,-0.030616985465082,0.0047881469115192
0.277943767403551,2.12575906195625,1.8605195584061,6.69387040330636,8.6207881686111,0.0200430937861115,0.51735858492102,-0.0306115369052505,0.00479599332220367
0.277978617906358,2.12485522368807,1.8599153937868,6.69085776379155,8.61816979883467,0.0200235296976525,0.517243713123944,-0.0306050558129702,0.00480383973288815
0.277922809083669,2.12394321297264,1.85931138745381,6.69002804621936,8.61882279555301,0.019971593831842,0.517074061287006,-0.0305488217482315,0.00481168614357262
0.277965341230349,2.1230375300317,1.85870754337237,6.68683201706097,8.61592005245219,0.0199551469245836,0.516965375377221,-0.0305467994525217,0.0048195325542571
0.278005259868457,2.12213347451976,1.85810386628672,6.68370039892738,8.61310920129577,0.0199379105416495,0.516855711990795,-0.0305434507700681,0.00482737896494157
0.278041663068901,2.12123106891983,1.85750036074576,6.68065476318728,8.61042265943478,0.019919565080768,0.516744535268386,-0.0305382815913059,0.00483522537562604
0.27807332610426,2.12032912980765,1.85689703151024,6.67772438847306,8.60790442857447,0.0198996840001435,0.516631149678092,-0.0305306220580176,0.00484307178631052
0.278023384590758,2.11941491921304,1.85629388211023,6.67675449258573,8.60832451211574,0.0198508689059357,0.516469385576405,-0.0304783062204676,0.00485091819699499
0.278064022282828,2.11851218752021,1.85569091706696,6.67361027806566,8.60547627041282,0.0198345321633758,0.516362819082566,-0.0304757972732677,0.00485876460767947
0.278101865400469,2.11761085534082,1.85508814070445,6.67053469070807,8.60272635940838,0.0198173434493944,0.516255177220034,-0.030471864593605,0.00486661101836394
0.278135420526956,2.11671061514307,1.85448555745628,6.66756342627188,8.60012840881794,0.0197987799503469,0.5161456021028,-0.0304656920025757,0.00487445742904841
0.278080640113982,2.11579650333301,1.85388317137892,6.66671067291502,8.60070644092143,0.0197490431013516,0.515984362747271,-0.0304112855056127,0.00488230383973289
0.278123015378921,2.11489504586804,1.85328098609184,6.66352974624157,8.59778484478339,0.0197339466435384,0.515881409741278,-0.0304101613363982,0.00489015025041736
0.278161137391909,2.11399541690443,1.85267900590724,6.66045236684862,8.59501405079407,0.019717481368285,0.515776524304467,-0.0304068170365906,0.00489799666110184
0.278195560993615,2.11309421334402,1.85207723503868,6.65746508831314,8.59237394244459,0.0196998512593895,0.515670062991325,-0.0304015578450648,0.00490584307178631
0.278137520727844,2.11218297923293,1.85147567758232,6.65669152704492,8.59305321874649,0.0196497468414615,0.515510266725116,-0.0303459224201249,0.00491368948247079
0.278180934535808,2.11128281617902,1.85087433678799,6.65349097297587,8.59008412829734,0.0196356212837064,0.515410422707159,-0.030345787802558,0.00492153589315526
0.27821985748513,2.11038466133993,1.85027321683075,6.65039955650771,8.58727430020524,0.0196200450854014,0.515308521382781,-0.0303433063781203,0.00492938230383973
0.278254446110741,2.10948288374551,1.84967232172172,6.64741335700194,8.58461792025915,0.0196030819430919,0.515204687036358,-0.0303385655817813,0.00493722871452421
0.278194763083579,2.10857431495812,1.84907165547346,6.64668031481938,8.58534063370742,0.0195531701256327,0.515047237271572,-0.0302825774549915,0.00494507512520868
0.278238652540199,2.10767607184479,1.8484712210982,6.64347388194433,8.58234490382239,0.0195397968501817,0.514950090686898,-0.0302831141797293,0.00495292153589316
0.27827755737801,2.10677693034751,1.8478710225785,6.64038825117461,8.57952602293682,0.019524803825409,0.514850625806949,-0.0302810388492343,0.00496076794657763
0.278312945437857,2.1058769301348,1.84727106377441,6.63738821371812,8.57683120059632,0.019508712623612,0.514749709952901,-0.03027715189909,0.0049686143572621
0.278252330566751,2.10497113960442,1.84667134860626,6.63667881898749,8.57757225484082,0.0194592296985307,0.514594960302157,-0.0302211888549706,0.00497646076794658
0.27829635891836,2.10407461564292,1.84607187984733,6.63347478573691,8.57456253228856,0.0194464732588402,0.514500246825637,-0.0302222039415504,0.00498430717863105
0.278335601187033,2.10317464508752,1.84547266134023,6.63038667518546,8.57172241053233,0.0194321707606863,0.51440335093432,-0.0302207187239924,0.00499215358931553
0.278369988948404,2.10227689724549,1.84487369677542,6.62741592132392,8.56905411740442,0.0194163071505373,0.514304267887475,-0.0302166981868985,0.005
