C,Mb,M,R,Rp,kl,hl,jl,rhoc
0.0094416542976829,0.0970776842605399,0.0969294138846865,10.2661473115441,10.3751241075738,0.0255378668268805,1.02408704829837,-0.000288924623389127,0.000347078464106845
0.0101066017650521,0.100635882045691,0.100452718170712,9.9393169441058,10.0498128618122,0.0274020260166174,1.02601927459786,-0.000325200974742529,0.000354924874791319
0.0108222523018115,0.104580452154796,0.104355867952892,9.64271253733608,9.754935630125,0.0295249686150206,1.02835292301754,-0.000367309443151267,0.000362771285475793
0.0115852830598514,0.108901014610232,0.108627849553726,9.3763656004378,9.49053366682195,0.0318875646223586,1.03106259876527,-0.000415538096789288,0.000370617696160267
0.0123989700131073,0.113587319430115,0.11325761004042,9.13443696699743,9.25071323978552,0.0345579836925088,1.03428368060167,-0.000471206252045014,0.000378464106844741
0.0132551800262503,0.118629125902553,0.118234536568178,8.91987406689525,9.03847519325993,0.0374422687566743,1.03785145617098,-0.000534074564415816,0.000386310517529215
0.0141549489636609,0.124017686710137,0.123548728131735,8.72830615277482,8.84941573313498,0.0405685818749691,1.04182583999348,-0.000604679625753227,0.000394156928213689
0.0150959766952033,0.129744342085141,0.129191120482144,8.55798356678669,8.68178444891067,0.0439136537850184,1.04617069186107,-0.000683708347776532,0.000402003338898164
0.0160778616149299,0.135801691653845,0.135153513822472,8.40618715718817,8.53284590038976,0.0474773453855523,1.05089221216117,-0.00077189440323628,0.000409849749582638
0.0170937191193975,0.142183457676213,0.141428539843741,8.27371380422718,8.40343768582588,0.0511596476556285,1.05580734209125,-0.000867941939532303,0.000417696160267112
0.0181476730819362,0.148883434079891,0.148009594310423,8.15584420339533,8.2887878049202,0.0550193470220786,1.06103145467065,-0.000973959219493923,0.000425542570951586
0.0192375061691222,0.155896857402047,0.154890752806588,8.05149853857876,8.18782010731589,0.0590199724353415,1.06649995698689,-0.00108960964773384,0.00043338898163606
0.0203624405302113,0.163219024912161,0.162066680583422,7.95909902562843,8.09894941608131,0.0631441704270555,1.07218375237495,-0.00121558469066728,0.000441235392320534
0.0215182421525761,0.170846200363782,0.16953254371212,7.87854986062716,8.02210189917243,0.0673195384378265,1.07794723239677,-0.00135088410956192,0.000449081803005008
0.0227018349103309,0.178774657159124,0.177283925569761,7.80923331836428,7.95667264940873,0.0714891861957815,1.08368260099668,-0.0014950783781746,0.000456928213689482
0.0239247900902742,0.187001443428101,0.185316750321883,7.7458046495972,7.89721266212833,0.0758276361818404,1.08973022766349,-0.00165222053918579,0.000464774624373957
0.0251716584798114,0.195523588402031,0.193627214456498,7.6922708375292,7.84784372672126,0.0800833657093722,1.0956049106837,-0.00181755917247929,0.000472621035058431
0.026448508007231,0.204338458349799,0.202211726324618,7.64548708264881,7.80536289686881,0.0843447633353011,1.10147967535444,-0.00199343368072812,0.000480467445742905
0.0277538710570045,0.213443637674354,0.211066853271065,7.60495185833894,7.76927188822441,0.0885819161461605,1.10729786823291,-0.00217955349250452,0.000488313856427379
0.0290916401101308,0.222836709265227,0.220189275931789,7.56881616499549,7.73768292655958,0.0928510344260371,1.11317220025333,-0.00237787192524206,0.000496160267111853
0.0304436669279078,0.232515554838616,0.229575748685816,7.541001852026,7.71465398531947,0.0968580703597507,1.11852288828187,-0.00258094409960261,0.000504006677796327
0.0318310472998277,0.242477813079647,0.239223066002759,7.51540041235319,7.69390245481247,0.10093535775769,1.12400795287476,-0.00279788817433406,0.000511853088480801
0.0332392518589176,0.252721429858061,0.249128033601737,7.49499521406646,7.67851977755052,0.104849488700472,1.12916548676965,-0.00302245386401719,0.000519699499165275
0.0346740545581805,0.263244158538883,0.259287444175872,7.4778518831943,7.66651944107336,0.108690541920409,1.13417529535042,-0.00325737935222646,0.00052754590984975
0.0361300839518873,0.274043875798453,0.269698056871487,7.46463964021316,7.65860674717215,0.112373961515393,1.13886848512943,-0.00350029460475341,0.000535392320534224
0.0376094786175636,0.285118265188169,0.280356580052313,7.45441283308261,7.65381307899013,0.115934588250898,1.14331493966227,-0.00375219564536264,0.000543238731218698
0.0391099982107088,0.296465060843156,0.291259657245399,7.44719178140101,7.65217052308058,0.119340084177331,1.14744939358551,-0.0040120316816111,0.000551085141903172
0.040638424399388,0.30808176074415,0.302403855291548,7.44132824441151,7.65197126037405,0.12269637958627,1.15148707726048,-0.00428344081651644,0.000558931552587646
0.0421869355312554,0.319966073849012,0.313785655010543,7.43798171303687,7.6544309115695,0.12588763295258,1.15519335243055,-0.00456242681035327,0.00056677796327212
0.0453396026292304,0.344526835168724,0.337247509246619,7.43825463148624,7.66675611017469,0.131729533216528,1.16151556716015,-0.00514065881872237,0.000582470784641068
0.0469449455641042,0.357197755404903,0.349320035967479,7.44105742950488,7.67578448061924,0.134411186729825,1.1641935669142,-0.00544050663433727,0.000590317195325543
0.0485717620460518,0.370125436884297,0.36161510149484,7.44496568092355,7.68602665967298,0.136972566936958,1.16663009431669,-0.00574890336840471,0.000598163606010017
0.0502121799967708,0.383306563830943,0.374128674999675,7.45095462940935,7.69851559861428,0.139310403726324,1.16861046595712,-0.00606111893911142,0.000606010016694491
0.0518742893134787,0.396738272525521,0.38685661634536,7.45757911029041,7.71173544924798,0.141546186111267,1.1703862357913,-0.00638211201566349,0.000613856427378965
0.0535567161244014,0.410417004646542,0.3997946761676,7.46488405373769,7.72573633783163,0.143667219126977,1.1719312971494,-0.00671121172154148,0.000621702838063439
0.0552490032289554,0.424339651290292,0.412938496706135,7.47413478203203,7.74186297094668,0.145542472977257,1.17297002495143,-0.00704181911294982,0.000629549248747913
0.0569600499393989,0.438502524737436,0.426283613390677,7.48390519046612,7.75861133583374,0.147300896478887,1.17377177978704,-0.00737963589639117,0.000637395659432387
0.0586887216479348,0.452902285564288,0.439825456986876,7.49420748377048,7.77599699584246,0.148935561477936,1.17432177530813,-0.00772405580714759,0.000645242070116861
0.060420783550822,0.467534713294901,0.453559356316357,7.50667782940704,7.79576781747003,0.15027749260425,1.17425999696203,-0.00806567475306031,0.000653088480801336
0.0621875364538245,0.482396569346049,0.467480541429834,7.51727063150263,7.81361384461324,0.151726579318648,1.17443629427441,-0.00842548092179058,0.00066093489148581
0.0639533597403227,0.497483196726236,0.481584147256139,7.5302399938263,7.83407816139038,0.152852178558566,1.17393212031128,-0.00877964662718838,0.000668781302170284
0.0657349206259597,0.512791049016665,0.495865217531442,7.54340634794373,7.85483738488807,0.153870171383574,1.17320670506101,-0.00913946747205222,0.000676627712854758
0.0675313951824288,0.528315488056056,0.510318709129415,7.55676241769985,7.87588498625026,0.154779291679411,1.17225693354302,-0.00950452528696858,0.000684474123539232
0.0693432682872125,0.544052620140489,0.524939496630496,7.57015799221132,7.89706044670077,0.155593382301627,1.17111233377047,-0.0098753255951116,0.000692320534223706
0.0711691825591501,0.559997779634681,0.539722377167939,7.58365289244913,7.91842873528419,0.156305197168336,1.16975687348347,-0.0102510810364776,0.00070016694490818
0.0730071291938709,0.576146795103575,0.554662075417286,7.5973686616875,7.94012221569165,0.156901372979217,1.16816080390971,-0.0106305053140722,0.000708013355592654
0.0748562053666226,0.592494271066298,0.569753248837221,7.61130284452365,7.96213998806259,0.157381622749517,1.16632252100854,-0.0110130839176426,0.000715859766277129
0.0767004292881583,0.609035539850607,0.584990492991283,7.62695200562063,7.98611044710294,0.157591198760667,1.16389992011645,-0.0113870251730143,0.000723706176961603
0.0785714276053238,0.62576687611406,0.600368346979281,7.64105178278066,8.00849050645681,0.157867577813227,1.16163440879474,-0.0117759478325623,0.000731552587646077
0.0804346182174243,0.642682059002992,0.615881299158537,7.65691828726951,8.03288956185848,0.157869031549913,1.15877044110389,-0.0121541251639405,0.000739398998330551
0.0823257999440795,0.659777179878276,0.631523792501713,7.67103135263406,8.05546945813938,0.157959471613366,1.15611391919865,-0.0125487304806451,0.000747245409015025
0.0842071553929598,0.677045955520111,0.647290230522317,7.68687919098659,8.08004300086459,0.157780778034923,1.15286701526758,-0.0129311670958553,0.000755091819699499
0.0861157142780852,0.694484901857016,0.663174982799917,7.70097523267809,8.10279148180457,0.15769239904552,1.14983199421119,-0.0133299954737205,0.000762938230383973
0.088009836775109,0.712087233106183,0.679172390778206,7.71700545830678,8.12776297805389,0.157318232894349,1.14616391546783,-0.0137132048219579,0.000770784641068448
0.0899063223792516,0.729848064413147,0.695276773488264,7.73334683355615,8.15318063242666,0.156827072802189,1.14223887182661,-0.0140938446305899,0.000778631051752922
0.0918384929206194,0.747763260316924,0.711482433069657,7.74710484071888,8.17584393254002,0.15651346489624,1.13872497895903,-0.0144983162064649,0.000786477462437396
0.093772876082574,0.765826370368284,0.727783660537613,7.76113190659466,8.19889786129228,0.156089012510111,1.13496962960242,-0.0149006754904499,0.00079432387312187
0.0956891813240775,0.784031366508648,0.744174741370051,7.77699977231178,8.22409308883012,0.155398976380789,1.13061596752717,-0.0152847848383004,0.000802170283806344
0.0976316570498129,0.80237469765517,0.760649960915283,7.7910176258423,8.24733057186189,0.154815255185619,1.12651414237573,-0.0156861286671394,0.000810016694490818
0.0996168384043114,0.821410835029686,0.777706988146896,7.80698324303812,8.27307321028016,0.153983171424596,1.12176498027282,-0.0160829245998437,0.000817863105175292
0.101616565280462,0.840738911890725,0.794981910867888,7.82334955598759,8.29943627270824,0.153041527614594,1.11674591665916,-0.0164780148282195,0.000825709515859766
0.103655998427813,0.860228043549383,0.812356236521348,7.83704029523271,8.32291545338532,0.152287936420207,1.11216780248511,-0.0169001624313351,0.00083355592654424
0.105694751983546,0.879871446945519,0.829823116216893,7.85112884645469,8.34694839075759,0.151423073061604,1.10733642300992,-0.017317011086984,0.000841402337228715
0.10771385003238,0.89966071583842,0.847375704046068,7.86691501409837,8.37300616274682,0.150326265669955,1.10196567117886,-0.0177131258873916,0.000849248747913189
0.10976215282254,0.919592264319065,0.865007174609486,7.88074169798767,8.39696427762849,0.149350718511054,1.09688413014098,-0.018128959928856,0.000857095158597663
0.111782061806118,0.93965546212275,0.882710733286508,7.89671186077725,8.42346230965892,0.148109104290885,1.09117734116006,-0.0185172744117978,0.000864941569282137
0.113836850272725,0.959847563396075,0.900479623925003,7.910264749663,8.44733020859735,0.147033538037487,1.0858678820837,-0.0189307094500548,0.000872787979966611
0.115891483486866,0.980159813560372,0.918307135430384,7.92385348604546,8.47134551106151,0.145894468065166,1.08041227394445,-0.0193405948264807,0.000880634390651085
0.117946139035202,1.00058528003112,0.93618660770134,7.93740783173861,8.49542871066751,0.14470097618134,1.07483114232747,-0.0197473363236844,0.000888480801335559
0.119999527909525,1.02111766603058,0.95411143743866,7.95095992509258,8.5196169132635,0.143452674615698,1.06912254769401,-0.020150116534585,0.000896327212020033
0.122052951000758,1.04175044316935,0.972075082959849,7.96437181558859,8.54375203202562,0.142164495777156,1.06332162516266,-0.0205502863224873,0.000904173622704507
0.124105850053813,1.06247587633795,0.990071069696865,7.97763416686292,8.56782261122826,0.140839486562884,1.05743511778372,-0.0209476455197662,0.000912020033388982
0.126155924054922,1.08328791680569,1.00809299481246,7.99084943782414,8.59194637087218,0.139470886231562,1.05144583262472,-0.0213405211309909,0.000919866444073456
0.128203832799885,1.10417983200362,1.02613453194449,8.00393022216576,8.61602216836129,0.138068716032011,1.04537747752556,-0.02172973078527,0.00092771285475793
0.130247522298455,1.12514484797662,1.04418943542917,8.01696198900793,8.64014877777638,0.136627893813987,1.03921684755486,-0.0221137986331639,0.000935559265442404
0.132284339242328,1.14617694546189,1.06225154476339,8.03006274852748,8.66446401356487,0.135140938165077,1.03294451945561,-0.022490727332496,0.000943405676126878
0.134355443361411,1.16726951604222,1.08031478849578,8.04072214320169,8.68603370036106,0.133819336015704,1.02708601729113,-0.0228958218984088,0.000951252086811352
0.136384260164653,1.18841413084781,1.09837318823912,8.05351868986257,8.71020363760026,0.132282110396783,1.02069405498991,-0.0232641467739499,0.000959098497495826
0.138443537037739,1.20960729702014,1.11642086204532,8.06408797357579,8.73186307852963,0.130892292534571,1.01467394273107,-0.0236579828643435,0.0009669449081803
0.140459003034746,1.2308390174534,1.13445202807815,8.0767484003679,8.75608331282839,0.129299696581166,1.00814698348639,-0.0240141505286328,0.000974791318864775
0.142507516637507,1.25210598918526,1.15246100767238,8.08701909109724,8.77758655518549,0.127867344534133,1.00202684309013,-0.0243986019366367,0.000982637729549249
0.14454638674026,1.2734017749081,1.17044222848068,8.09734684398505,8.79925133424821,0.126399394538527,0.995820403282035,-0.0247751003370271,0.000990484140233723
0.146577427193095,1.29471709745009,1.18839022721148,8.10759371322532,8.8209147685056,0.124908973613279,0.989560148111954,-0.0251454265226071,0.000998330550918197
0.148600452773631,1.31604819585931,1.20629965226261,8.11773874000384,8.84255163331238,0.123399722519056,0.983254753412541,-0.0255096522673748,0.00100617696160267
0.150616256379343,1.33738828964077,1.22416526604624,8.1277100857098,8.86407554551445,0.121878969182305,0.976922544437809,-0.0258686877553273,0.00101402337228715
0.152623583955262,1.35873096863758,1.24198194736397,8.1375493562517,8.8855352177985,0.120345309167382,0.970559515535084,-0.0262216884006301,0.00102186978297162
0.154621501355211,1.38007010197486,1.25974469322269,8.14728017889753,8.90695829154637,0.118798773082835,0.964165307265753,-0.0265680817791059,0.00102971619365609
0.156608393084139,1.40140009661092,1.277448620672,8.15696142151003,8.9284152415887,0.117236907422642,0.957733044448959,-0.0269067085845516,0.00103756260434057
0.158581420893753,1.42271611975818,1.29508896844524,8.16671310640436,8.95005134536633,0.115653124510608,0.951244870944193,-0.0272353576891033,0.00104540901502504
0.160591065839532,1.44401240319117,1.31266109826435,8.17393602441125,8.96871318288361,0.114231086415324,0.94518426355968,-0.02759760828381,0.00105325542570952
0.162543268013355,1.46527962765638,1.33016049616004,8.18342409635041,8.99021002684249,0.112635224383905,0.938667951989296,-0.0279128675674572,0.00106110183639399
0.164530230197728,1.48651793409559,1.34758277331529,8.1904873754556,9.00884075188183,0.111192334567353,0.932559114259624,-0.0282605519713687,0.00106894824707846
0.166500864000172,1.50771919325159,1.36492366710779,8.19769720297899,9.0277282886932,0.109725185500236,0.92638944242459,-0.0285969858649619,0.00107679465776294
0.168419551331108,1.52887424570829,1.38217904152013,8.20676121386168,9.04897179844813,0.10812349762931,0.919862069191905,-0.0288917795680742,0.00108464106844741
0.17037005861314,1.54998439517789,1.39934488774644,8.21356111007713,9.06751939645265,0.106661735552434,0.913711733941925,-0.0292170537732629,0.00109248747913189
0.172307273036628,1.57104028253024,1.4164173245281,8.22029911776853,9.08606733872388,0.105194188526287,0.907548820956117,-0.029534269936203,0.00110033388981636
0.174230563501285,1.59203849116125,1.43339259814049,8.2269870987929,9.10463004873888,0.103721562589079,0.901374867645544,-0.0298430785253963,0.00110818030050083
0.176140407078963,1.61297402887537,1.45026708250748,8.23358539109842,9.12315809246937,0.102247753332853,0.89520014074182,-0.0301440778498955,0.00111602671118531
0.17803589966069,1.63384020994287,1.46703727887797,8.24012056935665,9.14168397588289,0.10077240375839,0.889023427167,-0.0304366823992911,0.00112387312186978
0.179914760520539,1.65463392780367,1.48369981566033,8.24668199189224,9.16031903447009,0.0992914233000483,0.882833224265356,-0.0307191320737632,0.00113171953255426
0.181835254358101,1.67535217714735,1.50025144769671,8.25060823872008,9.1757276066005,0.0979641208057614,0.877069223921764,-0.0310413225121554,0.00113956594323873
0.183688648706685,1.69598526885145,1.5166890559733,8.25684693448397,9.19410144439626,0.0964957215207429,0.870918729307684,-0.0313105958877747,0.00114741235392321
0.185575453335626,1.71653694445025,1.53300964656769,8.26084279473714,9.20972213427514,0.0951558310897983,0.865127697313045,-0.0316128633257571,0.00115525876460768
0.187400652538708,1.73699155195154,1.54921034996733,8.26683540841639,9.2279271386496,0.0936995506474382,0.859015301160372,-0.0318673164437218,0.00116310517529215
0.18925921914648,1.75735678878717,1.56528841993092,8.27060592868369,9.24338731311498,0.0923687188354548,0.853256481479405,-0.0321549564162786,0.00117095158597663
0.191047921853775,1.77761776078093,1.58124123261083,8.27667329363094,9.26182724864687,0.0909104882099987,0.847142408649681,-0.0323882125834868,0.0011787979966611
0.19288015722188,1.79777905437589,1.59706628497136,8.28009634570222,9.27696814529073,0.0895990932056373,0.841444691202357,-0.0326634676354364,0.00118664440734558
0.194694449863417,1.81783390134076,1.61276119384649,8.28354991617832,9.2922034652269,0.0882864972595573,0.83574741088175,-0.0329286821099865,0.00119449081803005
0.19649226237817,1.83777833188209,1.62832369430552,8.28696089402058,9.30743991809164,0.0869776475905448,0.8300643810659,-0.0331852428403605,0.00120233722871452
0.198274237541989,1.85760903932314,1.64375163820971,8.29029357816397,9.32263124008284,0.0856752755552979,0.824403297205142,-0.0334338363928942,0.001210183639399
0.200039721867542,1.87731945398004,1.65904299262656,8.29356778312813,9.33780227633532,0.0843791291073832,0.818763403194892,-0.0336740524679511,0.00121803005008347
0.201788377567984,1.89690983746342,1.67419583812439,8.29679022301639,9.35296119097864,0.0830896319752051,0.813145886389105,-0.0339057469529043,0.00122587646076795
0.20351848878952,1.91637605480846,1.68920836709764,8.30002412628283,9.36818961293963,0.0818044008775903,0.807543830798588,-0.034127619683798,0.00123372287145242
0.205293277313825,1.93571870870156,1.70407888187103,8.3007047486804,9.38014715567497,0.0806487181665905,0.802321267136518,-0.0343927440116448,0.00124156928213689
0.206995261269225,1.95492429989128,1.71880579302161,8.30359971760932,9.39503293910615,0.0793898052107551,0.796803026342513,-0.0346027680086033,0.00124941569282137
0.208673919968838,1.97399752214597,1.73338761720195,8.30668066934672,9.41021474351813,0.0781287966688123,0.791281727322322,-0.0347993707872985,0.00125726210350584
0.210402420675886,1.99293774327875,1.74782297523363,8.30704784488223,9.42188463458713,0.0770010533638149,0.786154758067384,-0.0350436070218598,0.00126510851419032
0.212046851319946,2.01173502472139,1.76211059035105,8.31000592266421,9.43700203011402,0.0757595202396249,0.780697632910667,-0.0352240035800966,0.00127295492487479
0.213742742067614,2.03039383968675,1.77624928566151,8.3102203540536,9.44854639643425,0.0746498145882393,0.775633306414628,-0.0354533871433823,0.00128080133555927
0.215417610293631,2.04891016763609,1.79023798248829,8.31054610645832,9.46027028251078,0.0735406185684086,0.770575771716807,-0.035671552388695,0.00128864774624374
0.217009858896114,2.06727286142527,1.80407569811404,8.31333519726256,9.47530169331119,0.0723304023768047,0.765222312583164,-0.0358277333892505,0.00129649415692821
0.218654305338303,2.08548985969237,1.81776154329767,8.31340384761791,9.48675811333804,0.0712467871757827,0.76025005905324,-0.0360334852952571,0.00130434056761269
0.220280018426985,2.1035576185468,1.83129472061638,8.31348541594293,9.49826263164477,0.0701695394220337,0.755302037706682,-0.0362302172325416,0.00131218697829716
0.22188754476237,2.12147024465604,1.84467452193482,8.31355596777808,9.50978327794721,0.0691001755159111,0.750382782343454,-0.0364184772415667,0.00132003338898164
0.223478225793761,2.13922745449778,1.85790032627071,8.31356307609714,9.52124938623638,0.0680412857510937,0.745500138829653,-0.0365994586249811,0.00132787979966611
0.225051197219183,2.1568285517412,1.87097159758123,8.31353763365698,9.53270181006954,0.0669919412911255,0.740651403616264,-0.0367725409508731,0.00133572621035058
0.226607349267326,2.17427051521519,1.88388788251857,8.31344565218035,9.54409413194499,0.0659538358675561,0.73584181002789,-0.0369385379112231,0.00134357262103506
0.228144172804535,2.19155002655981,1.89664880819542,8.31337826813745,9.55554906499654,0.0649236668282734,0.73106143986217,-0.0370954904175375,0.00135141903171953
0.229728301533368,2.20867252210931,1.90925407992796,8.3109223686601,9.56378463323427,0.0639946123805805,0.726595069036435,-0.0372975578462102,0.00135926544240401
0.231238182052051,2.22562566666234,1.92170347903971,8.31049380334231,9.57479643304868,0.0629955833715598,0.721920905827919,-0.0374460321191267,0.00136711185308848
0.232726802442745,2.24241265367816,1.93399686075131,8.31015955382754,9.58596355161427,0.0620025341812102,0.717270385309103,-0.0375841234335394,0.00137495826377295
0.234258352760137,2.25903864724809,1.94613415160854,8.30764038369736,9.59416048319682,0.0610996048409332,0.712902880982331,-0.0377636470288869,0.00138280467445743
0.235718328423461,2.27549137779714,1.95811534756322,8.3070135473111,9.60497052047401,0.060135930146222,0.708354212985251,-0.0378922596298926,0.0013906510851419
0.237151205094928,2.2917764929164,1.96994051191754,8.3066856486308,9.61621714006,0.0591716712316327,0.703809210483429,-0.0380060377272543,0.00139849749582638
0.238642230521666,2.30789308446324,1.98160977257793,8.30368442436271,9.62379262838937,0.0583117863064304,0.699593843031742,-0.0381732519988408,0.00140634390651085
0.240038902645504,2.3238380400051,1.99312332067172,8.30333457912535,9.63505131836412,0.0573682434390351,0.695124770376457,-0.0382718814134899,0.00141419031719533
0.241498957148073,2.33961053043034,2.00448140761576,8.3001658942433,9.64241556470375,0.0565315717642485,0.690994895913751,-0.0384279255914864,0.0014220367278798
0.242936495856845,2.3552133093659,2.01568434357938,8.29716562951976,9.65001875603762,0.0556974677752868,0.686880096985157,-0.0385728061216078,0.00142988313856427
0.24435225360785,2.37064341868856,2.02673249540634,8.29430654099449,9.65782461439637,0.0548672805513,0.68278451745617,-0.0387071817366254,0.00143772954924875
0.245692378681682,2.38589177064219,2.03762628386033,8.29340451988651,9.6683812008167,0.0539823070169845,0.678523402600267,-0.0387885865699994,0.00144557595993322
0.247082422258158,2.40097111490629,2.04836618239725,8.29021410619434,9.67574084481906,0.0531816217306829,0.674534061585211,-0.0389163293368335,0.0014534223706177
0.248454954391126,2.41587570332505,2.0589527147867,8.28702619286646,9.68310720100784,0.0523897108886939,0.670579550988971,-0.0390370725280672,0.00146126878130217
0.249810350198254,2.43060482208875,2.06938645314319,8.28382991938039,9.69046474157278,0.0516070452078864,0.666661445388392,-0.0391511539009064,0.00146911519198664
0.25114989666024,2.44515787653922,2.0796680161112,8.28058479723209,9.69775576878969,0.0508349680249531,0.662784107708895,-0.0392596196576127,0.00147696160267112
0.252473890314684,2.45953473962195,2.08979806666746,8.27728389681298,9.70496964852045,0.0500737217503093,0.658948438019888,-0.0393627323357354,0.00148480801335559
0.253782084606892,2.47373556539726,2.09977731057809,8.27393830352777,9.71212130379931,0.0493229884147535,0.655153558022781,-0.0394603285741875,0.00149265442404007
0.25507599800064,2.48775891371507,2.10960649433451,8.27050177543247,9.71914392097714,0.0485841401149527,0.651403979919837,-0.0395536140033236,0.00150050083472454
0.256352822787549,2.50160333680014,2.11928640349128,8.26706872366928,9.72617144919867,0.0478543933309803,0.647690954345078,-0.0396404358206157,0.00150834724540901
0.257613852447834,2.51527188999754,2.12881786073989,8.26360011510239,9.73314760704642,0.0471349163120591,0.644018333709025,-0.0397218256256755,0.00151619365609349
0.258858402027232,2.52876564977416,2.13820172425758,8.26012100635866,9.74010779602128,0.0464250012471692,0.640383975707441,-0.0397972820401927,0.00152404006677796
0.260084846157338,2.54208140787289,2.1474388860003,8.2566859151079,9.7471302998572,0.0457231566433912,0.636783207281164,-0.0398655880902731,0.00153188647746244
0.261373153738205,2.55522875266852,2.15653026993508,8.25077189103779,9.75056337868422,0.0450983023065528,0.63343802978558,-0.0399879209254949,0.00153973288814691
0.262576059686642,2.56818982271714,2.16547683083027,8.24704595466374,9.75715214955,0.0444220186251417,0.629935399079757,-0.0400515112548608,0.00154757929883139
0.263758726509487,2.58097643854126,2.17427955211337,8.24344119676043,9.76391330670964,0.0437516705765697,0.626459826708792,-0.04010638143946,0.00155542570951586
0.264997594504799,2.59359493268709,2.18293944444661,8.23758211287116,9.7673828698714,0.0431495048352927,0.623212676428996,-0.0402105477131337,0.00156327212020033
0.266156741144523,2.60603239758541,2.1914575444845,8.23371046346912,9.77373872624977,0.042503672002005,0.619832589655472,-0.0402607601679956,0.00157111853088481
0.267293142058006,2.61829045453314,2.19983491343981,8.23004622005013,9.78039271364816,0.0418615926149784,0.616472795071316,-0.0403004310096969,0.00157896494156928
0.268493765943152,2.6303841795057,2.20807263485968,8.22392515186812,9.78343145629514,0.0412902504117989,0.613350708572019,-0.040395010214396,0.00158681135225376
0.2696037062052,2.64229723557988,2.21617181465004,8.22010886216553,9.78984302166682,0.0406693441253717,0.610076228697276,-0.0404278384192033,0.00159465776293823
0.270774409166438,2.65404446022627,2.22413357796009,8.21397260105541,9.79282175275374,0.0401139860182474,0.607023224419546,-0.0405126649651835,0.0016025041736227
0.271855602662503,2.66560852022626,2.23195906975886,8.21009038584994,9.79911434781806,0.0395118217928256,0.60382656355706,-0.0405369464631229,0.00161035058430718
0.272998529419265,2.67701063306816,2.23964945157787,8.20388833720883,9.80195642549385,0.0389735447601935,0.60084648053274,-0.0406136393528528,0.00161819699499165
0.273885952616896,2.68632619191841,2.24592389674379,8.20021572952053,9.80648448722291,0.0384981923261447,0.598287459540846,-0.0406371630957913,0.00162604340567613
0.274734418275265,2.69524362383105,2.25191604430376,8.19670159436483,9.81095004088374,0.038041388997967,0.595825286306316,-0.0406553389607003,0.0016338898163606
0.275653665667161,2.70401554713283,2.25779452067576,8.190692894329,9.81166464257728,0.0376487774197615,0.593581833314567,-0.0407322331881964,0.00164173622704508
0.27648354801171,2.71262673266418,2.26355986802903,8.1869604332955,9.81574533350506,0.0372100243746502,0.591197093374374,-0.0407493585660121,0.00164958263772955
0.277295391903621,2.72108417699671,2.26921295907325,8.18337781776754,9.82002658661629,0.0367743848752591,0.588831655446367,-0.0407594879212937,0.00165742904841402
0.278176712271715,2.72940162996069,2.27475485820606,8.17737343873753,9.82065023556801,0.036398953646096,0.586671949604559,-0.0408267691230998,0.0016652754590985
0.278970310615408,2.73755816805146,2.28018675406527,8.17358216017746,9.82456879170529,0.0359799935837821,0.584379042757195,-0.0408356689303077,0.00167312186978297
0.279743639471912,2.74556846332642,2.28550991809013,8.17001567007785,9.8288051548325,0.0355621767365307,0.58209877651611,-0.0408357687192742,0.00168096828046745
0.280595222334302,2.75343824088396,2.29072567975761,8.16380856630705,9.82903652939428,0.0352072385267887,0.580032845118606,-0.0408988037338252,0.00168881469115192
0.281349376572717,2.76115418495268,2.29583540959808,8.16008706884304,9.8329945053262,0.0348040648676594,0.577817994058484,-0.0408965625721543,0.00169666110183639
0.282172869328047,2.76873401709463,2.30084050481226,8.15401037772117,9.83336574697105,0.0344563027662374,0.575792971987173,-0.0409503629038804,0.00170450751252087
0.282907942662711,2.77616133291996,2.30574238204276,8.15015075342624,9.83707152682777,0.0340668799257925,0.57364031523941,-0.0409455605317897,0.00171235392320534
0.283706291041683,2.7834570315092,2.31054246797276,8.14413547013412,9.83748138456765,0.033727494562156,0.571659771864128,-0.0409920253593432,0.00172020033388982
0.284421171882949,2.79060193110916,2.31524219570514,8.14018935502437,9.84101363126587,0.0333502749843642,0.569563949242165,-0.0409835820950217,0.00172804674457429
0.285198051558438,2.79762005843101,2.31984299900609,8.1341474330891,9.84133007280651,0.0330207880985247,0.567632522840968,-0.0410251213068555,0.00173589315525876
0.285891190451535,2.80448904889484,2.32434630972865,8.13017814944765,9.84478560470207,0.0326540825510185,0.56558772024266,-0.0410116657905095,0.00174373956594324
0.286648565637588,2.81123670517496,2.32875355405889,8.12407188879205,9.84495178990241,0.0323349285453829,0.563706505885401,-0.0410494423246697,0.00175158597662771
0.287319108015498,2.81783664709089,2.33306615148475,8.12012179628133,9.84839599721279,0.0319775664759515,0.561708619094391,-0.0410301302179806,0.00175943238731219
0.288059132378405,2.8243143722459,2.33728551117425,8.11390873768206,9.84834690533081,0.0316692511372481,0.559878951976972,-0.0410654377615125,0.00176727879799666
0.288705415663064,2.83065199377106,2.34141303272764,8.11004195175959,9.85187900070251,0.0313197090995926,0.557922742764379,-0.0410388726926155,0.00177512520868114
0.289429687199017,2.83686948509663,2.34545010218888,8.10369566745966,9.85157349932291,0.0310224079870937,0.556144883468513,-0.041072604759218,0.00178297161936561
0.29075937286793,2.84891999560592,2.3532583671107,8.09349099875656,9.85472187325157,0.0303927487354701,0.552498366000233,-0.0410699125005177,0.00179866444073456
0.291450421266484,2.85475909997246,2.35703226695854,8.08724947699909,9.85449807289663,0.0301054381250534,0.550776350713531,-0.0410940187300124,0.00180651085141903
0.292047078123895,2.86046768995983,2.36072112380268,8.08335813173652,9.85789097137777,0.0297786335404515,0.548933540721981,-0.0410561929583027,0.00181435726210351
0.292726831819436,2.86606641093079,2.3643262511848,8.07690308568366,9.85728518480901,0.0295031082537413,0.547265092384106,-0.0410813143479745,0.00182220367278798
0.293391240412926,2.8715441170234,2.36784894763482,8.07061909654239,9.85691631527801,0.0292280815153952,0.54560574960566,-0.0411000028020959,0.00183005008347245
0.293960558056755,2.87689344381257,2.37129049557975,8.06669612840347,9.86019792719262,0.0289143809359673,0.543828427332963,-0.0410565141646778,0.00183789649415693
0.294613611580478,2.88213822888771,2.37465215980225,8.06022555123383,9.85948739924493,0.0286502235218699,0.542219236875854,-0.0410758581901948,0.0018457429048414
0.295252592016088,2.88726619903663,2.37793518952332,8.05390114710236,9.85897619044329,0.0283869438192176,0.540620197528722,-0.0410895460075877,0.00185358931552588
0.295793608732139,2.89227111343192,2.38114081736747,8.05000766437704,9.86224123132196,0.0280847377468023,0.538902598164681,-0.041039323709172,0.00186143572621035
0.296423679809453,2.89717639155856,2.38427025815516,8.04345408466629,9.86132013949915,0.0278326692114208,0.537354381280274,-0.0410550668676326,0.00186928213689482
0.297040184928679,2.90196594256948,2.38732471074984,8.03704290489534,9.86059309433332,0.0275814527868042,0.535816050419024,-0.0410653939899559,0.0018771285475793
0.297643632365158,2.90665428931818,2.39030535738682,8.03076262170569,9.86004306814537,0.0273313116450375,0.534288283321058,-0.0410706345334419,0.00188497495826377
0.298156803812641,2.91121729039271,2.39321336322081,8.02669378198955,9.86294626989658,0.0270472358847426,0.532658429665384,-0.0410176229770246,0.00189282136894825
0.298754040566468,2.91568511280362,2.39604987646035,8.02014216081293,9.86191749792726,0.0268084984108453,0.531181528390473,-0.0410264013869191,0.00190066777963272
0.299338324026476,2.92005170958799,2.39881602930006,8.01372840280847,9.86107688710503,0.0265706077744712,0.529714274092571,-0.0410300560841228,0.0019085141903172
0.299912681908232,2.92431414645198,2.40151293750474,8.00737375366992,9.86030092126948,0.0263348784990248,0.528260842354645,-0.0410306396191664,0.00191636060100167
0.300392171192365,2.92846538320641,2.40414170038788,8.00334339888079,9.86317580892818,0.0260644356196944,0.526703285108526,-0.0409701626852338,0.00192420701168614
0.300959891938566,2.93252034031669,2.40670340050879,7.99675792347794,9.86198211802709,0.0258389321188925,0.525296362603674,-0.040973626623673,0.00193205342237062
0.301517382088131,2.936482361496,2.40919910501214,7.9902494785788,9.8608809860846,0.0256151580114619,0.523901686672921,-0.0409736967185402,0.00193989983305509
0.302064794438129,2.94034395833321,2.41162986501591,7.98381641760598,9.85987029076712,0.0253931342867718,0.522519278629595,-0.0409704519133975,0.00194774624373957
0.302603151596387,2.94410955399514,2.41399671598749,7.97743415180054,9.85891137919888,0.0251732429159494,0.521150310133398,-0.0409645603960522,0.00195559265442404
0.303047283397202,2.94776934179934,2.41630067765442,7.97334544816687,9.86157874818544,0.0249204413051052,0.519683662694176,-0.0408984901985502,0.00196343906510851
0.303580314182445,2.95134514213901,2.41854275394498,7.96673117773867,9.86019682709047,0.0247102152386352,0.518358706440148,-0.0408959495708067,0.00197128547579299
0.304103519886281,2.95483010459237,2.42072393420428,7.96019702471548,9.85891287196191,0.0245015277558273,0.517045113495248,-0.0408901357442018,0.00197913188647746
0.304618957404007,2.95822053010225,2.42284519247051,7.95369143509071,9.85764491153087,0.0242951601494894,0.515745305536101,-0.0408824076763924,0.00198697829716194
0.30512679282558,2.96152620011262,2.4249074879581,7.9472125849802,9.85639016246268,0.0240911158087043,0.514459240004174,-0.0408728485278469,0.00199482470784641
0.305625011810549,2.96473893916504,2.42691176547358,7.94081528568734,9.8552366441563,0.0238885511981859,0.513184221936695,-0.0408600840346716,0.00200267111853088
0.306523666342719,2.97089199211685,2.43074997145645,7.93005643074446,9.85611514413945,0.023461362989023,0.510584386003159,-0.0407789883842609,0.00201836393989983
0.307009849111286,2.97384481409384,2.43258571727782,7.92347777870818,9.85458586889689,0.0232696419637227,0.509362428657063,-0.0407677551452398,0.00202621035058431
0.307489475013561,2.97671855900131,2.43436708003211,7.9169118875524,9.85304696413968,0.0230802722587283,0.50815399893215,-0.0407552319005354,0.00203405676126878
0.307962194590677,2.97950306803728,2.43609493378377,7.91037009273707,9.85151674801703,0.0228930622774393,0.506958446960668,-0.0407411599352427,0.00204190317195326
0.308426311404522,2.98220871031088,2.43777013910031,7.90389810778175,9.85006915317124,0.0227073341857411,0.505773625458801,-0.0407243938137051,0.00204974958263773
0.308885164155267,2.98483700410852,2.43939354314443,7.89741245687743,9.84856954900659,0.0225242654012736,0.504603131956456,-0.0407071152376745,0.0020575959933222
0.309243914892422,2.98736889217684,2.44096598021869,7.89333552793704,9.8509404726081,0.0223096086350679,0.503341487886055,-0.0406269587638205,0.00206544240400668
0.309697370807267,2.98983682879658,2.4424882708255,7.88669359529541,9.84913208687136,0.022133813355,0.502205726077556,-0.0406120481524957,0.00207328881469115
0.310144593596952,2.99222744958212,2.44396122355848,7.88007037367391,9.84732329649853,0.0219600886131324,0.501082271492776,-0.040595889695178,0.00208113522537563
0.310585618760187,2.99453831839892,2.44538563426036,7.87346704596943,9.84551608855878,0.0217883933570811,0.499970945478847,-0.0405784822482167,0.0020889816360601
0.311019910096502,2.99677831272165,2.44676228632692,7.86689921416206,9.84373590201901,0.0216184893008965,0.498870969744363,-0.0405594523987165,0.00209682804674457
0.311448909358626,2.99894688021298,2.44809195087029,7.86033239259595,9.84192674754603,0.021450827127997,0.49778366673248,-0.040539717325332,0.00210467445742905
0.311871545591695,3.0010355462607,2.44937538720302,7.85379564703787,9.84013596140771,0.0212849853524402,0.496707703468244,-0.0405185555597678,0.00211252086811352
0.312288624920749,3.00305531716695,2.450613342647,7.8472705922891,9.83833366519156,0.021121190652675,0.495643717486554,-0.0404964685693835,0.002120367278798
0.312700639865339,3.00500694492688,2.45180655298217,7.84074683709637,9.83650290224871,0.0209595558970819,0.49459199477642,-0.0404737515494751,0.00212821368948247
0.313107421167042,3.00688750966873,2.45295574245755,7.83423060786828,9.83465381921602,0.0207999710572091,0.493552149085927,-0.0404502704440811,0.00213606010016695
0.313417272331428,3.00868294164518,2.45406162386163,7.83001397978648,9.83653939747092,0.0206122685302182,0.492433905076616,-0.0403669164076061,0.00214390651085142
0.313819074581437,3.01042816340185,2.455124898927,7.82337690021416,9.83443497120174,0.0204586876520748,0.491423601785141,-0.0403454761961085,0.00215175292153589
0.314215817737724,3.0121013360214,2.45614625866459,7.8167492532624,9.83231482437742,0.0203070254853243,0.490424585798843,-0.0403233020639158,0.00215959933222037
0.314607670155877,3.01370885469412,2.45712638305704,7.81012866545695,9.83017507638871,0.0201572883655861,0.489436822099722,-0.0403004794997292,0.00216744574290484
0.314993308900142,3.0152549031141,2.45806594169198,7.80354970165804,9.82807253630196,0.0200090093917413,0.488458878352164,-0.0402761403238573,0.00217529215358932
0.315374430959409,3.01673955704008,2.45896559352372,7.79697195502894,9.82594090712009,0.0198626866144567,0.487492177959464,-0.0402513502454588,0.00218313856427379
0.315750461518522,3.01815381989994,2.45982598738215,7.79041137597152,9.82380643292339,0.0197180931200335,0.486535999761656,-0.0402257204607356,0.00219098497495826
0.316122198737406,3.01950781792745,2.46064776185289,7.78384995321661,9.82163947540494,0.0195754334286246,0.485590891190528,-0.0401997383386704,0.00219883138564274
0.316488406919676,3.0208030757543,2.46143154570733,7.7773197750401,9.81949295329994,0.0194342832038892,0.484655562427374,-0.0401725972141123,0.00220667779632721
0.316850528087034,3.02203991116123,2.46217795777656,7.77078697845892,9.81731105334322,0.0192950434868006,0.483731131302527,-0.0401451930103031,0.00221452420701169
0.317109950258011,3.02319820247803,2.4628876073481,7.76666769788907,9.81908959912544,0.0191279576726689,0.482731583107845,-0.0400551851131298,0.00222237061769616
0.31746863658173,3.02431311724181,2.4635610937519,7.76001409234538,9.81664944675021,0.018994068276955,0.481833490741187,-0.0400302895911456,0.00223021702838063
0.317822953791818,3.02537320435636,2.46419900759464,7.75337016472624,9.8141937560437,0.0188618436197301,0.480945388646438,-0.0400048773771777,0.00223806343906511
0.318172586351611,3.02637095614756,2.46480193005202,7.74674511816107,9.81173781172591,0.0187311509462053,0.480066845056395,-0.0399787305723448,0.00224590984974958
0.318517993854538,3.02731293992029,2.46537043323618,7.74012922598675,9.80926554768775,0.0186020878590446,0.479198089009016,-0.0399521192296239,0.00225375626043406
0.318858406322118,3.02820242028848,2.46590508033269,7.73354263660708,9.80681045450396,0.0184743931218816,0.478338328410563,-0.0399245420336903,0.00226160267111853
0.319195351548913,3.02903962267604,2.46640642583684,7.72694969982636,9.80431338599065,0.0183484728394771,0.477488665494808,-0.0398969374855982,0.002269449081803
0.319527520169698,3.02982004734831,2.46687501552328,7.7203835657509,9.80182946169372,0.0182239129738536,0.476647879373456,-0.0398684678019576,0.00227729549248748
0.319855483154001,3.03054561051689,2.46731138679252,7.71383176696892,9.79933802852024,0.0181008432812146,0.475816289702531,-0.0398394723540599,0.00228514190317195
0.320178973486201,3.03122115213043,2.46771606866346,7.70730208106502,9.79685210572727,0.0179791555505784,0.474993548538791,-0.0398097674564859,0.00229298831385643
0.32049883335137,3.03184708372902,2.46808958190463,7.7007755569544,9.79434016023715,0.0178590509053714,0.474180166597748,-0.0397798593558177,0.0023008347245409
0.320815025002447,3.03242406569179,2.4684324392116,7.69425446701808,9.79180599285804,0.0177404830462289,0.473375964302888,-0.0397497058942567,0.00230868113522538
0.321032701144374,3.0329296442435,2.4687451449717,7.69001144173617,9.79304918636948,0.0175974579637403,0.472509384469717,-0.0396606673683623,0.00231652754590985
0.321346674269646,3.03340461780417,2.46902819621165,7.68337871186387,9.79026898267161,0.0174834490659616,0.471727760639321,-0.0396332266125951,0.00232437395659432
0.321656918047577,3.03383384122839,2.46928208213123,7.67675726398024,9.78747600670371,0.0173708320947004,0.4709547290612,-0.0396054381513443,0.0023322203672788
0.321963013112725,3.03420962308246,2.46950728429801,7.67015832167464,9.78468911274327,0.0172594626014999,0.470189847505666,-0.0395770273761392,0.00234006677796327
0.32226549217652,3.03453916235554,2.46970427683714,7.66357036913021,9.78188909255397,0.0171494539194413,0.469433378275566,-0.0395483059345967,0.00234791318864775
0.322563508301272,3.0348249850223,2.46987352654463,7.65701470557479,9.77911174024106,0.0170405523082741,0.468684590935034,-0.0395187384818519,0.00235575959933222
0.322858420837341,3.035067258172,2.47001549293531,7.65046018167738,9.77630487897419,0.0169330882484531,0.467944329923067,-0.0394891427579682,0.00236360601001669
0.323149722008514,3.03526397126952,2.47013062848589,7.64392001680513,9.77349074220404,0.0168268982014921,0.467212108513355,-0.0394591913176801,0.00237145242070117
0.323434928216196,3.03541256899365,2.47021937901019,7.63745397763288,9.77076995346043,0.0167213169712636,0.4664861246873,-0.0394273547224713,0.00237929883138564
0.323617681361991,3.03550676482367,2.47028218271852,7.63333502768446,9.7719707290628,0.0165916570528648,0.465701262700897,-0.0393350308975205,0.00238714524207012
0.323904521757641,3.03557377416806,2.47031947104177,7.62669029020277,9.76888971176772,0.0164909401910427,0.464997561693244,-0.039307892096984,0.00239499165275459
0.324187331148636,3.03559230831862,2.47033166943538,7.62007466696088,9.76582612841695,0.0163912553861806,0.464301040399098,-0.0392800704445882,0.00240283806343907
0.324467010621076,3.03557043948846,2.47031919640198,7.61346798145501,9.76274607389683,0.0162928055227285,0.463612185613287,-0.0392520979478634,0.00241068447412354
0.324742188934807,3.03551062733283,2.47028246398593,7.60690340878943,9.75970561870677,0.0161952218090719,0.462929995680666,-0.0392231311574451,0.00241853088480801
0.325013831514261,3.03541288064822,2.47022187803256,7.60035924170868,9.75666826790543,0.0160987241497268,0.462255003489598,-0.0391937410554675,0.00242637729549249
0.325281565230719,3.03527349268931,2.47013783805078,7.59384515473153,9.75365048548684,0.0160031975091526,0.461586872991706,-0.0391636893913173,0.00243422370617696
0.325545165301329,3.03509179818517,2.47003073749462,7.58736728652791,9.750662802997,0.0159085675399552,0.460925381175269,-0.0391328287685725,0.00244207011686144
0.325804805749936,3.03487328707894,2.46990096392246,7.58092244292487,9.7476999741469,0.0158148581672772,0.460270556969747,-0.0391012522273753,0.00244991652754591
0.32596671615742,3.03460901601068,2.46974889783471,7.57669042701277,9.74845788450243,0.0156995031801912,0.459565601787795,-0.0390128036567136,0.00245776293823038
0.326228714130709,3.03431077848446,2.46957491509062,7.57007218592396,9.74514176332716,0.015610180560337,0.458930664573288,-0.0389859925952876,0.00246560934891486
0.32648675892107,3.03397906307442,2.46937938542552,7.56349015067562,9.74185568442817,0.0155216840947268,0.458301979462574,-0.0389584168090839,0.00247345575959933
0.326741088167506,3.03361402818344,2.46916267278234,7.55693961426885,9.73859182200267,0.0154340452540596,0.457679571507657,-0.0389302069866614,0.00248130217028381
0.326990676433918,3.03321621201173,2.4689251357645,7.5504450545502,9.73539192721484,0.0153470132442275,0.457062809212745,-0.0389007418348009,0.00248914858096828
0.32723777256743,3.03277876339048,2.4686671272515,7.54395529551164,9.73216920582684,0.0152610950439777,0.456452899845893,-0.0388713487777551,0.00249699499165275
0.327477687919119,3.03230638331253,2.4683889955487,7.53757915915893,9.7291089310213,0.0151751912564719,0.455847142231231,-0.0388392329914777,0.00250484140233723
0.327621612914828,3.03178887858884,2.46809108152733,7.53335855827364,9.7296901393141,0.0150689043254935,0.455196243877502,-0.0387518440963234,0.0025126878130217
0.327866613601167,3.03125049023013,2.46777372269642,7.52676125083703,9.72619421871549,0.0149875810094952,0.454609972907061,-0.038725852375339,0.00252053422370618
0.328107355339097,3.03067589535455,2.46743725084943,7.52021315797493,9.72275107911414,0.0149068614267839,0.45402911275664,-0.0386988262165421,0.00252838063439065
0.32834413167241,3.03007203981464,2.46708199281574,7.5137081946607,9.71935055786468,0.0148267998936031,0.453453768752469,-0.0386709298913608,0.00253622704507513
0.328576670294495,3.02943887209667,2.46670827037243,7.50725323304782,9.71600458488257,0.014747321504986,0.452883735104562,-0.0386419941478398,0.0025440734557596
0.328804456209817,3.02877627021108,2.46631640080389,7.50086063076372,9.71273449848849,0.0146683027811829,0.452318706671522,-0.0386117083290469,0.00255191986644407
0.328932783633363,3.02805851777893,2.46590669549753,7.49668874065802,9.71323156011387,0.0145687963596056,0.451709903789099,-0.0385245761935549,0.00255976627712855
0.329165609434976,3.02733093116949,2.46547946160322,7.49008824413737,9.70954742094203,0.0144939916427705,0.451162735162386,-0.038500161727718,0.00256761268781302
0.329393296228982,3.02657658135739,2.46503500184642,7.48356153591183,9.70595866080749,0.0144194847615773,0.45062003097013,-0.0384741293150244,0.0025754590984975
0.329616321719404,3.0257859413049,2.46457361422523,7.47709822550374,9.70244779617497,0.0143453730945154,0.450082000111128,-0.0384467521349216,0.00258330550918197
0.329834999020363,3.02496899700632,2.46409559238192,7.47069170858302,9.69900377987945,0.0142717173508524,0.449548766973757,-0.0384182061940551,0.00259115191986644
0.329946404463312,3.02411582142093,2.46360122553903,7.46667092658973,9.69962140175649,0.0141764349747679,0.448970590674875,-0.0383286675089921,0.00259899833055092
0.330170361607311,3.02323809772468,2.4630907972704,7.46006027094545,9.69576919148926,0.0141067829489052,0.448454141902495,-0.0383059578623056,0.00260684474123539
0.33038974344898,3.02233563555136,2.46256458820191,7.45351403011148,9.69199685067485,0.0140374679354826,0.447942066055622,-0.0382819071270845,0.00261469115191987
0.330602722667426,3.02141054851167,2.46202287428961,7.44707380031564,9.68837609448621,0.0139680975778769,0.447433479697278,-0.0382554519540782,0.00262253756260434
0.330811225178542,3.02046131889166,2.46146592766918,7.44069650702061,9.68483330862695,0.0138990774497544,0.446929279870466,-0.0382277035058021,0.00263038397328882
0.330913306062222,3.01946218653525,2.46089401619326,7.43667290226926,9.68530904544322,0.0138091674969307,0.446383255644828,-0.0381398724788802,0.00263823038397329
0.33112805903061,3.01845617216546,2.46030740249446,7.43007828964149,9.68133486905874,0.0137441049921108,0.445895139349393,-0.0381183541177324,0.00264607679465776
0.331336703244497,3.01742862439402,2.45970634652816,7.42358550212626,9.67750555742402,0.0136789909468906,0.445410391913629,-0.0380945660088266,0.00265392320534224
0.331540810242228,3.0163689543333,2.45909110402873,7.41715960165533,9.67376133748807,0.0136141463025525,0.444929694227452,-0.0380694083420829,0.00266176961602671
0.331738450218353,3.0152880227292,2.45846192744402,7.41084407256934,9.67017743386638,0.0135491777166289,0.444452217306181,-0.0380417691819857,0.00266961602671119
0.331837221937087,3.01417276823401,2.45781906403223,7.40670094115667,9.67031090926825,0.0134653776141075,0.443938724306055,-0.0379587724271367,0.00267746243739566
0.33204190438521,3.01303904801812,2.45716275781883,7.40015861060783,9.66627870983191,0.0134042900339395,0.443476569207964,-0.0379376566728068,0.00268530884808013
0.332239731876409,3.01188753889431,2.45649324948278,7.39373715361828,9.66242512787261,0.0133429471056471,0.443017230076898,-0.037913810151411,0.00269315525876461
0.332431895140581,3.01071626755649,2.45581077645251,7.38741021048533,9.65870509720942,0.0132815928827816,0.442561228237916,-0.0378879113265573,0.00270100166944908
0.332719127428597,3.0082817534296,2.45440786522778,7.37681624797633,9.65473921477839,0.0131430781179668,0.441627413030469,-0.0377844482530378,0.00271669449081803
0.332911727465882,3.0070451166436,2.45368788254573,7.37038584138551,9.65075409369026,0.0130851839832722,0.441188650187896,-0.0377623303431289,0.0027245409015025
0.333097431429414,3.0057810165394,2.45295584753189,7.36407914346732,9.64695359027317,0.0130269925161447,0.440752540371754,-0.0377374320937438,0.00273238731218698
0.333179512577999,3.00448171166249,2.45221197987696,7.36003231682166,9.64703747077478,0.0129497577478184,0.440282183119342,-0.0376550659478521,0.00274023372287145
0.333371486094799,3.00318000813911,2.45145649464754,7.353527811765,9.6428382716371,0.0128949608212233,0.439859515417575,-0.0376360072099146,0.00274808013355593
0.333558096045812,3.00185152680972,2.45068960528653,7.34711474354363,9.63876808614723,0.0128401195423853,0.439439883898936,-0.0376150110662237,0.0027559265442404
0.333733997903904,3.00050809031974,2.44991152283197,7.3409108398282,9.63503138417026,0.012784224603448,0.439021383307295,-0.0375890645575203,0.00276377295492487
0.333816309294143,2.99913038618138,2.44912245222347,7.3367369539318,9.63478825914054,0.0127115467237247,0.438574068527379,-0.0375115891893908,0.00277161936560935
0.334000015452113,2.99774447775789,2.4483225973939,7.33030683869812,9.63060348397236,0.0126591833216301,0.438168832700968,-0.037492237310392,0.00277946577629382
0.334177019383016,2.99634445376558,2.4475121591091,7.32399900994953,9.6266019971648,0.0126064941812339,0.437766028779686,-0.0374701739054149,0.0027873121869783
0.334246163069122,2.99490872170412,2.44669133554075,7.32002818843061,9.6266319141829,0.0125345654429426,0.43733057964844,-0.0373887896969726,0.00279515859766277
0.334429779837069,2.99346756889324,2.44586031965096,7.31352429452473,9.62223456105203,0.0124850766314558,0.436940102603444,-0.0373725597457401,0.00280300500834725
0.334604408174379,2.99201510845613,2.44501930354801,7.30719393951852,9.61810990156802,0.0124348046670914,0.436551131046951,-0.0373523226560243,0.00281085141903172
0.334664545306795,2.99052301821145,2.44416847702885,7.30333855589102,9.61826190379598,0.0123643156714068,0.436128598683392,-0.0372693018322861,0.00281869782971619
0.3348463490967,2.9890309231147,2.44330802434324,7.29680353671003,9.61372643766243,0.0123172464437895,0.435751649813518,-0.0372551286806176,0.00282654424040067
0.335019833835519,2.9875242615478,2.44243812894173,7.29042845308336,9.60944051217379,0.0122694952243481,0.435376333687329,-0.0372373096993504,0.00283439065108514
0.335183609323662,2.9859963607719,2.44155897230433,7.28424333526015,9.6054569862287,0.01222082798783,0.435002296586384,-0.0372150754769593,0.00284223706176962
0.335252231931115,2.98444315745604,2.44067073076346,7.28010285481098,9.60500853640916,0.012155813995039,0.434602699896895,-0.0371410828801231,0.00285008347245409
0.335422718997032,2.98288046833664,2.43977357928526,7.27372786965824,9.60063988718728,0.0121101266791146,0.434239873150453,-0.0371245600761456,0.00285792988313856
0.335583083977385,2.98130708575573,2.43886769143326,7.26755253133563,9.59659112956118,0.0120634383190812,0.433878158255509,-0.0371033865795249,0.00286577629382304
0.33564720220733,2.97970332785726,2.43795323600231,7.26343976642589,9.59611325127451,0.0120004063706309,0.43349160461941,-0.0370300408416013,0.00287362270450751
0.33581290171812,2.97809731640964,2.43703037981847,7.25710765533394,9.59173716015752,0.0119563591815173,0.433140228364799,-0.0370137448187672,0.00288146911519199
0.335859213480549,2.97646931296781,2.43609928919404,7.25333470518332,9.59180098097678,0.0118919901046439,0.432757878070559,-0.0369326803655949,0.00288931552587646
0.336031826909719,2.97482826957339,2.43516012469555,7.24681393155595,9.58704200284286,0.0118508120346442,0.432417044779065,-0.0369220706330361,0.00289716193656093
0.336193010508507,2.97318235919073,2.43421304655955,7.24052246915453,9.58265542936833,0.0118083598089308,0.432076755918667,-0.0369060789660573,0.00290500834724541
0.336239612246817,2.97150433074186,2.43325821357218,7.23667921608846,9.582520363625,0.0117466820597264,0.431708211312975,-0.0368281889928139,0.00291285475792988
0.336407436806796,2.96982678769737,2.43229577896484,7.23020811326994,9.57776672483904,0.0117069642920093,0.431377963272745,-0.0368176643480607,0.00292070116861436
0.336563025674828,2.96814224575545,2.4313258962526,7.22398395182493,9.57341710534689,0.0116658314272275,0.431048041786509,-0.0368013169932597,0.00292854757929883
0.336610818502876,2.96641874644789,2.43034871696091,7.22005527858617,9.57305700458238,0.0116068849168182,0.430692984014533,-0.0367269967393873,0.00293639398998331
0.336772882162318,2.96470692671715,2.4293643874361,7.21365797577844,9.56835181328078,0.0115683762101206,0.430372658572915,-0.0367159612230777,0.00294424040066778
0.336919923147207,2.96297490624152,2.42837305556573,7.20756740320379,9.56415617931119,0.0115279866447797,0.430051992595537,-0.0366975874938551,0.00295208681135225
0.33697319941278,2.96122097002677,2.42737486385695,7.2034656408491,9.56341781336542,0.0114723835703452,0.429710951092379,-0.0366290778169419,0.00295993322203673
0.337126138447729,2.9594633396225,2.42636995417063,7.19721693886645,9.55889309218684,0.0114344415723898,0.429399347164068,-0.0366156450982345,0.0029677796327212
0.337166353244483,2.95768590750579,2.42535846762077,7.1933585432889,9.55853126440543,0.0113781940665204,0.429063236982611,-0.0365419141363093,0.00297562604340568
0.337324214932041,2.95590375505503,2.42434053956206,7.18697452553319,9.5537175006629,0.0113424869778391,0.428760204516064,-0.0365328390396513,0.00298347245409015
0.337466888944142,2.95411560520347,2.42331630732645,7.18090096159793,9.54942114094672,0.0113048748775914,0.42845683639883,-0.0365163492854053,0.00299131886477462
0.337514794337595,2.95229891211672,2.42228590310768,7.1768288197904,9.54861038797977,0.0112521663054696,0.428134418839148,-0.0364494714340853,0.0029991652754591
0.337662271112215,2.95048778771581,2.42124945851627,7.17062480963893,9.54403385148439,0.0112167010908548,0.427839260686898,-0.0364372266048006,0.00300701168614357
0.337700829769442,2.94864979956791,2.42020710443434,7.16671944835517,9.54346667252474,0.0111639065318097,0.427522384956446,-0.0363670863887817,0.00301485809682805
0.337851511484631,2.94681629109291,2.41915896637802,7.16042072964964,9.53867278006833,0.0111302797760388,0.427234839916378,-0.0363581771763417,0.00302270450751252
0.337880894261714,2.94495907686409,2.41810517217146,7.15667921222695,9.53834461005345,0.0110774070197559,0.426923460239387,-0.0362848596632952,0.003030550918197
0.338035031168291,2.94310347557893,2.41704584365536,7.15028213289536,9.53332713530533,0.0110456165425287,0.426643362792142,-0.036279377326846,0.00303839732888147
0.338172645425469,2.94124584891707,2.41598110434513,7.14422392534289,9.52887871757561,0.0110117077689331,0.426362698691004,-0.0362657837947024,0.00304624373956594
0.338215013659699,2.93935072736174,2.41491107344347,7.14016520825795,9.52792069198697,0.010963003424685,0.426064997256214,-0.0362019455883118,0.00305409015025042
0.338353710709076,2.93747231055036,2.41383586948755,7.13406057947159,9.52334044847697,0.0109304944952929,0.425791023071826,-0.0361904728193759,0.00306193656093489
0.338389603990537,2.93556057949876,2.41275560997068,7.13011150909397,9.52252715967529,0.0108820778458513,0.425499043557709,-0.0361248338114634,0.00306978297161937
0.338531950517189,2.93366077636361,2.41167040812043,7.12390781560213,9.5177227610553,0.0108513429863535,0.425232095249987,-0.0361168164968804,0.00307762938230384
0.338561185959941,2.93173400144187,2.41058037938756,7.12007306021425,9.51706290799829,0.0108031629114516,0.424945699704536,-0.036049262525048,0.00308547579298831
0.338704258053834,2.9298143242698,2.40948563269361,7.11383330855749,9.5121453972108,0.0107736983736502,0.424685001420708,-0.0360431033764828,0.00309332220367279
0.338730614353213,2.92787250907149,2.40838628039668,7.1100342819481,9.51150115353633,0.0107263317100204,0.424404821339745,-0.0359756286076885,0.00310116861435726
0.338872757475886,2.92593397382846,2.40728242833474,7.10379449285191,9.50653421125253,0.0106978416308865,0.424149882471219,-0.0359704168127311,0.00310901502504174
0.338896253284879,2.92397834624832,2.4061741853215,7.10003182979673,9.50590704770446,0.0106512633253024,0.423875784307371,-0.035903006674916,0.00311686143572621
0.339040059290006,2.92202040806886,2.40506165415788,7.093738890898,9.50079744201994,0.0106241222868007,0.423626923168027,-0.0359000876429889,0.00312470784641068
0.339059939861874,2.92005057745305,2.40394494060298,7.0900293959301,9.50021732383982,0.0105781890289524,0.423358644486696,-0.0358323167315751,0.00313255425709516
0.339203281650394,2.91807652231439,2.40282414423859,7.0837290622533,9.49504593401615,0.0105520319557493,0.423115309048371,-0.0358305336933932,0.00314040066777963
0.339221922500887,2.91608973285753,2.40169936785729,7.08002404488176,9.49442741815285,0.0105070873293995,0.422853142875899,-0.035763633337515,0.00314824707846411
0.339363726212056,2.9141033651514,2.40057070787661,7.07373983269085,9.48923602135298,0.0104817185926842,0.422614999768735,-0.0357623934584338,0.00315609348914858
0.339381337302013,2.91210023907852,2.3994382642916,7.07003597595102,9.4885735616843,0.0104377661301742,0.422358835931616,-0.0356964464871601,0.00316393989983306
0.339520564497938,2.91010288487497,2.39830213058241,7.06379047799026,9.48340238698268,0.0104130018752134,0.422125591842208,-0.0356951804371168,0.00317178631051753
0.339539137352188,2.90808338048058,2.39716240377225,7.06004739973696,9.48262502752048,0.0103703176447017,0.421875608961727,-0.0356312053154023,0.003179632721202
0.339675709965787,2.9060760891658,2.39601917447635,7.05384313384575,9.47747890545338,0.0103461214406002,0.421647130387971,-0.0356298516939847,0.00318747913188648
0.339694899475005,2.90404102946756,2.39487253719217,7.05006916763667,9.47660159148255,0.0103046222854651,0.421403115494283,-0.0355676353668554,0.00319532554257095
0.339825643148763,2.90202513964842,2.39372257969302,7.04397277825539,9.47159863807117,0.0102804954982701,0.421178827585864,-0.0355645132214148,0.00320317195325543
0.339847330426353,2.89997538168751,2.39256939333509,7.04013002054043,9.47055466648751,0.0102404332900634,0.420940900065017,-0.0355050111208212,0.0032110183639399
0.339973850411828,2.89794531604604,2.3914130640315,7.03410883259009,9.46563768239197,0.0102166028991775,0.420720973981396,-0.0355009470472782,0.00321886477462437
0.339997806531012,2.89588733685745,2.39025367944987,7.03020323524309,9.46443775453739,0.0101779098864837,0.420488925016068,-0.0354440057695535,0.00322671118530885
0.340119890674913,2.89384112971052,2.38909132439523,7.02426229661094,9.45961612646922,0.010154327734064,0.42027325234193,-0.0354388739180282,0.00323455759599332
0.340146061840114,2.89177624869279,2.38792608194517,7.02029613110034,9.45826445380641,0.0101169633573567,0.420046903677338,-0.0353844333389331,0.0032424040066778
0.340154659372933,2.88970165746307,2.38675803641766,7.01668482453712,9.45751819887949,0.010077504167649,0.419820987639343,-0.0353215669713873,0.00325025041736227
0.340289108952435,2.88763994885364,2.38558726710309,7.01047199085216,9.45214737908969,0.0100571085854694,0.419614219525647,-0.0353246975980481,0.00325809682804674
0.340302227086179,2.88556031460236,2.3844138566093,7.00675360553978,9.45116777427544,0.0100192950983104,0.419394189246642,-0.0352654979441729,0.00326594323873122
0.340428780233331,2.88348485694704,2.38323788156202,7.00069447691391,9.44602306461277,0.00999857834660108,0.419190926368753,-0.0352657128930139,0.00327378964941569
0.340447036613799,2.88139405993711,2.38205942177486,6.99685755960053,9.44478996433046,0.00996246503205603,0.41897666834636,-0.0352104655502597,0.00328163606010017
0.340449611509606,2.87930024452296,2.38087855297994,6.99333608407647,9.44409346220364,0.00992454031257119,0.418763150166205,-0.0351477990934748,0.00328948247078464
0.340586743346277,2.87721012213447,2.37969534995324,6.98704631475859,9.43847335230415,0.00990663315172342,0.418567945412187,-0.035155218909776,0.00329732888146912
0.340595407338247,2.87510857949112,2.37850988900949,6.9833880250986,9.43749152592532,0.00987051617797034,0.418360145422698,-0.0350969543191144,0.00330517529215359
0.340722100813596,2.87301132113882,2.37732224116489,6.97730565609976,9.43219360278655,0.00985187630013964,0.418167947137281,-0.0351001133757602,0.00331302170283806
0.340735936133636,2.87089724348226,2.37613248091439,6.973530611055,9.43096205640577,0.00981739953855112,0.417965578219661,-0.0350457449916739,0.00332086811352254
0.340871950763987,2.86667406128015,2.37374690195919,6.96374957411127,9.42448062688069,0.00976526668751667,0.417579370030581,-0.0349945266714916,0.00333656093489149
0.340879880195837,2.8645493293255,2.37255122375856,6.96007996246512,9.42337213234445,0.00973125365700764,0.417383546979649,-0.0349389732054325,0.00334440734557596
0.341001437696322,2.86243953734824,2.37135370913676,6.95408712982777,9.41812289985454,0.00971380422743824,0.417201187073077,-0.0349422352053781,0.00335225375626043
0.341015317225089,2.86030431293583,2.37015442685424,6.95028729542318,9.41674138373832,0.00968147510630057,0.41701051328924,-0.0348909055983333,0.00336010016694491
0.341018447559663,2.85817009832005,2.3689534423728,6.94670173805872,9.41571888305407,0.00964804771446231,0.416821172591033,-0.0348347014056831,0.00336794657762938
0.341144572702626,2.85605058138073,2.36775081935245,6.9406082019555,9.41022644350151,0.00963235727614051,0.41664523818779,-0.0348418866776251,0.00337579298831386
0.341154964215863,2.85390527978134,2.36654662412768,6.93686703216275,9.40888633046819,0.00960076642561848,0.416460989370314,-0.0347905331096628,0.00338363939899833
0.341154060493331,2.85176220657366,2.36534091835266,6.93335121068828,9.40792524421508,0.00956799785546862,0.416278027082155,-0.0347340317218382,0.0033914858096828
0.341281814307122,2.84963500953778,2.36413376336999,6.92721869218173,9.40229969875246,0.00955360323228095,0.416107987269147,-0.0347435834163861,0.00339933222036728
0.341289939123919,2.84748073689284,2.36292522247428,6.92351268408275,9.40096005932995,0.00952288309667036,0.415930071348202,-0.0346927895458234,0.00340717863105175
0.341416901848528,2.84319273119341,2.36050421807191,6.91384698675276,9.39421783497698,0.00947794211790321,0.41558911214398,-0.0346491017692126,0.0034228714524207
0.341422823887954,2.84103341035577,2.35929187397083,6.91017620645388,9.39287952896166,0.00944806482766382,0.415417342598083,-0.0345988574115184,0.00343071786310518
0.341419994570142,2.83887273900847,2.35807837811857,6.90667920924625,9.39182950480203,0.00941735900361416,0.415247059965464,-0.0345447590889055,0.00343856427378965
0.341546857158521,2.83672788523962,2.35686378661464,6.90055767522628,9.38609768230585,0.00940484626787607,0.415087782738871,-0.0345568006896857,0.00344641068447412
0.341552130442671,2.83456720173859,2.35564815754628,6.89689200443057,9.38470796219663,0.00937598809080657,0.414922073402914,-0.034507852003453,0.0034542570951586
0.341550504339256,2.83239823831141,2.35443154445855,6.89336281032082,9.38354063867617,0.00934655173760537,0.414757962347202,-0.0344559805211486,0.00346210350584307
0.341672431567773,2.83024528678992,2.35321400088559,6.88733940308794,9.37792133636683,0.00933431165653163,0.414603494229628,-0.0344669434289179,0.00346994991652755
0.341680091253647,2.82807696989711,2.35199558197557,6.88361904068201,9.37637465706197,0.00930684583489379,0.414443818613913,-0.0344207766309704,0.00347779632721202
0.341679540503747,2.82590865037975,2.3507763395515,6.88006175636297,9.37509796955393,0.00927862062203039,0.414285648948163,-0.0343710175645314,0.00348564273789649
0.341793905252645,2.82374779098536,2.34955632481609,6.8741902319158,9.36968758845275,0.00926627330703504,0.414135725942797,-0.0343795559744526,0.00349348914858097
0.341803381108756,2.82157344278103,2.34833558893306,6.87042820148657,9.36800769659219,0.00924007855297775,0.413981811958899,-0.0343358347598681,0.00350133555926544
0.341805418446592,2.81939980561235,2.34711418328065,6.86681385551934,9.36657079730824,0.00921322841039481,0.413829447849516,-0.0342889015943721,0.00350918196994992
0.341799917881391,2.81722709820412,2.34589215627149,6.8633490926863,9.36538029801003,0.00918570320958442,0.413678609813889,-0.0342387172544832,0.00351702838063439
0.341923684313119,2.81505899004684,2.34466955584098,6.85728910692782,9.35955531683927,0.00917581440924038,0.413535624836001,-0.0342537623688675,0.00352487479131886
0.34192892129975,2.8128792039061,2.34344643210048,6.85360695197267,9.35793969556879,0.00915037825084966,0.41338885960522,-0.0342099122468216,0.00353272120200334
0.341925974039083,2.81070175719519,2.3422228313015,6.85008747254099,9.35659409980969,0.00912417879494031,0.413243581438335,-0.0341624783059572,0.00354056761268781
0.342043833981413,2.80635389185658,2.33977438220816,6.84056880947985,9.34943405520105,0.00908915258989593,0.412963149789949,-0.0341308371134321,0.00355626043405676
0.342046874118241,2.80417025406745,2.33854962620878,6.8369273428892,9.34781430665179,0.00906469200272387,0.412823335191743,-0.0340878223545552,0.00356410684474124
0.342043611367309,2.80198860664964,2.3373245750258,6.83341099599088,9.34639819296932,0.0090397122247674,0.412685062081696,-0.034042159408226,0.00357195325542571
0.34215488274771,2.79982362727561,2.33609927211084,6.82760758329841,9.3408928734868,0.00903010002043869,0.412552100122023,-0.0340539446590456,0.00357979966611018
0.342161720846549,2.79763730336602,2.33487376001954,6.82388945859513,9.33908011340952,0.00900704152152545,0.412417407897679,-0.0340142081825548,0.00358764607679466
0.342162557687056,2.79545110377014,2.3336480832323,6.82029062153163,9.33746094760462,0.0089835044248107,0.412284270681927,-0.0339719621319894,0.00359549248747913
0.342159310199168,2.79326612886717,2.33242228230498,6.81677280956434,9.33596734206756,0.00895973222012711,0.412152709756474,-0.0339281637858702,0.00360333889816361
0.342151485118187,2.7910837888514,2.33119639820541,6.81334584124386,9.33461681759902,0.00893565888952512,0.412022712747441,-0.0338825721449808,0.00361118530884808
0.34227069337644,2.78891644673188,2.32997047106359,6.80739109761005,9.32874765859811,0.0089284026472599,0.411897103580399,-0.0339003173323213,0.00361903171953255
0.342275761007553,2.78672789820136,2.32874454175865,6.80370860882336,9.32690554824558,0.00890657031408067,0.411770488631102,-0.033861966551325,0.00362687813021703
0.342272620987639,2.78454101711615,2.32751864991018,6.80018940221991,9.32533576699617,0.00888396434711126,0.411645350434246,-0.0338200104582295,0.0036347245409015
0.342266690067546,2.78235567968779,2.32629283327936,6.79672577200039,9.32384666031614,0.00886127995788534,0.411521762948608,-0.0337771327346209,0.00364257095158598
0.342257050480707,2.78017302087408,2.3250671300374,6.79333596421694,9.32247075980368,0.00883839993406836,0.411399726116983,-0.0337328818546093,0.00365041736227045
0.342381230704883,2.77800732321213,2.32384157704534,6.78729255181742,9.31635106636545,0.00883301304144243,0.411280841317341,-0.0337549988607819,0.00365826377295493
0.342381887910844,2.77581981049787,2.32261621298324,6.78370058403338,9.31457921341799,0.00881199304348949,0.411161872365096,-0.0337166402109197,0.0036661101836394
0.342378354128278,2.77363321189657,2.32139107350916,6.78019228002775,9.312938389452,0.00879070796324327,0.411044399617812,-0.0336766545533655,0.00367395659432387
0.342372526591838,2.77144808060553,2.32016619398506,6.77673006383209,9.31136174829734,0.00876939735780189,0.410928426049069,-0.0336359770877414,0.00368180300500835
0.342482679047755,2.76928170651332,2.31894160970142,6.77097485966019,9.30568217566482,0.00876313085006218,0.410814423324138,-0.0336526736074704,0.00368964941569282
0.34248269544169,2.76710014301845,2.31771735490106,6.7673998883709,9.30386918947281,0.00874307510478481,0.410701289308661,-0.0336156613305446,0.0036974958263773
0.342484219388974,2.7649181007328,2.31649346471513,6.76379620891142,9.30198743760564,0.00872346988139225,0.410589618452924,-0.0335798073336168,0.00370534223706177
0.342481222053393,2.76273760288585,2.31526997286531,6.76028296962909,9.3002492035195,0.00870355058964397,0.410479409823117,-0.0335421526451059,0.00371318864774624
0.342476685510243,2.76055405977708,2.31404691187493,6.75680129415911,9.29854968265665,0.00868369038054628,0.410370640281453,-0.0335041595988007,0.00372103505843072
0.342468939607449,2.75837274050298,2.31282431429442,6.75338416659178,9.29694767785318,0.00866367613518323,0.410263307753478,-0.0334650107960424,0.00372888146911519
0.342459252640466,2.75619350177479,2.31160221222515,6.75000659027895,9.29539873393363,0.00864366749691078,0.410157408696652,-0.0334253266819987,0.00373672787979967
0.34257875959463,2.75402999884355,2.31038063672079,6.74408605908505,9.28930091062234,0.00864015042510474,0.41005186553429,-0.0334490756957647,0.00374457429048414
0.342579840668637,2.75185197095267,2.30915961968645,6.74050059448772,9.28734717128033,0.00862196639858784,0.409948475125322,-0.0334153885822106,0.00375242070116861
0.342576690328794,2.74967611298423,2.30793919200855,6.73700008542166,9.28552765906865,0.0086034957549076,0.40984650366134,-0.0333800315144803,0.00376026711185309
0.342572037773146,2.74750187325875,2.30671938326258,6.73353084582494,9.28374678415422,0.00858507563128894,0.409745899872979,-0.0333443357521638,0.00376811352253756
0.342565024156653,2.74532987689434,2.30550022294321,6.73010979045228,9.2820347427717,0.0085665966793577,0.409646666710965,-0.0333078824432073,0.00377595993322204
0.342557408665422,2.74315522835836,2.3042817402258,6.72670239187968,9.28033009104094,0.00854827664844117,0.409548771063203,-0.0332715259773164,0.00378380634390651
0.342547639094829,2.74098283513024,2.30306396383579,6.72333918260701,9.27868728314424,0.0085299209876355,0.409452233945763,-0.0332345106639696,0.00379165275459098
0.342665496728544,2.73882468608241,2.3018469216934,6.71747504102199,9.27256971849294,0.00852762636448293,0.409354449032977,-0.0332597710688116,0.00379949916527546
0.342664542191414,2.73665493439812,2.30063064197792,6.71394427700306,9.27059488931648,0.00851079982496346,0.409260140096517,-0.0332277302359819,0.00380734557595993
0.342663219289037,2.73448641102644,2.29941515231544,6.71042301267788,9.26862035172364,0.0084941519185294,0.409167105949713,-0.0331958804994186,0.00381519198664441
0.342658355747782,2.73232024441152,2.29820047967733,6.7069734069726,9.26675694137729,0.00847728997530775,0.409075417294247,-0.033162683826143,0.00382303839732888
0.342652358965773,2.73015607417239,2.29698665012662,6.70354833411805,9.26492073762367,0.00846050755378929,0.408984999984867,-0.0331293058489866,0.00383088480801336
0.342646137108161,2.7279935734536,2.29577368974244,6.70013007914852,9.26308024000279,0.00844391429230445,0.408895818975202,-0.0330961834551928,0.00383873121869783
0.342638479035136,2.72583340020405,2.2945616241795,6.69674238176911,9.26127781664446,0.00842735960541309,0.408807899515739,-0.0330627292825706,0.0038465776293823
0.342630869076602,2.72367499062042,2.29335047863788,6.69335627819674,9.25946192557999,0.00841102394552858,0.408721189208844,-0.0330296575394689,0.00385442404006678
0.342737265679281,2.7193721263744,2.29093104647418,6.68421930114229,9.25156514803707,0.00839382473110342,0.408547163372959,-0.0330231245323471,0.00387011686143573
0.342735659430283,2.71721667284506,2.28972280788824,6.68072534878443,9.24950857442906,0.00837882535477643,0.408463613649634,-0.0329939456146708,0.0038779632721202
0.342733388480282,2.71506295637955,2.28851558661029,6.67724728179483,9.24746429927389,0.00836394940710151,0.408381243444394,-0.0329647885655375,0.00388580968280467
0.342727303142802,2.71291182647322,2.28730940601067,6.67384648096634,9.24554179755642,0.00834881433216247,0.40830017405726,-0.0329341377033142,0.00389365609348915
0.342724119486782,2.71076189818554,2.28610428828467,6.67039218514306,9.2435080526798,0.00833422884265694,0.408220111148292,-0.0329052192814132,0.00390150250417362
0.342717740872907,2.70861470330189,2.28490025635069,6.66700314530264,9.24157479886215,0.00831945503758051,0.4081413040827,-0.0328751022256269,0.0039093489148581
0.34271244291512,2.7064693024091,2.28369733204252,6.66359619924313,9.23959387303413,0.00830500716751195,0.408063559140983,-0.0328458366688602,0.00391719532554257
0.342706329740206,2.70432612367286,2.28249553718036,6.66020828652521,9.23763118124339,0.00829065436257346,0.407986947395405,-0.032816510518758,0.00392504173622705
0.342699756588735,2.70218530359468,2.28129489319358,6.65683254607999,9.23567456036901,0.008276437764351,0.407911444146047,-0.0327872918200469,0.00393288814691152
0.34269388696208,2.70004629533187,2.28009542110433,6.65344643675137,9.23368390473097,0.00826249547748321,0.407836984017415,-0.0327587343658514,0.00394073455759599
0.342686456641768,2.69791014582952,2.27889714162888,6.65009397792207,9.23173772904919,0.00824855348544952,0.407763665544256,-0.0327297531270722,0.00394858096828047
0.34267944752087,2.69577603321866,2.27770007508074,6.64673674350437,9.22976761893147,0.00823484810320644,0.407691382713437,-0.0327012928414032,0.00395642737896494
0.342672469837697,2.69364419909762,2.27650424153609,6.64338236046313,9.22778723315428,0.00822133078258303,0.407620144550498,-0.0326731643625991,0.00396427378964942
0.342665507928055,2.69151465528127,2.27530966064714,6.64003119078111,9.22579728287388,0.00820799773328562,0.407549940916134,-0.0326453574142694,0.00397212020033389
0.342658416659501,2.68938750611425,2.27411635179522,6.63668610263556,9.22380294488859,0.00819482972259059,0.407480768907012,-0.032617800152766,0.00397996661101836
0.342651082496206,2.68726285430285,2.27292433397572,6.63334934598051,9.2218082935051,0.00818181141020514,0.407412624803374,-0.0325904360220854,0.00398781302170284
0.34264410017785,2.68514043377554,2.27173362588857,6.63000946086457,9.21979297426621,0.00816901215495433,0.407345466275688,-0.0325635452242069,0.00399565943238731
0.34263043145617,2.68090284295277,2.26935621225826,6.62333524378893,9.21572721272006,0.00814397212156212,0.407214101626849,-0.0325108110367785,0.00401135225375626
0.342623655566661,2.67878779590175,2.26816954252545,6.62000275133996,9.2136801779808,0.0081317171718717,0.407149880477205,-0.0324849197887116,0.00401919866444073
0.342617160495206,2.67667511870571,2.26698425422376,6.61666873587752,9.21161559723084,0.00811966522095918,0.407086604731902,-0.0324594568436836,0.00402704507512521
0.342610924885833,2.67456494147863,2.26580036456784,6.61333366798756,9.20953437377519,0.00810781187778136,0.407024264798392,-0.0324344092539282,0.00403489148580968
0.342730777415321,2.67247496765456,2.26461789032009,6.60757083854136,9.20310997324671,0.00811099169798138,0.406954559349853,-0.0324693318418727,0.00404273789649416
0.342725769392152,2.67036946642112,2.26343684803021,6.60422136346671,9.20097380399264,0.00809959160441437,0.40689383993586,-0.0324453986546051,0.00405058430717863
0.342719861185009,2.66826688233544,2.26225725427951,6.60089335487413,9.19886132357294,0.0080882496007292,0.406834110634104,-0.0324213242157243,0.00405843071786311
0.342713717950298,2.66616698732293,2.26107912494393,6.59757402903797,9.19674980584447,0.00807704112008943,0.406775311436033,-0.0323974214757735,0.00406627712854758
0.342582462810779,2.66405275124194,2.25990247568913,6.59666714153247,9.19892468870547,0.00805132286343958,0.406726314683808,-0.0323147510534518,0.00407412353923205
0.342702113809519,2.66197515695862,2.25872732185246,6.59093489895398,9.19248262517092,0.00805517999502253,0.406660364194881,-0.0323507774567829,0.00408196994991653
0.342572400765972,2.65986676722168,2.25755367878967,6.59000454719034,9.19458683109142,0.00802999783106035,0.406613360223112,-0.0322694693962192,0.004089816360601
0.342567751079241,2.6577779924016,2.25638156131869,6.58667242964373,9.19239502039551,0.00801961238138275,0.406558171132724,-0.0322474177404574,0.00409766277128548
0.342562832790978,2.65569219693468,2.25521098412388,6.58334987993265,9.19020605635687,0.00800934816326547,0.406503866403629,-0.0322255095933059,0.00410550918196995
0.342558606786439,2.653609196639,2.25404196159896,6.58001847550774,9.18798718385396,0.00799931629881766,0.406450366787767,-0.0322041946250456,0.00411335559265442
0.342554375636904,2.65152913856482,2.252874507866,6.57669166735143,9.18576242567627,0.00798943322860552,0.406397713050037,-0.0321831423661235,0.0041212020033389
0.342550103151483,2.64945224654511,2.25170863680391,6.57337019048614,9.18353315229594,0.00797969365090632,0.40634590185766,-0.032162333640163,0.00412904841402337
0.342545711282832,2.64737844317036,2.25054436204295,6.57005558065426,9.18130216043306,0.00797008664067302,0.406294929007991,-0.032141729697371,0.00413689482470785
0.342541667218998,2.64530775114405,2.24938169692561,6.56673891730522,9.17905362092541,0.00796066500325156,0.406244748437676,-0.0321215475514919,0.00414474123539232
0.3425373943477,2.6432402698641,2.24822065462362,6.56343129749367,9.17680736130744,0.00795136064826693,0.406195400414187,-0.032101514583764,0.00415258764607679
0.342533208999896,2.64117605876283,2.24706124799226,6.56012669414761,9.17455270604835,0.00794220840974279,0.406146848483016,-0.0320817770324196,0.00416043405676127
0.342528873832885,2.63911510955663,2.2459034897413,6.55682969032575,9.17229787894575,0.00793317971210831,0.406099106290064,-0.0320622216587965,0.00416828046744574
0.342523791303931,2.63705768032794,2.2447473922606,6.55355175100456,9.17006336111364,0.00792420421096001,0.406052217798925,-0.0320425670257217,0.00417612687813022
0.342519288859477,2.63500321280138,2.24359296771141,6.55026750517363,9.16780402159625,0.00791543358783069,0.406006059852109,-0.0320234322715891,0.00418397328881469
0.342514330958183,2.63294959288406,2.242440228131,6.54699679822968,9.16555526870712,0.00790674729714067,0.405960716219137,-0.0320043310774735,0.00419181969949917
0.342509037167628,2.63089933798335,2.24128918526002,6.5437373676161,9.16331313173843,0.00789815794292443,0.405916170054958,-0.0319853176419018,0.00419966611018364
0.342501829601548,2.62885303628868,2.24013985072768,6.5405193698783,9.16113138446777,0.00788948445138622,0.405872565750124,-0.031965653859326,0.00420751252086811
0.342495966315904,2.62680945631456,2.23899223571213,6.53728059864793,9.15889928433144,0.0078810980018787,0.405829591054062,-0.0319468589197952,0.00421535893155259
0.342488905527498,2.62476944409563,2.23784635149287,6.53406961620017,9.15670338919611,0.00787270773714421,0.405787483124037,-0.0319277449129616,0.00422320534223706
0.342481380835467,2.62273276911767,2.23670220901822,6.53087243330393,9.15451884053871,0.00786439635604797,0.405746166892836,-0.0319086526180172,0.00423105175292154
0.342352026282788,2.62068523846063,2.23555981846908,6.53000317463427,9.1564682913117,0.00784229471920986,0.40571730276996,-0.0318331174719664,0.00423889816360601
0.342351078786758,2.61865539074841,2.23441919040948,6.52668949759976,9.15404992553855,0.00783501209915828,0.405676955320992,-0.0318175843664318,0.00424674457429048
0.342349559135012,2.61662954871571,2.23328033520836,6.52339188299533,9.15164709510455,0.00782778944253175,0.405637370457932,-0.0318020144161215,0.00425459098497496
0.342347700343902,2.61460760215613,2.23214326292436,6.52010590601918,9.14925198050226,0.00782065229629348,0.405598519729634,-0.0317865143789654,0.00426243739565943
0.342344870337426,2.61258776446374,2.23100798343105,6.5168436180513,9.14688609282547,0.00781352715411276,0.405560457920049,-0.0317707893862452,0.00427028380634391
0.342341016691872,2.61056975407281,2.2298745063542,6.51360601747943,9.14455126735894,0.00780640770124767,0.405523188977784,-0.0317548139890488,0.00427813021702838
0.342337113045386,2.60855534395419,2.22874284120613,6.5103745877259,9.14221459845023,0.00779940342592466,0.405486607973622,-0.031739038459024,0.00428597662771285
0.342334148976929,2.60654429690568,2.22761299715372,6.50713054426786,9.13984270180658,0.0077926247392311,0.405450602430204,-0.0317239196260085,0.00429382303839733
0.342326963928021,2.60453807221015,2.22648498383544,6.50397198715433,9.13761027575022,0.00778548945821662,0.405415723352895,-0.0317070649569738,0.0043016694490818
0.34231723192249,2.60253577693474,2.22535881046437,6.50086704068774,9.13546063552542,0.00777818905950998,0.405381809352109,-0.0316892504753243,0.00430951585976628
0.342189278715096,2.60052380168951,2.22423448451204,6.50001219460742,9.13730487990235,0.0077576401704183,0.405361198229054,-0.0316170033979277,0.00431736227045075
0.3421902617404,2.59852886012995,2.22311201491298,6.49671327175151,9.13478474985016,0.00775180266941592,0.405327589310166,-0.0316046019397437,0.00432520868113523
0.342189710513586,2.59653656238466,2.22199141013964,6.49344893160199,9.13231365735489,0.00774590456389243,0.405294781307826,-0.0315917028187885,0.0043330550918197
0.342188382629098,2.59454520761255,2.2208726783949,6.49020478524582,9.12986605813625,0.00774003054399559,0.405262687663118,-0.0315786548388129,0.00434090150250417
0.342185092527818,2.59255852951524,2.21975582769671,6.48700330952099,9.1274820020644,0.00773404639191237,0.405231436201417,-0.0315649099728533,0.00434874791318865
0.342182764830221,2.59057547643093,2.21864086589791,6.48378905640886,9.12506288475434,0.0077282802062433,0.40520069623532,-0.0315518161445758,0.00435659432387312
0.342174198503324,2.58859782879118,2.2175278013618,6.48069846020331,9.1228515318739,0.00772192700732183,0.405171301836427,-0.0315360524103658,0.0043644407345576
0.342039535983055,2.58661175562261,2.21641664150053,6.48000131075587,9.1248876409317,0.00770152232770705,0.405156913314456,-0.0314624590916008,0.00437228714524207
0.342042848520355,2.58464140908609,2.21530739247619,6.47669554285201,9.12226905878424,0.0076967427003651,0.405127540115128,-0.0314525950621283,0.00438013355592654
0.342044732183302,2.58267253150591,2.21420006217406,6.47342249079711,9.11969654517351,0.00769190805635053,0.405098923998986,-0.0314422728348208,0.00438797996661102
0.342045087718408,2.58070572324416,2.21309465751963,6.47018401077457,9.1171734583406,0.00768700521922096,0.405071065509219,-0.0314314459616265,0.00439582637729549
0.342041750149733,2.57874467936282,2.21199118552344,6.46702101294685,9.11477261493634,0.00768179223379205,0.405044221736032,-0.0314191192417819,0.00440367278797997
0.34203759129782,2.57678765964398,2.21088965298439,6.46387914438129,9.11239740658181,0.00767659111122735,0.405018059775925,-0.0314066115587483,0.00441151919866444
0.342031589061516,2.57483493577643,2.20979006685243,6.46077771037397,9.11008222592085,0.00767128912643701,0.404992710000067,-0.031393452693721,0.00441936560934891
0.341902046320996,2.5728754587018,2.20869243356906,6.4600152509629,9.11191613429388,0.0076523076324019,0.404982882816252,-0.0313238572046439,0.00442721202003339
0.341905417952505,2.57092839665686,2.20759675831549,6.45674693175572,9.10928050607178,0.00764827760851492,0.40495769234741,-0.0313154005334138,0.00443505843071786
0.341907069984958,2.56898318690537,2.20650304775505,6.4535168806311,9.10670116387719,0.00764415258879119,0.40493325543714,-0.0313063446777254,0.00444290484140234
0.341905515794773,2.56704382955176,2.20541130790823,6.45035311226746,9.10422796776318,0.00763976689327436,0.404909754988114,-0.0312960084802861,0.00445075125208681
0.341901713889741,2.5651091404303,2.20432154483056,6.44723748165073,9.10182872113377,0.00763522904504828,0.404887084131582,-0.031284830424974,0.00445859766277129
0.341892953522836,2.56317919734517,2.203233765155,6.44422104185848,9.09959425170898,0.00763024318321685,0.404865612608484,-0.0312715701875141,0.00446644407345576
0.341770155183393,2.56124191373926,2.20214797260878,6.4433594894414,9.10118015327323,0.00761269118361642,0.404859088040005,-0.0312064008272154,0.00447429048414023
0.341774225920378,2.55931420267065,2.20106417336513,6.44011164808519,9.09851127863947,0.00760934003403009,0.404837196478572,-0.0311993887962519,0.00448213689482471
0.341774974400643,2.55739257158761,2.19998237259873,6.43693230160211,9.09595268373546,0.00760571095764046,0.404816237878394,-0.031191040244278,0.00448998330550918
0.341771841322665,2.55547667432225,2.19890257572414,6.43383190146485,9.09352300417606,0.00760174376309866,0.404796295140033,-0.0311810998178348,0.00449782971619366
0.341766845838012,2.55356502967343,2.19782478811626,6.43077236683737,9.09115463092444,0.00759766465635123,0.404777123775223,-0.0311704885162022,0.00450567612687813
0.341639951552291,2.55164728626549,2.196749014706,6.43001207769978,9.09286186797435,0.00758019807136116,0.404774431890871,-0.0311045260498118,0.0045135225375626
0.341645112741924,2.54973804644961,2.1956752592329,6.42677204310398,9.0901502428302,0.00757744774741149,0.404755099414732,-0.0310989097746743,0.00452136894824708
0.341647404173901,2.54783510902857,2.19460352675722,6.42359198385759,9.08753396489555,0.0075744658866735,0.404736626337042,-0.0310921602623692,0.00452921535893155
0.341646274700269,2.54593789375842,2.19353382191063,6.42048218975913,9.08503137360204,0.00757119256214322,0.404719091626478,-0.0310840263133833,0.00453706176961603
0.341638558019947,2.54404611865194,2.19246615018712,6.4175020609328,9.08274805592777,0.00756728612690482,0.40470296205916,-0.0310730676165616,0.0045449081803005
0.341515408121809,2.54214532583342,2.19140051461758,6.4166958869275,9.08431641254091,0.00755074802336027,0.404702927818478,-0.031009840456165,0.00455275459098498
0.341521703916621,2.54025547868405,2.19033691924928,6.41346331471813,9.08156267229552,0.00754857955529833,0.404686006946695,-0.0310056022013907,0.00456060100166945
0.341523066878844,2.53837264641516,2.18927536828667,6.41032943482941,9.07897322881715,0.00754594883572219,0.404670212170379,-0.0309992912580074,0.00456844741235392
0.341519959440421,2.53649558447632,2.18821586611933,6.40728544740026,9.07653252804311,0.00754291049766779,0.404655502153037,-0.0309911174686054,0.0045762938230384
0.341396294345446,2.53273797453531,2.18610302385689,6.40341755334009,9.07556183715478,0.00752420355057613,0.404643919331393,-0.0309220400827074,0.00459198664440735
0.341400645482866,2.53086931002957,2.18504968986328,6.4002506110462,9.07287044098338,0.00752225573250171,0.404629704126735,-0.030917749718066,0.00459983305509182
0.341400390310229,2.52900709202032,2.18399841896253,6.39717610450869,9.07033242256335,0.00751988072222267,0.404616573937044,-0.0309115341749845,0.00460767946577629
0.34139454894277,2.52715005513667,2.18294921563244,6.39421227548183,9.06798023637294,0.00751697862081971,0.404604710138516,-0.0309029497932126,0.00461552587646077
0.34127471026641,2.52528148617833,2.1819020818214,6.39338930247173,9.06941846256687,0.0075016752401754,0.404609560628808,-0.0308429802221488,0.00462337228714524
0.341281933679166,2.52342736622176,2.18085702054544,6.39019181893065,9.06663040797398,0.00750038248697061,0.404596843813624,-0.0308406311904151,0.00463121869782972
0.341279275607924,2.52158158591835,2.17981403542835,6.38718548480692,9.06417099865888,0.0074980838047821,0.404585969400202,-0.0308339732022045,0.00463906510851419
0.341277462961065,2.51973955423221,2.17877312977833,6.38416938192869,9.06168382443637,0.00749595562902281,0.404575411010971,-0.0308278524805196,0.00464691151919866
0.34115640429921,2.51788657549009,2.17773430636354,6.3833897852129,9.06315555868433,0.00748088325271454,0.404582686996346,-0.0307680779696315,0.00465475792988314
0.341164347868298,2.51604815473927,2.17669756688306,6.38020232912304,9.06034359742685,0.00747999603506738,0.404571691142134,-0.0307666745611346,0.00466260434056761
0.34116246565509,2.5142180789714,2.1756629148646,6.37720480383723,9.05785818078784,0.00747810752236239,0.404562537412577,-0.0307609918370432,0.00467045075125209
0.341042360925464,2.51055328479741,2.17359988419747,6.37340146924598,9.0567450689313,0.00746188572972956,0.404562845709045,-0.0306976842402261,0.00468614357262104
0.341048770357376,2.50873179518445,2.1725715092453,6.37026636093342,9.05398496262063,0.00746114536743846,0.404553830810441,-0.0306961916474755,0.00469398998330551
0.341047946777737,2.50691748017842,2.17154523146072,6.36727255501096,9.05146525323761,0.00745968699656485,0.404546289940231,-0.0306915907909778,0.00470183639398998
0.34091898544855,2.50509587911194,2.17052105396817,6.36667697198618,9.05318858940997,0.00744435328029246,0.404558504127246,-0.0306295321411949,0.00470968280467446
0.340930887619757,2.50328289299624,2.16949897703712,6.36345680552353,9.05024750324941,0.00744444951567419,0.404549986546334,-0.0306309479258995,0.00471752921535893
0.340935154024597,2.50147868853401,2.16847900321562,6.36038547981229,9.04756018770147,0.00744377871334171,0.404542986327675,-0.0306290769616165,0.00472537562604341
0.340932622315494,2.49968065400193,2.16746113534055,6.35744717129128,9.04509869295784,0.00744243975639012,0.404537419075887,-0.0306242949462119,0.00473322203672788
0.340812953829695,2.49787054654292,2.16644537496331,6.35669903570006,9.04651021529061,0.00742845242693008,0.404550283304769,-0.0305670916525106,0.00474106844741235
0.340821841674829,2.49607600829709,2.16543172283218,6.35355912693582,9.04367165017346,0.00742851291822675,0.404543849356637,-0.0305677221666666,0.00474891485809683
0.340823734538538,2.49428907518047,2.16442018121083,6.35055590873497,9.04106543558774,0.00742787707436351,0.404538850544179,-0.0305653552046648,0.0047567612687813
0.340694288285359,2.49249519836231,2.16341075303358,6.35000593617687,9.04279706871223,0.00741306356485634,0.404554727488762,-0.0305042849856061,0.00476460767946578
0.340707561471495,2.4907099606274,2.16240343769752,6.34680201507192,9.03981585175184,0.00741382275006446,0.404548842697147,-0.0305072942574145,0.00477245409015025
0.340712904630116,2.48893372968733,2.16139823725847,6.34375219689704,9.03709784523905,0.00741378085275884,0.404544531515379,-0.0305068896716148,0.00478030050083472
0.340710098227593,2.48716386122443,2.16039515423224,6.34086035450907,9.03465001316899,0.00741292378474587,0.404541881609807,-0.0305029720010405,0.0047881469115192
0.340595494749223,2.48537953869798,2.15939418879066,6.34005505674875,9.03588928303144,0.00740003648893123,0.404557367020316,-0.0304491855427814,0.00479599332220367
0.340602925739195,2.48361436694479,2.15839534180807,6.33698414986835,9.0331051092242,0.00740043497118583,0.404553915619927,-0.0304501197155213,0.00480383973288815
0.340602325191749,2.4818562364051,2.1573986153255,6.33406895889789,9.03058712641444,0.00740002609224819,0.404552089954522,-0.030447596234475,0.00481168614357262
0.340482337912694,2.4800859846412,2.15640401062094,6.33337994517026,9.03200231949435,0.0073867791360879,0.404569840331436,-0.0303918859238515,0.0048195325542571
0.340493379872657,2.47833119206549,2.15541152722915,6.3302597191031,9.02910244011921,0.00738777662243684,0.404566962184772,-0.0303948264320766,0.00482737896494157
0.340496985387817,2.47658428518867,2.15442116677994,6.32728411479508,9.02644912633558,0.00738802618751756,0.404565597474832,-0.0303945775482832,0.00483522537562604
0.340373220401432,2.47482725823337,2.15343293157969,6.32668142646461,9.02798751274576,0.00737459070611732,0.404585344600957,-0.0303376533318315,0.00484307178631052
0.34038639084167,2.47308355849631,2.15244681990006,6.32353959445243,9.02502139882117,0.00737601969896798,0.404583230304895,-0.0303419257685565,0.00485091819699499
0.340391182286517,2.47134854571361,2.15146283329414,6.32055983014033,9.02233274587258,0.00737659690393115,0.404582781631412,-0.0303425908586674,0.00485876460767947
0.340265329549991,2.46960437337899,2.15048097416675,6.32001202417777,9.02393897502215,0.00736314962027187,0.404604221713087,-0.0302851988693372,0.00486661101836394
0.340279122618634,2.46787246470871,2.14950124042252,6.31687663903952,9.02095664764466,0.00736484214370431,0.404603082927247,-0.0302901216377904,0.00487445742904841
0.340283340583998,2.4661494802382,2.14852363354385,6.31392541831913,9.01829089236299,0.00736555392661127,0.404603818502508,-0.0302909072678412,0.00488230383973289
0.340159769265084,2.46441700410095,2.14754815522247,6.31335139914474,9.01982186046319,0.00735255992958543,0.404626193481151,-0.0302349823736045,0.00489015025041736
0.340174684900707,2.4626968182606,2.14657480374823,6.31021324933331,9.01680739628565,0.00735456372993025,0.40462591042747,-0.0302407686045412,0.00489799666110184
0.340181084142793,2.46098567127006,2.14560358003707,6.30723952639425,9.01407461392703,0.00735569844992019,0.404627323337856,-0.0302428915087941,0.00490584307178631
0.34005707492776,2.45926477950474,2.1446344861631,6.30668980087739,9.01562006782824,0.00734286353267084,0.404651067609318,-0.0301872096684049,0.00491368948247079
0.340073187604864,2.45755678170773,2.14366751953848,6.30354758231995,9.01257152820497,0.00734518031459648,0.404651589532585,-0.030193883120378,0.00492153589315526
0.340075875931108,2.45585867688132,2.14270268153626,6.30066062660184,9.00996526276691,0.00734610204206349,0.404654659299978,-0.0301947166207856,0.00492938230383973
0.33995679367713,2.45414818152403,2.14173997324939,6.30003580773702,9.01134988333926,0.00733399586677368,0.404678817769705,-0.0301416483222839,0.00493722871452421
0.339970678190805,2.45245345381036,2.14077939244027,6.29695303086928,9.00837985250227,0.00733625212552518,0.404680697326312,-0.0301476811694974,0.00494507512520868
0.339973047401991,2.45076755917494,2.13982094049419,6.29408994873651,9.00578923911851,0.00733732056608541,0.404684824880685,-0.0301487251783991,0.00495292153589316
0.339857583909253,2.44906761702923,2.13886461767178,6.29341441514774,9.00705655400743,0.00732579816548387,0.404709580835346,-0.0300976743620573,0.00496076794657763
0.339869954196941,2.44738617721725,2.13791042201354,6.29037782132017,9.00414190606132,0.00732806579633408,0.404712672717492,-0.0301033774267554,0.0049686143572621
0.339869823383184,2.44571251196567,2.13695835547757,6.2875789742247,9.00163858320923,0.00732904460062266,0.404718222323947,-0.030103658418359,0.00497646076794658
0.339760513471574,2.44402302154593,2.13600841597281,6.28680594501021,9.00270637595629,0.00731837002722554,0.404743079009376,-0.0300557331168072,0.00498430717863105
0.339770882912615,2.44235477574304,2.13506060327193,6.28382451424197,8.99986327165315,0.0073205924232682,0.404747446486199,-0.0300608851848783,0.00499215358931553
0.339646110354442,2.4406793780756,2.13411491899033,6.28334862060765,9.00143733296566,0.00730837352173979,0.404775775359118,-0.0300064067743176,0.005
