C,Mb,M,R,Rp,kl,hl,jl,rhoc
0.0286009880782743,0.21638077104496,0.213880951219148,7.4780965830203,7.64296669473533,0.0909749785050574,1.11035186226629,-0.00229495578254836,0.0005
0.0312940409792119,0.235440056539575,0.232361876292022,7.42511574156805,7.59919499543397,0.0992635431443312,1.12167700128293,-0.00270622611133088,0.000514190317195326
0.0340947407520811,0.255685522132819,0.251935666437181,7.38928236085218,7.57314737135031,0.107246980617593,1.1323743593785,-0.00315747474373269,0.000528380634390651
0.0369986558754641,0.277110838233125,0.272586583149825,7.3674725932569,7.56169261389845,0.114827573767992,1.1422545034415,-0.00364740301184694,0.000542570951585977
0.0400010012166744,0.299707920313303,0.294297692073375,7.35725814659601,7.56240026254155,0.121920191098862,1.15114929752115,-0.00417469769013214,0.000556761268781302
0.0430990643506732,0.323467521709526,0.317050396232565,7.35631738204109,7.57293176410107,0.128489515794822,1.15898850782149,-0.00473855660746091,0.000570951585976628
0.0462854839042093,0.348379218651832,0.340824103561684,7.36352036995099,7.59217762286736,0.134448079883562,1.16559255228306,-0.00533484537703036,0.000585141903171953
0.0495589955986752,0.374429336434337,0.365596001741562,7.37698569805833,7.61822889693491,0.139813371475116,1.170994354022,-0.00596365343008566,0.000599332220367279
0.0529147326848967,0.401602459726151,0.391340918283655,7.39568922352987,7.65006202596386,0.144562785937999,1.17514335107097,-0.00662239645263214,0.000613522537562604
0.0563480753076161,0.429880648350714,0.418031250580833,7.41873166561078,7.68677593157234,0.148689656276455,1.17802022667858,-0.0073083532577454,0.00062771285475793
0.0598550025247759,0.459243050220833,0.445636953309137,7.44527498975,7.72752510444303,0.152204631942554,1.17964072068362,-0.00801951483434696,0.000641903171953255
0.0634304985917439,0.489667072892374,0.474125572084073,7.47472560693044,7.77171573729592,0.155113736597368,1.1800098662641,-0.00875301280415688,0.000656093489148581
0.0670670878345558,0.521125658566991,0.503462316748466,7.5068462490936,7.81913014576322,0.157401617646369,1.17908517436984,-0.0095042584535184,0.000670283806343907
0.0707680178711079,0.553592169768067,0.533610166577239,7.54027288921841,7.86833332974106,0.159184377068355,1.17710788981257,-0.0102762751032579,0.000684474123539232
0.0745288337614565,0.587035067589953,0.564530002613726,7.57465230732859,7.91896313261017,0.160484006072765,1.17411871914108,-0.0110668869733809,0.000698664440734558
0.0783352194873433,0.621420157646603,0.596180762101737,7.61063498645156,7.9717453266134,0.161223906777323,1.16993968774171,-0.0118663918116344,0.000712854757929883
0.0821899292774648,0.656713488423225,0.62851961080586,7.64716086668042,8.02554879341529,0.161515119490426,1.16480467562347,-0.0126778799003611,0.000727045075125209
0.0860893214845849,0.692876185159346,0.661502129774269,7.68390455827576,8.08003002799053,0.161396290698784,1.15879081859475,-0.0134997977537996,0.000741235392320534
0.0900281782452604,0.729869607243514,0.695082513092235,7.72072174112696,8.13503963703034,0.160890818432476,1.15194179316642,-0.0143294323577212,0.00075542570951586
0.094001020354392,0.767651188141125,0.729213773500739,7.75750912864072,8.19047135566682,0.160021009089802,1.14429891267984,-0.0151638630109219,0.000769616026711185
0.0980030687675422,0.806178449402576,0.763847953401293,7.79412280663474,8.24617188157191,0.15881588993158,1.13591917268018,-0.0160007350754114,0.000783806343906511
0.102028531362566,0.845406063540245,0.798936338439906,7.83051885360209,8.30209717582535,0.157296143585862,1.12684087902825,-0.0168368886120754,0.000797996661101836
0.106070569441615,0.885287643578481,0.834429671565316,7.86674075531026,8.3583009408142,0.155475495437684,1.1170861805317,-0.0176682884536846,0.000812186978297162
0.11016889506483,0.925968257138995,0.870446285629125,7.90101675356641,8.41285586009202,0.153551748443214,1.10708885504422,-0.018517923843766,0.000826377295492487
0.114264739508187,0.967336653758378,0.906881481347604,7.93666957322935,8.46949337742855,0.151214797329539,1.09611645597708,-0.019342380959156,0.000840567612687813
0.118391411558028,1.0092460205976,0.943595269008092,7.97013277053123,8.52412457601424,0.148824245409813,1.08503169229184,-0.0201781273763813,0.000854757929883139
0.122540093177663,1.05164342883122,0.980536413934895,8.0017599832675,8.57712410344762,0.146358064680814,1.0737828922505,-0.0210199914630273,0.000868948247078464
0.126667042570617,1.09447698797789,1.01765413410092,8.0340877425442,8.63140104279383,0.143601672667245,1.06184157144908,-0.0218323885064919,0.00088313856427379
0.130805808943729,1.13769451238252,1.05489829331405,8.06461350480124,8.68406466374592,0.140800522951891,1.04980179424665,-0.0226462031485916,0.000897328881469115
0.134934161008597,1.18124488381839,1.09221957764282,8.09446302907113,8.73640570455286,0.137870278634453,1.03745213477196,-0.0234442208659335,0.000911519198664441
0.139045316864686,1.22507430854752,1.12956966005659,8.12375192151089,8.78855498748668,0.134819391997168,1.02480744134129,-0.02422250626287,0.000925709515859766
0.143162692582972,1.26913449712025,1.16690135266359,8.15087598319161,8.8386103207161,0.131795685591365,1.0122384450706,-0.0250034753678666,0.000939899833055092
0.1472556649063,1.31337128420588,1.20416874593141,8.17740184527114,8.88840063507948,0.128683230663918,0.999449423792954,-0.025762376632588,0.000954090150250417
0.151317178968002,1.35773390588752,1.2413273350509,8.20347923161711,8.93810034644941,0.125487211309934,0.986448168651797,-0.0264949314451581,0.000968280467445743
0.15538123804097,1.40217594952491,1.27833413271958,8.22708165307913,8.98526638586217,0.122375025455851,0.973668105655726,-0.0272328150556108,0.000982470784641068
0.159407132447547,1.44664417955224,1.31514776906553,8.25024419467733,9.03231916426812,0.119202770363515,0.960733832671346,-0.0279422177308404,0.000996661101836394
0.163429012689262,1.49109498278935,1.35172857730633,8.27104413753298,9.0769122916872,0.116120417166262,0.948041104161402,-0.028654876348939,0.00101085141903172
0.167407673513416,1.5354781427314,1.38803866696829,8.29136823801001,9.12131423598706,0.113001893614412,0.935255457367352,-0.0293381489688926,0.00102504173622705
0.171345688694813,1.57974780309267,1.42404198329957,8.31092975928892,9.16516675345179,0.109879347834976,0.922460441469293,-0.0299959728870223,0.00103923205342237
0.175231670955936,1.62385872576354,1.45970435512009,8.33014002067669,9.20896893902512,0.106736971961012,0.909610850965445,-0.0306200705179952,0.0010534223706177
0.179107700932485,1.66777386540868,1.49499352910929,8.3468969861482,9.25009425956102,0.103717327972535,0.897098287629248,-0.0312488030525868,0.00106761268781302
0.182926580598019,1.71144504749735,1.52987919391332,8.36335096251118,9.29119294048657,0.100690043597582,0.884565627722878,-0.0318424462577581,0.00108180300500835
0.186739914346418,1.75483965262752,1.56433299192544,8.37706816670954,9.32918778945638,0.0978076851813594,0.87244012933754,-0.0324473597222568,0.00109599332220367
0.19049306102206,1.7979143161365,1.5983285221173,8.39048159309176,9.36711285778349,0.0949291981004698,0.860329393591626,-0.0330173426985843,0.001110183639399
0.194185870544673,1.84063033661438,1.63184133174604,8.40350189830432,9.40485061311796,0.0920685494208475,0.848271539038494,-0.0335536714464655,0.00112437395659432
0.197866186239949,1.88296090071537,1.66484889989848,8.41401419583409,9.43967462709498,0.0893456208810882,0.836612011421068,-0.0340989227656873,0.00113856427378965
0.201483864018091,1.92486653569761,1.69733061336961,8.42415158971347,9.47429039313382,0.0866471640453147,0.825028512985477,-0.0346109204276549,0.00115275459098497
0.205040296664232,1.96631714622348,1.72926773374846,8.43379453639915,9.50853615861163,0.0839856315191546,0.813557103900328,-0.035092072853601,0.0011669449081803
0.208575686706736,2.00728711461168,1.76064335904811,8.44126842801017,9.54020904402194,0.0814468789532631,0.802452284604581,-0.0355778260192563,0.00118113522537563
0.212003026950777,2.04774091893792,1.79144237847669,8.45007924765444,9.57388010563562,0.0788642257060139,0.791223281065504,-0.0359949305829007,0.00119532554257095
0.215409888291838,2.08765934878445,1.82165142304672,8.45667502774406,9.60487390444202,0.0764103396395424,0.78038389420766,-0.0364189771244631,0.00120951585976628
0.218810003370133,2.12701900207999,1.85125881036774,8.4605766731615,9.63250065407606,0.0741020555388769,0.769991719083185,-0.0368620268419454,0.0012237061769616
0.222135430894126,2.16579499342123,1.88025448726892,8.46445107698772,9.66027477416212,0.0718202666231742,0.759691343398593,-0.03726740123902,0.00123789649415693
0.225396819800922,2.20396669306585,1.90862996695744,8.46786555659127,9.68761262886985,0.0695873389985215,0.749551234075914,-0.0376449197758018,0.00125208681135225
0.228594921258463,2.24150967336643,1.93637826575881,8.47078428120202,9.71445513875758,0.0674070392108814,0.739584380682916,-0.0379959797859082,0.00126627712854758
0.231721473371288,2.27841264545277,1.96349383755505,8.4735083416673,9.74120176424387,0.0652695566635972,0.729761916115586,-0.0383144724615514,0.0012804674457429
0.234837636228892,2.3146633363293,1.9899725046829,8.4738227510658,9.7648061134552,0.0632599101976604,0.720351157889345,-0.0386514822460065,0.00129465776293823
0.237885066880523,2.35024282090518,2.01581139125756,8.47388790600294,9.78819443547885,0.0612943789167451,0.711094462328867,-0.0389591915668895,0.00130884808013356
0.240220873744884,2.3775783927229,2.03556311951628,8.47371457685256,9.80626419846904,0.0597909130443217,0.703973390281209,-0.0391807165565025,0.00132303839732888
0.241976465467204,2.39817342361263,2.05038602858302,8.47349358799901,9.82010780663803,0.0586544592115245,0.698574896164487,-0.0393356593427642,0.00133722871452421
0.243732565321084,2.4181126580706,2.06468324984065,8.47110129547405,9.83084721205028,0.0576174858671087,0.69352898114412,-0.0395224997042974,0.00135141903171953
0.2453804619005,2.43738891675674,2.07846580255162,8.47038018615525,9.84386018572122,0.0565457853697475,0.688407248870614,-0.0396517449658409,0.00136560934891486
0.247025973833595,2.45603045237556,2.09174746839614,8.46772279017593,9.85411259353022,0.0555591085285943,0.683590465518588,-0.03980790223053,0.00137979966611018
0.248564401602031,2.47403911088603,2.10454310935089,8.46679209004518,9.8667557848234,0.0545352241362946,0.67868595007117,-0.0399053961605086,0.00139398998330551
0.250113264868147,2.49144496069357,2.11686795903758,8.4636373050967,9.87623154403276,0.0536012289631145,0.674100633430827,-0.040037705591989,0.00140818030050083
0.251612044850487,2.50825825271751,2.12873725972453,8.46039489480507,9.88554901884071,0.0526865102725157,0.669606892448661,-0.0401551257833173,0.00142237061769616
0.253063648804428,2.52449444271289,2.14016605838652,8.45702679344706,9.89465809022506,0.0517916978976825,0.665205663814287,-0.0402590859644212,0.00143656093489149
0.254469307936067,2.54017001097944,2.1511690881985,8.45355027545782,9.90358585121269,0.0509157651352639,0.66089264665348,-0.0403497308827347,0.00145075125208681
0.255828280841639,2.55530263584594,2.16176069864972,8.45004583362651,9.91244924562964,0.0500559095423238,0.656657844324126,-0.0404257028119467,0.00146494156928214
0.257215855870398,2.56991450630259,2.17195481525868,8.44409380560525,9.91777792314429,0.0492823519403956,0.652729183367795,-0.0405456080276415,0.00147913188647746
0.258496694727118,2.58400509368882,2.18176491993351,8.44020432151634,9.92603522900293,0.0484622426906812,0.648673486886917,-0.0406019320948615,0.00149332220367279
0.259801008191586,2.59760694751742,2.19120404001489,8.43416295905603,9.93116576251031,0.0477172067397101,0.644886602835805,-0.0406964878999884,0.00150751252086811
0.261003442828705,2.61071982148457,2.20028475055018,8.43009857151277,9.93911909275935,0.0469295248922201,0.640983354261904,-0.0407303506788005,0.00152170283806344
0.262238306834976,2.6233709855949,2.20901917682421,8.42370896718121,9.94367871842618,0.0462194219125602,0.637356411009925,-0.0408079308959309,0.00153589315525876
0.263434313996307,2.63556666137898,2.21741900548984,8.41735069304952,9.94824575260996,0.0455203385552519,0.633787550906501,-0.0408728982621392,0.00155008347245409
0.2645956390525,2.64732054979896,2.22549549434313,8.41093036269414,9.95268497211032,0.0448347279705614,0.630284221022342,-0.0409279972050987,0.00156427378964942
0.265725111108598,2.65864680431986,2.23325948510534,8.4043975964042,9.95692239832868,0.0441637598202023,0.626849733084617,-0.0409749332264608,0.00157846410684474
0.266824487836016,2.6695593876271,2.24072141718103,8.39773528791751,9.96093190058309,0.0435076645256316,0.623484362094663,-0.0410145964543141,0.00159265442404007
0.267894799175307,2.68006982929338,2.2478913420171,8.39094804728219,9.96471886735265,0.0428660958066499,0.620186521568268,-0.0410473353487456,0.00160684474123539
0.268936652744333,2.69018423431653,2.2547789372187,8.38405220787151,9.96830590245288,0.0422384207633725,0.616953708549537,-0.0410731964989186,0.00162103505843072
0.269948924532253,2.69992339943639,2.26139352081337,8.37711624423673,9.97179260202682,0.0416227350911214,0.61377925343507,-0.0410909313401453,0.00163522537562604
0.270931128450829,2.70928988630726,2.26774406491903,8.37018646726153,9.97524661925069,0.0410177614419349,0.610658569231486,-0.0410998133120596,0.00164941569282137
0.271881580333844,2.7183049525043,2.2738392097306,8.36334409612652,9.97878776147728,0.0404214308495607,0.607584484591347,-0.0410982411456476,0.00166360601001669
0.272888350222072,2.72697555809167,2.27968727662158,8.35391937679425,9.97845516495926,0.0398973496823664,0.604766252190584,-0.0411522893601833,0.00167779632721202
0.273792919760814,2.73529845910203,2.28529628274554,8.34680562500295,9.98150013900751,0.0393278943314302,0.601815916919845,-0.0411419492766903,0.00169198664440735
0.274744080292829,2.7433065454444,2.2906739502057,8.33748245918255,9.98120837740522,0.0388200653674477,0.599085752072189,-0.0411789302103866,0.00170617696160267
0.275603436412287,2.75098576260423,2.29582772186602,8.33018539881919,9.98388287614762,0.0382746568540174,0.596248549361129,-0.0411590773037813,0.001720367278798
0.276508840859354,2.75836618352114,2.30076476951915,8.32076385828629,9.98333241733817,0.0377873366598986,0.593619151526151,-0.0411852380229255,0.00173455759599332
0.277321285790497,2.76543661155179,2.30549200805335,8.3134332854458,9.98585575089184,0.0372618732469703,0.590880388824853,-0.0411534860946305,0.00174874791318865
0.27818733564598,2.7722247689905,2.31001610288693,8.30381475678193,9.9848952727783,0.0367966859220056,0.588355882864279,-0.0411725073265676,0.00176293823038397
0.279025498370568,2.77873188696453,2.3143434836369,8.29437989413883,9.98414909347927,0.0363358335100735,0.585861226677387,-0.041181440587352,0.0017771285475793
0.279779893938186,2.78495076396794,2.31848035041875,8.28680116281335,9.98613899653711,0.0358432354178227,0.583277687735191,-0.041138989596903,0.00179131886477462
0.280585989199887,2.79091692882147,2.32243268548261,8.27708002136959,9.98484279897671,0.0354055324225255,0.580889566798351,-0.0411446932782422,0.00180550918196995
0.281369197784027,2.79661658657127,2.32620626155596,8.26745173201763,9.98362327207233,0.0349738468649232,0.578536026057035,-0.0411433419561423,0.00181969949916528
0.282058505261531,2.80205707222755,2.32980665024088,8.26001204282291,9.98565571453753,0.03450440945764,0.576073594797124,-0.0410830057039145,0.0018338898163606
0.282813066207653,2.80726285062067,2.33323922874424,8.25011114242891,9.98390069230356,0.0340945834253197,0.573820790344476,-0.041079597350796,0.00184808013355593
0.283548083601706,2.81222946388336,2.33650919019573,8.24025738603747,9.98215141498152,0.0336913504653442,0.571603705333382,-0.0410709737945039,0.00186227045075125
0.284264935750229,2.81696359074117,2.33962154935701,8.230426110003,9.98037035706852,0.0332951324254097,0.569423489193476,-0.0410579593824608,0.00187646076794658
0.284964595533263,2.82147553307642,2.34258115014876,8.22060419739169,9.97853734239741,0.0329060961266295,0.567280460622623,-0.0410410850559163,0.0018906510851419
0.285648052734729,2.8257645568526,2.34539267219013,8.2107777376246,9.97663085249527,0.0325244109329097,0.565174948095837,-0.0410208951836828,0.00190484140233723
0.286316249075882,2.82984405687649,2.34806063731364,8.20093391448187,9.97463091153533,0.0321502110535196,0.563107164717613,-0.0409979003736165,0.00191903171953255
0.286969631221174,2.83371413983624,2.35058941591563,8.19107375896504,9.97253864681361,0.0317833520953914,0.561076420529175,-0.0409722585013391,0.00193322203672788
0.287533121666342,2.83737654418599,2.35298323223766,8.18334673446109,9.97365161639507,0.0313825302122071,0.558949009878332,-0.0408903986586754,0.00194741235392321
0.288161323268965,2.84084665390435,2.35524617085497,8.1733597838063,9.97123368332167,0.0310321782525671,0.556997829072373,-0.0408623127922723,0.00196160267111853
0.288775554453991,2.84413308556829,2.35738218167484,8.16337167504403,9.96874501752993,0.0306884658045088,0.555080762101135,-0.0408317145503913,0.00197579298831386
0.289376402393734,2.84723027402986,2.35939508477814,8.15337762603006,9.96617798265364,0.0303513700298143,0.553197530258085,-0.0407988793139582,0.00198998330550918
0.289964195702303,2.85014892636309,2.36128857573047,8.14337980594931,9.96353563987093,0.0300207364568955,0.55134743339136,-0.0407639026436069,0.00200417362270451
0.290539359509992,2.85289704073729,2.36306623000582,8.13337729521824,9.96081630953473,0.0296964692771745,0.549529963427406,-0.0407269515136055,0.00201836393989983
0.291102270159582,2.85546741473031,2.36473150761578,8.12337020360382,9.95801991496592,0.029378454593907,0.547744557671182,-0.0406881615107965,0.00203255425709516
0.291653222635694,2.85787654770247,2.36628775744782,8.11336057274966,9.95514938721872,0.0290665445029079,0.545990547710563,-0.040647614389628,0.00204674457429048
0.292192529907813,2.86012851887069,2.36773822121231,8.10334960294614,9.95220638367939,0.0287606084853282,0.544267324423849,-0.0406054076868167,0.00206093489148581
0.292720510899493,2.86221634879172,2.36908603757147,8.09333801137327,9.94919183941926,0.0284605266636362,0.542574316194204,-0.0405616459748787,0.00207512520868114
0.29332022311753,2.8641662900301,2.37033424568163,8.081046102068,9.94255984553382,0.0282058778894917,0.541036278177903,-0.040573630415933,0.00208931552587646
0.293830010055738,2.86595675629627,2.37148578899199,8.07094479063639,9.93925963586609,0.0279183601755341,0.539405468058947,-0.0405293332538535,0.00210350584307179
0.294329333644692,2.86760652548391,2.37254351895251,8.06084629613095,9.93589255603984,0.0276363052089979,0.537803045711786,-0.0404837326387654,0.00211769616026711
0.294818615288947,2.86911290836551,2.37351019770395,8.05074739048522,9.93245348216232,0.027359667478523,0.53622868452674,-0.0404370136689646,0.00213188647746244
0.295298092827078,2.87048164146669,2.37438850177225,8.0406496331917,9.92894476129747,0.0270883208373743,0.534681807077612,-0.0403892370796376,0.00214607679465776
0.295767876717824,2.87172054093481,2.37518102480591,8.03055778458301,9.92537377386454,0.0268220877152349,0.533161678776015,-0.040340379182103,0.00216026711185309
0.296228447014776,2.87283294153698,2.37589028070672,8.02046631459475,9.92173183294804,0.0265609649192794,0.531668111911542,-0.0402906708548368,0.00217445742904841
0.296679757879215,2.87381445381793,2.37651870632547,8.01038373266103,9.91803224041455,0.0263047173242692,0.530200199949643,-0.0402399866564523,0.00218864774624374
0.297122326041383,2.87467463068051,2.37706866423356,8.00030309369106,9.91426411276139,0.0260533673684202,0.528757838703804,-0.0401885857203274,0.00220283806343906
0.297556023450453,2.87541841294452,2.37754244521973,7.99023463766523,9.91044353403785,0.0258066579169471,0.527340062543258,-0.0401362921252842,0.00221702838063439
0.29798090779525,2.87604886341504,2.37794227087468,7.98018332271349,9.90657836206987,0.0255644232752227,0.52594619536983,-0.0400830593318258,0.00223121869782972
0.298397828357693,2.87656397382731,2.37827029585856,7.9701327216353,9.9026428294302,0.0253268406575793,0.524576612189893,-0.040029374694623,0.00224540901502504
0.298806732325602,2.87696812376567,2.37852861027724,7.96009042957379,9.89864893586067,0.0250937026513025,0.523230510627769,-0.0399751191917804,0.00225959933222037
0.299207826530731,2.87726777798481,2.37871924188648,7.9500568867712,9.89459745343631,0.0248649188559529,0.521907450215111,-0.0399203505639259,0.00227378964941569
0.299601454215904,2.87746581122283,2.37884415811239,7.94002874364589,9.89048318419974,0.0246404593579618,0.520607175634716,-0.0398652188537821,0.00228797996661102
0.299987600126603,2.87756489997664,2.37890526811337,7.93001199752727,9.88631569575835,0.0244201497469264,0.519328996418298,-0.0398096367285041,0.00230217028380634
0.300452539984377,2.87757269418155,2.37890442482503,7.9177377729898,9.87850369153812,0.0242385467886357,0.518176212865525,-0.0398106573030977,0.00231636060100167
0.300828195888813,2.87747687978321,2.37884342657886,7.90764781722152,9.87407471850434,0.0240275034389206,0.516944213520675,-0.0397567579863793,0.00233055091819699
0.301197206524883,2.87728431590054,2.37872401944275,7.8975633502306,9.86958334785335,0.0238204528189185,0.515733328293095,-0.0397027301761918,0.00234474123539232
0.301559201815369,2.87700367092295,2.37854789849598,7.88749898586167,9.86505291028504,0.0236171018876785,0.514542530923943,-0.0396482599571629,0.00235893155258765
0.301914890597996,2.87663714591802,2.37831670945533,7.87744090642449,9.86046166600903,0.0234175852064149,0.513372065979824,-0.039593745767232,0.00237312186978297
0.302264364255506,2.87618717034023,2.37803205051697,7.86739136905601,9.85581336438608,0.023221797080757,0.512221466409166,-0.0395391798709913,0.0023873121869783
0.30260743070807,2.87565038010408,2.37769547388053,7.85735984181542,9.85112325190718,0.0230295293937875,0.511089970838161,-0.0394843713227485,0.00240150250417362
0.302944959546392,2.87503199945904,2.37730848705939,7.84732807774392,9.84636249507527,0.0228409797193302,0.509978004762176,-0.0394298235313111,0.00241569282136895
0.303276424120187,2.87433707604133,2.37687255458402,7.83731396688481,9.8415597710716,0.0226558207562128,0.508884465131931,-0.0393751300956523,0.00242988313856427
0.303602269212816,2.87356761557677,2.37638909921626,7.82731007043457,9.83670345470805,0.0224740949081797,0.507809328597244,-0.0393205191349989,0.0024440734557596
0.303922678824094,2.87272580246057,2.37585950322166,7.81731561597868,9.83179253344903,0.0222957486271538,0.506752293845245,-0.0392660495076911,0.00245826377295492
0.304237996363604,2.87180552305445,2.37528510980515,7.80732564043831,9.82681930286495,0.022120788291103,0.505713232094819,-0.0392118836044429,0.00247245409015025
0.304547866290374,2.87081655785256,2.37466722439582,7.79735301816782,9.8218045639884,0.0219489701248924,0.504691302612987,-0.0391577342839883,0.00248664440734558
0.304852491152477,2.8697611559066,2.37400711556809,7.78739614884989,9.81674602515109,0.0217802574426824,0.503686261795916,-0.039103676360846,0.0025008347245409
0.305152172153969,2.8686414017875,2.37330601641974,7.77745083597918,9.81163723500714,0.0216146504499406,0.502697971717966,-0.0390498483067735,0.00251502504173623
0.30544692205143,2.86745656279687,2.37256512564171,7.76752016261022,9.80648339757353,0.0214520486766149,0.501726010750796,-0.0389962043887013,0.00252921535893155
0.305736682504812,2.86620457717464,2.37178560854031,7.75760889765979,9.80129244088027,0.0212923312231241,0.500769905487716,-0.0389426552065886,0.00254340567612688
0.306021400901252,2.8648934238636,2.37096859818604,7.74772153582525,9.79607188099573,0.0211353836680709,0.499829206255067,-0.0388891169638704,0.0025575959933222
0.306215810334764,2.8635163319778,2.37011519575347,7.74001575281951,9.79428867106351,0.0209519869233719,0.498823008086531,-0.0387815152760364,0.00257178631051753
0.306496014732403,2.86208538972117,2.36922647274571,7.73004006206817,9.78879352632171,0.0208024292579519,0.497918215190468,-0.0387314965410584,0.00258597662771285
0.306771716221622,2.86060116500732,2.36830347100032,7.72008417258839,9.78326280471842,0.0206555183266264,0.497028052076084,-0.0386816706505684,0.00260016694490818
0.307042972014262,2.85906529465659,2.3673472037843,7.71014945645568,9.77769904045245,0.0205111867853764,0.496152208709258,-0.0386320273620854,0.00261435726210351
0.307310086875008,2.85747736128775,2.36635865660222,7.70023099685852,9.77209465029723,0.020369451928512,0.495290607859509,-0.038582712892708,0.00262854757929883
0.307572524289106,2.85583240523498,2.36533878825363,7.69034488279033,9.76647588730728,0.0202300545906582,0.494442425310313,-0.0385333461762059,0.00264273789649416
0.307830109441783,2.85414028511388,2.36428853136032,7.68049797223444,9.76085419107313,0.0200928628550581,0.493607193815458,-0.038483776396544,0.00265692821368948
0.30808297747874,2.85240221440054,2.36320879345411,7.67068928245862,9.75522838039258,0.019957849222762,0.492784731193847,-0.0384340482202146,0.00267111853088481
0.308330636619668,2.85061811804,2.36210045760914,7.66093335227935,9.74962233969253,0.0198247882923105,0.491974335403058,-0.0383838165795696,0.00268530884808013
0.308487423128901,2.84876832054143,2.36096438262028,7.6533570110369,9.74747382540558,0.0196663561307005,0.491103853636588,-0.038279865090359,0.00269949916527546
0.308735933247838,2.84689302685902,2.35980140416419,7.64342970816375,9.74146315657984,0.0195407718116207,0.490327031925205,-0.0382356085532894,0.00271368948247078
0.308979222799882,2.84497088678361,2.35861233612941,7.63356291324814,9.73548551056811,0.0194168886059701,0.489561211082002,-0.0381907080076104,0.00272787979966611
0.309217392786787,2.84300651433236,2.35739797038135,7.62375605439127,9.72954045207531,0.0192946820997729,0.488806236697148,-0.0381451931724255,0.00274207011686144
0.309449647346864,2.84100493094988,2.35615907793114,7.61403058020004,9.7236632042134,0.0191738540430873,0.488061254356961,-0.0380985421892666,0.00275626043405676
0.309676099080956,2.83896600963756,2.35489640951528,7.60438540947799,9.71785257068084,0.0190543962916027,0.487326176568555,-0.0380507961757565,0.00277045075125209
0.309818280407578,2.83686722036161,2.35361069417947,7.59674571520828,9.71523139357019,0.0189123576849231,0.486539862658606,-0.0379538386283651,0.00278464106844741
0.310047427145687,2.83475237325937,2.35230264344823,7.5869123156533,9.70899142645694,0.0187999849874987,0.485835686681015,-0.0379126587340354,0.00279883138564274
0.310270049460809,2.83259536276457,2.35097294969734,7.57718301777078,9.70285756995724,0.018688557114017,0.485139970722272,-0.0378698298305364,0.00281302170283806
0.310485611755144,2.83040505719123,2.3496222874919,7.56757221118788,9.69685382110761,0.0185778846778187,0.484452194180313,-0.0378250030811884,0.00282721202003339
0.310612609106192,2.82817097234649,2.34825131268286,7.56006434973812,9.69420602423057,0.018443789480114,0.483712134043415,-0.0377286310167912,0.00284140233722871
0.310831985737044,2.82591159491272,2.34686066381449,7.55025470834226,9.68775765421174,0.0183399739278917,0.483053644787971,-0.0376907167572482,0.00285559265442404
0.311043558633803,2.82362604817942,2.34545096375979,7.54058683633162,9.68147829223809,0.0182365219256952,0.482401809756331,-0.0376502581759301,0.00286978297161937
0.311153328692484,2.8212929102275,2.34402281957745,7.53333679388039,9.67907303589996,0.0181061174744297,0.481689889807342,-0.037550484644967,0.00288397328881469
0.31136887758917,2.81894382329077,2.34257681995246,7.52347774154658,9.67236299859586,0.0180091792461599,0.481065736282168,-0.0375167912857989,0.00289816360601002
0.311575145652467,2.81656590832474,2.34111354045648,7.51380067737422,9.66588864352406,0.0179120340710072,0.480446585898227,-0.0374795813124346,0.00291235392320534
0.311772603906667,2.81415739039484,2.33963354202324,7.50429483766842,9.65963328483149,0.0178148159014635,0.479832769227987,-0.0374391278366928,0.00292654424040067
0.311885105840439,2.81171202201992,2.33813736942873,7.49679072723956,9.6565827753846,0.0176959654004373,0.479172914670391,-0.0373498020710661,0.00294073455759599
0.312085208129629,2.80924968472413,2.33662555377405,7.48713970706197,9.64997375154144,0.0176043974518078,0.478583737630006,-0.0373150270405766,0.00295492487479132
0.312274621151413,2.8067668339893,2.33509861431456,7.477708581327,9.64366452465974,0.0175121207789538,0.477998190560424,-0.0372758193185362,0.00296911519198664
0.312383101599817,2.80423972162725,2.33355705381329,7.47017697776345,9.64039869031488,0.0173996223016928,0.47737069186063,-0.0371903412893822,0.00298330550918197
0.312575134763278,2.80170996101069,2.33200136429252,7.46061060185933,9.63375371872511,0.0173126658536025,0.476808333432207,-0.0371565967639571,0.00299749582637729
0.31266811197674,2.79913504769206,2.33043202583256,7.45337287867055,9.63085610027032,0.0172006644580839,0.47619337615456,-0.0370659588568931,0.00301168614357262
0.312862507236939,2.79655734268983,2.32884950306362,7.44368356448643,9.62389658697492,0.0171187513326266,0.47565311341167,-0.0370373809080601,0.00302587646076795
0.313043040020137,2.79395237132241,2.32725425227161,7.43429482451329,9.61737106545658,0.0170351005348371,0.475113812029114,-0.0370023987457011,0.00304006677796327
0.313140243731378,2.79131738552328,2.32564671568361,7.42685350171289,9.61397525596318,0.0169310100442511,0.474533305129677,-0.036920047376424,0.0030542570951586
0.313322077250645,2.78867269807934,2.32402732495666,7.41737494322029,9.60719122002374,0.0168518375139538,0.474014212940363,-0.0368894340806045,0.00306844741235392
0.313409485694739,2.78599701093163,2.32239650216196,7.41010278298971,9.60396370360958,0.0167494267960489,0.473448176750533,-0.0368050606179557,0.00308263772954925
0.313590761823136,2.78331620579174,2.32075465552288,7.40058362060989,9.59700287223738,0.0166740571114884,0.472947376195219,-0.03677760046451,0.00309682804674457
0.313671963605123,2.78060201653905,2.31910218677081,7.39339965267119,9.59381269798153,0.0165741470695383,0.472397350201801,-0.0366932290843803,0.0031110183639399
0.31385270674429,2.77788803316124,2.31743948344218,7.38384418436862,9.58668333548037,0.0165024170344797,0.47191408900392,-0.036668822755362,0.00312520868113523
0.313929056649403,2.77513754674908,2.31576692729565,7.37672056232087,9.58348631471124,0.0164052230872464,0.471380227962659,-0.0365851508481139,0.00313939899833055
0.314107190842136,2.77238891538578,2.31408488639356,7.36718213992299,9.57627711271664,0.0163364313016242,0.470912610858798,-0.0365624807665211,0.00315358931552588
0.314181257860726,2.76960940322673,2.31239372364893,7.36006259378463,9.57298235586649,0.0162424789040654,0.470395715804797,-0.0364809073652233,0.0031677796327212
0.314355716856074,2.76682522871994,2.31069378861924,7.3505702766563,9.56574232360259,0.0161762075393091,0.469942514440992,-0.0364592593128464,0.00318196994991653
0.314428711981313,2.76401805703575,2.3089854263296,7.34343060396733,9.56231136921103,0.0160856608922626,0.46944257828238,-0.0363803840962801,0.00319616026711185
0.31459744208447,2.76120555784029,2.30726896889475,7.3340360099789,9.55512665063234,0.0160212589743248,0.469002123957937,-0.0363584841481875,0.00321035058430718
0.314670813591473,2.75836800791286,2.30554474409,7.32684648371365,9.55151189336395,0.0159343392861801,0.468519244978975,-0.0362830420408178,0.0032245409015025
0.31483183521452,2.75553468379996,2.30381306816816,7.31759882731804,9.54446486451514,0.0158712016737266,0.468090038529834,-0.0362596755905766,0.00323873121869783
0.314906984475383,2.75266986258755,2.30207425130685,7.31033087482001,9.54062050038147,0.0157881124495581,0.467624257050304,-0.0361883711891187,0.00325292153589316
0.314968392950758,2.74979565418874,2.3003285959837,7.30336328173517,9.53722019910347,0.0157032869496464,0.467159663704578,-0.0361107593617545,0.00326711185308848
0.315136265604612,2.74692756696386,2.29857639501995,7.29391265270583,9.52968737926908,0.0156465048169203,0.466756059703923,-0.0360956557642473,0.00328130217028381
0.315201341770077,2.74402828535511,2.29681793751745,7.28682791963767,9.525995793426,0.0155658003188332,0.46630868927352,-0.0360231283730388,0.00329549248747913
0.315355922889657,2.74113329329136,2.29505350203342,7.27766100285505,9.51882915850871,0.0155086349301868,0.465912375759394,-0.0360031811970264,0.00330968280467446
0.315426034586451,2.73821682325152,2.29328336117106,7.27043144735258,9.51480173739569,0.0154322352908675,0.465482186661172,-0.0359364181081565,0.00332387312186978
0.31548550336099,2.73529274134097,2.29150778236368,7.26343289295817,9.51110646905208,0.0153547832088017,0.465054375458368,-0.0358650599289442,0.00333806343906511
0.315639553269702,2.73236659943585,2.28972702357777,7.25424618004475,9.50376001068232,0.0153017036669495,0.464677973091251,-0.0358488355423137,0.00335225375626043
0.315705058754536,2.72942142789054,2.2879413384466,7.24708481857269,9.49970103828596,0.0152286153275298,0.464266954124636,-0.0357836703191736,0.00336644407345576
0.315761413283218,2.72646956994601,2.28615097420716,7.24012142723921,9.49592103001082,0.0151547848807119,0.463858797294456,-0.0357147242828314,0.00338063439065108
0.315911019835732,2.72352424424965,2.28435617049375,7.23101135149252,9.488556427053,0.0151046114132822,0.463499406437447,-0.035699830088093,0.00339482470784641
0.315974699709683,2.72055470310281,2.28255716148867,7.22386052929518,9.48437379964779,0.0150352678213174,0.463107753664865,-0.035637667886141,0.00340901502504174
0.316030593115613,2.71757833521251,2.28075417753955,7.21687781886733,9.48042206804736,0.0149654569846178,0.462719354257164,-0.0355724554399703,0.00342320534223706
0.316079920496881,2.71459687389545,2.27894744058951,7.21003547775822,9.47665588367403,0.0148954505062395,0.462334682565172,-0.0355048821543586,0.00343739565943239
0.316233328213885,2.71162531537328,2.27713716750654,7.20081333731654,9.46891888806717,0.0148511533077298,0.462000857878135,-0.0354970055416766,0.00345158597662771
0.316290492877284,2.70863196176738,2.27532357155061,7.19377794397825,9.46474306147744,0.0147855344111454,0.46163186364763,-0.035436323966115,0.00346577629382304
0.316342046788509,2.70563103783586,2.27350685948459,7.18686270941575,9.46072048296886,0.0147198887989517,0.461266750238338,-0.0353737679122201,0.00347996661101836
0.316388896455194,2.70262495608877,2.27168723242098,7.18004727053589,9.45681791014089,0.0146544118055465,0.460905836247242,-0.0353098407019213,0.00349415692821369
0.316536694550029,2.6996262996473,2.26986488680424,7.17093760655759,9.44908367898942,0.014613409617809,0.460591806867768,-0.0353034159824748,0.00350834724540901
0.316591625005483,2.69661148227887,2.26804001464932,7.16392928780107,9.44477387639693,0.0145521584555592,0.460245627252233,-0.035246347425406,0.00352253756260434
0.316642238401209,2.6935924742061,2.26621280369273,7.15701359090718,9.44057319816344,0.0144911091945416,0.459903537693382,-0.0351880702270628,0.00353672787979967
0.316689445833468,2.69057020117459,2.26438343580539,7.15017019227133,9.43644842085351,0.014430452766587,0.45956582545424,-0.0351290838011702,0.00355091819699499
0.316733536402186,2.68754507335797,2.26255208862354,7.14339287946623,9.43238960796027,0.014370240044478,0.459232540297159,-0.0350695398646957,0.00356510851419032
0.316775004573868,2.68451749877584,2.2607189356121,7.13667083251492,9.42837920934798,0.0143105690215461,0.458903812745818,-0.0350097027292538,0.00357929883138564
0.316926272601863,2.68149538064411,2.25888414535163,7.12747519101814,9.4202386029587,0.0142766798085507,0.458621623132186,-0.0350116164986894,0.00359348914858097
0.3169752836136,2.6784592103188,2.25704788369875,7.12058005901224,9.41585689621926,0.0142208235001177,0.458306019971285,-0.0349580990407309,0.00360767946577629
0.317021758380228,2.67542040447861,2.25521031136062,7.11373983566066,9.4115238896743,0.014165469969141,0.457994721647762,-0.0349042812667453,0.00362186978297162
0.317066288097678,2.67237941189887,2.25337158484891,7.10694157480005,9.40721849248408,0.014110734175201,0.457687867915004,-0.0348504783501775,0.00363606010016694
0.317109366310658,2.66933683102042,2.2515318570028,7.10017456500189,9.40292329829298,0.0140567101411214,0.457385565412302,-0.0347969499514439,0.00365025041736227
0.317151039001682,2.66629272573954,2.24969127687297,7.09343814213719,9.39863750194578,0.0140033927896872,0.457087760189023,-0.0347437090225918,0.0036644407345576
0.317191856571154,2.66324725315064,2.24784998979603,7.08672036569697,9.39434165338694,0.0139508875401929,0.456794570985442,-0.0346910444334949,0.00367863105175292
0.317231782217016,2.66020069686474,2.24600813751473,7.08002244232343,9.39003803154885,0.0138991704270864,0.456505910160926,-0.0346389227448254,0.00369282136894825
0.317271185638247,2.65715343390398,2.24416585821779,7.07333650140101,9.38571390434926,0.0138483067666126,0.456221830052211,-0.0345875324844975,0.00370701168614357
0.317415390391483,2.65411645083197,2.24232328651788,7.06431809671333,9.37749005456494,0.0138211426889912,0.455977198844192,-0.0345942172708859,0.0037212020033389
0.31745907310563,2.65106702528514,2.24048055360956,7.057541407437,9.37293552118107,0.0137730074437325,0.455703318517682,-0.0345470556251252,0.00373539232053422
0.317501026079922,2.64801741238176,2.23863778806197,7.05080489251223,9.36840793444158,0.0137254125490012,0.455433368571304,-0.034499921629184,0.00374958263772955
0.317541474235381,2.64496787658278,2.23679511458768,7.04410382918872,9.36389976518523,0.0136783932350765,0.455167360917225,-0.0344529274506275,0.00376377295492487
0.317582319771691,2.6419183904074,2.23495265469574,7.03739633964017,9.35934197915522,0.0136323416268236,0.454905824960919,-0.0344070932599729,0.0037779632721202
0.317621720050085,2.63886963666074,2.23311052718894,7.03072361309803,9.35480302233625,0.0135868504682629,0.45464811818662,-0.0343614079003162,0.00379215358931553
0.317661000844413,2.63582146518488,2.23126884762729,7.02405659396679,9.35023507109252,0.0135421878949162,0.454394583419971,-0.0343165775193673,0.00380634390651085
0.317699563691557,2.63277422291468,2.22942772876305,7.01740884645191,9.34566084851303,0.0134982131893519,0.454144972171171,-0.03427226654996,0.00382053422370618
0.317738010448863,2.62972804842015,2.22758728043528,7.01076738438818,9.34105911966979,0.0134550394954132,0.453899397593333,-0.0342287879675596,0.0038347245409015
0.317774818698201,2.62668331634633,2.22574760994468,7.00416609177119,9.33648626277574,0.0134123345685858,0.453657354177603,-0.0341853106098129,0.00384891485809683
0.317811873759434,2.62364013495971,2.22390882147141,6.9975636692378,9.33187415077106,0.0133704808493759,0.453419328991683,-0.0341428383959548,0.00386310517529215
0.317847830320277,2.6205976347056,2.22207101695941,6.99099004300377,9.32727261107743,0.0133291848216989,0.453184876659569,-0.0341006370241872,0.00387729549248748
0.317781237730248,2.61753968593365,2.2202342952572,6.98667520812498,9.32637681598205,0.013267298539991,0.452925377782861,-0.0340043822219067,0.0038914858096828
0.317820999919398,2.61449940374166,2.21839875298731,6.98002571746334,9.32157650117707,0.0132283985099272,0.452699967399121,-0.033965973417998,0.00390567612687813
0.317860213584995,2.61146182793648,2.21656448441251,6.97339393129116,9.31676912024575,0.013190126625066,0.45247806758307,-0.0339280919359431,0.00391986644407346
0.317898862349846,2.6084272398136,2.21473158126764,6.96678045620163,9.31195593588574,0.0131524683290016,0.452259620480157,-0.0338907190264797,0.00393405676126878
0.317936867713813,2.60539589149244,2.21290013293407,6.96018724989765,9.30714044812897,0.013115395853116,0.452044549495703,-0.0338538030901311,0.00394824707846411
0.317974241576545,2.60236635364152,2.21107022647747,6.95361427867487,9.30232285796716,0.0130789007588262,0.45183280576618,-0.0338173409747729,0.00396243739565943
0.318009976289542,2.59933655583435,2.20924194678456,6.94708377567718,9.29754026372713,0.0130427665828408,0.451624078615445,-0.0337807881727962,0.00397662771285476
0.318044761807649,2.59631012838161,2.20741537655616,6.94058082896895,9.29276821888236,0.0130071257765725,0.451418506759984,-0.0337445034307345,0.00399081803005008
0.318077444149173,2.59328736338561,2.20559059649781,6.93413078188411,9.28804898693113,0.0129717364392889,0.451215765345693,-0.0337078669005234,0.00400500834724541
0.31800379273134,2.59025825071745,2.20376768524341,6.93000440754246,9.28714760789133,0.0129154676379654,0.450990006505226,-0.0336157449078579,0.00401919866444073
0.318044460599786,2.58724376936008,2.20194671807534,6.92339276691941,9.28209190094284,0.0128830886538369,0.450796175839884,-0.0335848887153741,0.00403338898163606
0.318083413901426,2.58422750040166,2.20012776987477,6.91682644778389,9.27707710942791,0.0128509988031404,0.450605070234937,-0.0335538532329598,0.00404757929883138
0.318120296740827,2.58121650622039,2.19831091311293,6.91031328599538,9.27211648318111,0.0128191191181454,0.45041657091968,-0.0335224444830676,0.00406176961602671
0.318154579588576,2.57821068964786,2.19649621833451,6.90386484826001,9.26722946194745,0.0127873375647652,0.450230527560786,-0.0334903780425686,0.00407595993322204
0.318185317474453,2.5752096845763,2.19468375467565,6.89750165751083,9.26245034471709,0.0127554639089247,0.450046718802105,-0.0334571524409045,0.00409015025041736
0.318114205997461,2.57220075170059,2.19287358882185,6.89335322811504,9.26131108787643,0.0127039102221423,0.449842836374555,-0.0333711692317439,0.00410434056761269
0.318154636088537,2.56920317475489,2.19106578490974,6.88679508759384,9.25614291935237,0.0126752326337722,0.449667531311945,-0.0333444676941397,0.00411853088480801
0.318191633222274,2.56621248791099,2.18926040674193,6.88032046780001,9.25108042130238,0.012646447704566,0.44949430601241,-0.0333166396179181,0.00413272120200334
0.318223912400225,2.5632281709545,2.18745751618551,6.87395708162363,9.2461698231435,0.0126173002709384,0.449322879026411,-0.0332870098059928,0.00414691151919866
0.318252787568317,2.56024871631064,2.18565717392188,6.8676764487183,9.2413641936649,0.0125880561740777,0.449153571868401,-0.0332562638787634,0.00416110183639399
0.318188240539951,2.55725423023835,2.18385943687046,6.86341969509793,9.23988372241617,0.0125410147366896,0.448967406678781,-0.0331774392846887,0.00417529215358932
0.318226473692968,2.55428167306071,2.18206436215711,6.8569542214216,9.23470796004552,0.0125147728333531,0.448805868070562,-0.0331529210564453,0.00418948247078464
0.318259046124235,2.55131639804266,2.18027200530816,6.85062068732863,9.22971933730632,0.0124879560748797,0.44864581028007,-0.0331260883248754,0.00420367278797997
0.318181195578356,2.54833740951222,2.17848242095799,6.84667243454844,9.22865587086861,0.012440134899845,0.448466238850512,-0.0330425077313674,0.00421786310517529
0.318224226633473,2.54537709851043,2.17669565956638,6.84013182338087,9.22326165714496,0.0124164803045971,0.448313869070001,-0.0330224009424537,0.00423205342237062
0.318261400432208,2.54242591601697,2.17491177247441,6.83372777698086,9.21806285609808,0.0123921862425996,0.448162822933816,-0.0329998614970724,0.00424624373956594
0.318290205560004,2.53947589943723,2.17313080991664,6.82751392268953,9.21314872000486,0.012366776451669,0.448012671614969,-0.0329735889203881,0.00426043405676127
0.318221224439775,2.53651669947661,2.17135281958927,6.82340665180934,9.21169878397399,0.012322993572771,0.447846611158186,-0.0328973400459537,0.00427462437395659
0.318260622713006,2.53358096902826,2.16957784709426,6.81698486165124,9.20637925946442,0.0123006793442065,0.447703693348286,-0.0328777767712474,0.00428881469115192
0.318291052998333,2.5306442620508,2.16780593883948,6.81076617900044,9.20136643415141,0.0122771167596233,0.447561492123105,-0.0328541630520513,0.00430300500834725
0.318220211692979,2.52770268226912,2.16603713926344,6.80672395929788,9.19993433970529,0.0122346233477196,0.447403506736666,-0.0327789343479416,0.00431719532554257
0.318260069614934,2.52478035518182,2.16427148961477,6.80032368569938,9.1945610863747,0.0122138728966461,0.447268006094133,-0.0327613620098799,0.0043313856427379
0.318290582137174,2.5218600050677,2.16250903263261,6.79413452359276,9.18950843158886,0.0121917912295556,0.447133121772134,-0.0327395402796955,0.00434557595993322
0.318221397622319,2.51893750904098,2.16074980899883,6.79008333551257,9.18797329369242,0.0121511933211989,0.446983493354221,-0.0326670699894119,0.00435976627712855
0.318259962454214,2.5160278502716,2.15899385640974,6.78374320087574,9.18261220757498,0.0121316036575849,0.446854765522623,-0.0326505229541157,0.00437395659432387
0.318287805037501,2.51312553941331,2.15724121469479,6.77764331699929,9.17762068448051,0.0121104189492856,0.44672643116074,-0.0326290183293794,0.0043881469115192
0.318224426059605,2.51021897438464,2.15549191947301,6.77349613341519,9.17583999643282,0.0120724292634384,0.446585462037385,-0.0325613541141289,0.00440233722871452
0.318258617310893,2.50732688711498,2.15374600664525,6.76728261073712,9.17060312536022,0.0120533588583933,0.446462719859882,-0.0325442003060968,0.00441652754590985
0.31818471492585,2.50443502025145,2.15200351241879,6.76337803630917,9.16916797476696,0.0120143593829004,0.44632510511455,-0.0324723724284216,0.00443071786310517
0.318227046146616,2.50155139792725,2.15026446836248,6.75701356751364,9.16362477349319,0.0119977125914231,0.446208073612559,-0.0324604408656081,0.0044449081803005
0.318255277038396,2.49867968856358,2.14852890899489,6.75096082927066,9.1585705902089,0.0119788208929945,0.446090877663317,-0.0324418279006755,0.00445909849749583
0.318191847971119,2.49580039194383,2.14679686495561,6.74686318535245,9.15673190631972,0.0119431964446374,0.445962058557271,-0.032377059973955,0.00447328881469115
0.31822547611163,2.49294012263095,2.14506836689134,6.74071854051959,9.15147039175399,0.0119261638899815,0.445849905020917,-0.0323622299430014,0.00448747913188648
0.318156171743065,2.49007370697615,2.14334344586456,6.73676526254996,9.14981626836695,0.0118903531565379,0.445724918137491,-0.032295614548885,0.0045016694490818
0.318193921761419,2.48722487216841,2.14162212866579,6.7305563752144,9.14439410007947,0.0118749144454883,0.445617468598157,-0.0322838827617231,0.00451585976627713
0.318120232403443,2.48437178051712,2.13990444546743,6.72671596301862,9.14287300645703,0.0118391750661242,0.445496441224482,-0.0322161620859904,0.00453005008347245
0.318162288708784,2.48153440528462,2.13819042092514,6.72043952664119,9.13728548849296,0.0118253357853159,0.445393564979635,-0.0322075882485848,0.00454424040066778
0.318085229621866,2.47869484312021,2.13648008351235,6.71669063682135,9.13586275428412,0.0117898376324649,0.445276551725435,-0.0321392581885263,0.0045584307178631
0.318130076286789,2.4758696199694,2.13477345625039,6.71037922967689,9.13016465510111,0.0117772890928306,0.445177891927831,-0.0321330436084125,0.00457262103505843
0.318051461851952,2.47304290373549,2.13307056576735,6.70668373396837,9.12877779242792,0.0117423483734287,0.445065041471101,-0.032065000392037,0.00458681135225376
0.318097797912715,2.47023064776283,2.1313714336191,6.70036525749211,9.12301609829862,0.011730824450905,0.444970290870523,-0.0320604608254786,0.00460100166944908
0.318019739239171,2.46741607440056,2.1296760846174,6.69667892223428,9.12159251632147,0.0116968095899071,0.44486176855556,-0.0319937440937085,0.00461519198664441
0.318066676461773,2.46461767979229,2.12798453888775,6.69037247963165,9.11579960215522,0.011686122152723,0.44477068818853,-0.0319904079111744,0.00462938230383973
0.317989609505106,2.46181503351925,2.12629681963889,6.68668647050478,9.11432538329767,0.0116530910467235,0.444666428934238,-0.0319252093871687,0.00464357262103506
0.318035920846194,2.45903134004651,2.12461294552303,6.68041817373995,9.10854522276189,0.0116429935037232,0.444578760750255,-0.031922438643333,0.00465776293823038
0.317960967347862,2.45624050168571,2.12293293837696,6.67670927058913,9.10698260051897,0.0116111287596871,0.444478776398017,-0.0318592938621953,0.00467195325542571
0.318005624123562,2.45347219377548,2.12125681507821,6.67050094137326,9.10125203855043,0.0116014138814884,0.444394305946549,-0.0318565543960192,0.00468614357262103
0.317934069666686,2.45069295538014,2.11958459643157,6.66674256915495,9.09955768628033,0.0115709267460668,0.444298616791734,-0.0317960783332746,0.00470033388981636
0.317974161164392,2.44794067607228,2.11791629779218,6.6606553502227,9.09397870486049,0.0115610501284943,0.44421694912467,-0.0317918987356158,0.00471452420701169
0.317907248991803,2.44517332667731,2.11625193841522,6.65682190364204,9.0921108829633,0.0115321398475101,0.444125547370285,-0.0317346837979299,0.00472871452420701
0.317942567523189,2.44243247875884,2.1145915329759,6.65086008913127,9.08669125836298,0.0115220533994127,0.444046619243638,-0.0317289502676373,0.00474290484140234
0.317880543404339,2.43968201540553,2.11293509828942,6.64694691804965,9.08464294197992,0.0114947375012841,0.443959381425534,-0.0316750885568184,0.00475709515859766
0.317804005706481,2.43693821073866,2.11128264950926,6.64334813784318,9.08309114411055,0.0114651601281961,0.443872578865001,-0.0316144915661991,0.00477128547579299
0.317852783425504,2.43421831654532,2.10963419984131,6.63714244407663,9.07719631728356,0.0114584728521069,0.443799818566313,-0.0316166714850567,0.00478547579298831
0.317782686940026,2.43148668190854,2.10798976542738,6.63343175087828,9.07541176695403,0.0114307482243807,0.443717212315716,-0.031560164407644,0.00479966611018364
0.317822398152881,2.42877849193814,2.10634935744165,6.62744151980264,9.06982703196273,0.0114230346642242,0.443646564005296,-0.0315586174653246,0.00481385642737896
0.317759882826445,2.42606536304549,2.10471299045826,6.62359569035911,9.06777190396877,0.0113973373505886,0.443568097173227,-0.0315067362526971,0.00482804674457429
0.317684871200469,2.42335522258278,2.10308067609964,6.62002149536585,9.06614312595677,0.0113697372927184,0.44349027999872,-0.0314491271731353,0.00484223706176961
0.317733469725411,2.4206677645108,2.10145242497558,6.61388435656994,9.06024634550323,0.0113645192011759,0.443424903259745,-0.0314531236727165,0.00485642737896494
0.31766695312596,2.41797500093452,2.09982825038543,6.61015642238622,9.05831723439246,0.0113390848483471,0.443351157461489,-0.0314005517896005,0.00487061769616027
0.317701951562801,2.41529835543917,2.09820816147794,6.60432884077889,9.05288782367011,0.0113320100093907,0.443287426089723,-0.0313985612485315,0.00488480801335559
0.317644366447366,2.41261981231704,2.09659216814701,6.60043869688593,9.05064493779199,0.011308783267829,0.443217595966122,-0.0313512134337121,0.00489899833055092
0.317576076183039,2.40994891538872,2.09498028168687,6.59678243672048,9.04876664383331,0.0112839747933691,0.443148594508026,-0.0312990166691874,0.00491318864774624
0.31761461682141,2.4072930556938,2.09337250960559,6.59091993484249,9.04321290638883,0.0112783773033238,0.443089345816782,-0.0312998605556916,0.00492737896494157
0.317556305590726,2.40463568324655,2.09176886114941,6.58708022584608,9.04098667980737,0.0112559346203703,0.443024178906603,-0.0312533633085766,0.0049415692821369
0.317488481412655,2.40198751650139,2.0901693453866,6.58344937771115,9.03908397880489,0.0112321164658514,0.442959926722837,-0.0312026045007218,0.00495575959933222
0.317527231304651,2.39935189802064,2.08857396882357,6.57762157986283,9.03352254432152,0.0112273704646066,0.442904716278238,-0.0312045998341865,0.00496994991652755
0.317469504500435,2.39671553431146,2.08698273905643,6.57380538751421,9.03126974280432,0.0112059077537995,0.442844124619359,-0.0311595579042519,0.00498414023372287
0.317404168274652,2.39408818337279,2.08539566406162,6.57015840528317,9.02927523876137,0.0111834003647569,0.442784569932141,-0.0311111855865496,0.0049983305509182
0.317331501052032,2.39146597936628,2.08381274930401,6.5666747309853,9.02752923090605,0.0111598887141716,0.442726053422897,-0.0310596289609482,0.00501252086811352
0.317384372623727,2.38886002379644,2.08223400024452,6.56060656998101,9.02148550483736,0.0111586744354073,0.442676935374562,-0.0310698801150298,0.00502671118530885
0.317322740275264,2.38625287257711,2.08065942435804,6.55691874636263,9.0193596684773,0.0111376562034416,0.442621961003558,-0.0310244427887419,0.00504090150250417
0.317254115155905,2.3836559080141,2.07908902592337,6.55338710075254,9.01747096351994,0.0111156874090619,0.442568019190368,-0.0309759775550179,0.0050550918196995
0.317299367766759,2.38106993876638,2.07752280910881,6.54751638407286,9.01169179495803,0.0111138715012517,0.44252202776468,-0.030983463254655,0.00506928213689482
0.317241618673271,2.37848340441187,2.07596077946908,6.54378447616963,9.00943056987891,0.0110943337864675,0.44247142337723,-0.0309410025236394,0.00508347245409015
0.317178218037311,2.37590544397278,2.07440294134085,6.54018095623713,9.00736095451122,0.0110740795473986,0.442421926760509,-0.0308961584388033,0.00509766277128548
0.317109469676627,2.37333771960583,2.07284929781278,6.53669945563771,9.00547242977329,0.0110531550350089,0.442373538143867,-0.0308490844852736,0.0051118530884808
0.317159185765203,2.37078041579157,2.07129985172426,6.53078941014077,8.99954759689217,0.0110530698060374,0.442332448852565,-0.030859975982947,0.00512604340567613
0.317101648171932,2.36822276757083,2.06975460744649,6.52710138650641,8.99727746751781,0.0110346002513466,0.442287202189459,-0.0308190174585411,0.00514023372287145
0.31703890475162,2.36567363338291,2.06821356761958,6.52353240129912,8.99518395432258,0.0110154830796249,0.442243053915581,-0.0307758853842391,0.00515442404006678
0.316972586961954,2.36313364926106,2.06667673405674,6.52004879622226,8.99321146184996,0.0109959952420226,0.442200064865352,-0.0307313754068064,0.0051686143572621
0.317019171593122,2.36060775956863,2.06514410864804,6.51425621444291,8.98740232160058,0.0109962721709304,0.442163245484146,-0.0307419248679674,0.00518280467445743
0.316963466030023,2.35807893869816,2.06361569341503,6.51057902433326,8.9850707862913,0.0109790985793877,0.442123151206382,-0.0307031925866844,0.00519699499165275
0.316905240641799,2.35555776261018,2.0620914905537,6.50696557235069,8.98282498438501,0.0109617340698988,0.442084236096489,-0.0306635776325753,0.00521118530884808
0.316842297645764,2.35304537605239,2.06057150074994,6.50346092065556,8.98073941860257,0.0109437945578071,0.442046396273198,-0.0306220180729388,0.00522537562604341
0.31677653739585,2.35054195784333,2.05905572468496,6.50002598554807,8.97874957516202,0.0109256043523734,0.442009699867616,-0.0305794350717329,0.00523956594323873
0.316827801407192,2.34805256016098,2.0575441625761,6.49420332886668,8.97279570270534,0.0109277650530235,0.441978301014964,-0.0305936483693878,0.00525375626043406
0.316772534723755,2.34556010818161,2.05603681541694,6.4905779069828,8.97045343195601,0.0109118311799617,0.441944259310639,-0.0305567273161216,0.00526794657762938
0.316714771594792,2.34307523799345,2.05453368349232,6.48701566127427,8.96819654628494,0.0108956983586876,0.441911341195854,-0.0305189218150969,0.00528213689482471
0.316654890254997,2.34059849759245,2.05303476629542,6.48350879609703,8.96601224699859,0.0108794264694052,0.441879539544923,-0.030480414047191,0.00529632721202003
0.31659251996567,2.33813021002653,2.05154006311313,6.48006485856199,8.96391307010896,0.0108629493009962,0.441848835537318,-0.0304410254761285,0.00531051752921536
0.316528128384954,2.33567055105763,2.05004957326728,6.47667423343197,8.96188322020187,0.0108463451946676,0.441819239755403,-0.0304009810732297,0.00532470784641068
0.316585480857407,2.33322468370124,2.0485632952684,6.47080620918017,8.95574472798115,0.0108507588538798,0.441793861962659,-0.0304196966402972,0.00533889816360601
0.316530508416076,2.33077601703688,2.04708122891345,6.46724778334031,8.95340163921937,0.0108361857392608,0.441766627197524,-0.0303847317988236,0.00535308848080134
0.316474891808992,2.32833473080865,2.04560337251115,6.46371458038376,8.95108196739334,0.0108217149023107,0.441740490038465,-0.0303497563907354,0.00536727879799666
0.316416913053781,2.32590141877857,2.04412972428461,6.46024166204154,8.9488436618953,0.0108070513822096,0.441715404163196,-0.0303139451445226,0.00538146911519199
0.316358023187565,2.32347585229108,2.04266028212387,6.45679936150314,8.94663785735235,0.0107924387134155,0.441691385848642,-0.0302779925044441,0.00539565943238731
0.316298041204173,2.32105821331766,2.04119504391858,6.45339135249647,8.94447071051257,0.010777844120355,0.441668423675495,-0.0302418100492546,0.00540984974958264
0.316237412346698,2.31864844583267,2.03973400733355,6.45000853060784,8.94232730263054,0.0107633417368503,0.441646519329583,-0.0302056088289974,0.00542404006677796
0.31629434641405,2.31625591116841,2.03827716942968,6.44424155075299,8.93623311674754,0.0107689877297529,0.441627385008667,-0.0302258283692723,0.00543823038397329
0.316241551058903,2.31385847217524,2.0368245279251,6.44072393746172,8.93383278653016,0.0107561996729251,0.441607526184419,-0.030193882643499,0.00545242070116861
0.316188631255179,2.31146817705912,2.03537607996758,6.43722094588827,8.93143919351673,0.0107435859194136,0.441588686050881,-0.0301621528741554,0.00546661101836394
0.316134082914128,2.30908530936955,2.03393182244398,6.43376317951919,8.92910289791256,0.0107308904459788,0.44157084075078,-0.0301299195961533,0.00548080133555926
0.31607917153148,2.30670979307567,2.032491751765,6.43032485157782,8.92678147474778,0.0107183237551625,0.441553987851241,-0.0300977844170504,0.00549499165275459
0.316023833776386,2.30434177999327,2.03105586438448,6.42690723707132,8.92447712711853,0.0107058728844054,0.441538115800463,-0.030065714805357,0.00550918196994992
0.315968594665316,2.30198128306259,2.02962415657117,6.42349964787168,8.92217234317775,0.0106936247442338,0.44152321959377,-0.0300339579817781,0.00552337228714524
0.315913030864696,2.29962822685551,2.02819662441111,6.42011068318285,8.91988139867551,0.0106815055243251,0.441509284382507,-0.0300023100184933,0.00553756260434057
0.315857444252146,2.29728253703825,2.02677326388934,6.41673419693534,8.91759426990974,0.0106695641019819,0.441496301251379,-0.0299709117811292,0.00555175292153589
0.315801791285734,2.29494422500436,2.02535407069682,6.41337106560076,8.91531250506602,0.010657791398914,0.441484260815917,-0.0299397399392933,0.00556594323873122
0.315746253717979,2.29261340380671,2.02393904046399,6.41001759049136,8.91303011658723,0.0106462161592256,0.44147315342979,-0.0299088779703179,0.00558013355592654
0.315690909993167,2.29028994129091,2.02252816865499,6.40667217405394,8.91074457953411,0.0106348494258444,0.441462967362026,-0.0298783602071665,0.00559432387312187
0.315753300444852,2.28798558776696,2.02112145030035,6.40095114588787,8.90452950227195,0.0106434339806331,0.441453442788528,-0.0299038036294586,0.00560851419031719
0.315701788728152,2.28567532440456,2.01971888090689,6.39755285848586,8.90212495982736,0.0106330448256279,0.441444906092399,-0.029875549262542,0.00562270450751252
0.315651257569523,2.28337213750831,2.01832045530696,6.39414672651009,8.89969143155773,0.0106229888538612,0.441437243592838,-0.0298480006071526,0.00563689482470785
0.315600375439395,2.28107617027265,2.01692616841975,6.39075972457793,8.89727344101497,0.0106130421365784,0.441430455965669,-0.0298205251740674,0.00565108514190317
0.315550154400906,2.27878750894246,2.01553601485283,6.38737134728856,8.8948373285164,0.0106033714656194,0.441424523134612,-0.0297935985893419,0.0056652754590985
0.315498457903055,2.27650611967569,2.01414998933021,6.38402483079364,8.89245436264849,0.0105936189718699,0.44141945881983,-0.0297662100087832,0.00567946577629382
0.315448980937755,2.27423164782224,2.01276808597214,6.38064538990952,8.89000155199874,0.0105843981295686,0.441415208838895,-0.029740100095313,0.00569365609348915
0.315399504010349,2.27196429186591,2.01139029922985,6.37727794005616,8.88755292839715,0.0105753373493843,0.441411788267148,-0.0297142188854001,0.00570784641068447
0.315348792695282,2.26970446873278,2.01001662335765,6.37394741923083,8.88514961541884,0.0105662295928715,0.441409206879592,-0.02968798307134,0.0057220367278798
0.315299760848027,2.26745159688852,2.00864705223468,6.37059491206794,8.88269477950534,0.0105575577464194,0.441407411436907,-0.0296627620435592,0.00573622704507512
0.315250580221003,2.26520584519328,2.00728157982747,6.36725736847266,8.8802493108047,0.0105490159889563,0.441406419782714,-0.0296376926154537,0.00575041736227045
0.315201147971902,2.26296721684155,2.00592019998251,6.36393684759462,8.87781668791913,0.0105405855295343,0.441406225127844,-0.0296127243989183,0.00576460767946578
0.31515252221685,2.26073576363209,2.00456290632666,6.36061197361244,8.87536185315367,0.0105324402469334,0.44140679796766,-0.0295883520706332,0.0057787979966611
0.315103339363063,2.25851155700345,2.00320969248718,6.35731026061604,8.87293014549154,0.0105243523244358,0.441408156576913,-0.0295639331070974,0.00579298831385643
0.31505498054837,2.256294322537,2.00186055183656,6.35400382610111,8.870475814943,0.0105165489837672,0.441410262537374,-0.0295401132730446,0.00580717863105175
0.315005981655935,2.25408417702082,2.00051547791255,6.35072219072213,8.8680474859192,0.0105087863656206,0.441413141274325,-0.0295162038576311,0.00582136894824708
0.314957632711353,2.25188107856829,1.99917446378996,6.34743932566362,8.86560246400831,0.0105012762062121,0.441416752975273,-0.029492807246771,0.0058355592654424
0.31491126000199,2.24968508387621,1.99783750258631,6.34412850964327,8.86309693737605,0.010494235449455,0.441421049688861,-0.0294705412504466,0.00584974958263773
0.314861971056364,2.24749620750939,1.99650458778098,6.3408882980777,8.86069295373775,0.0104868552607355,0.441426158428752,-0.0294471147270282,0.00586393989983305
0.31481335737043,2.24531397478214,1.99517571200539,6.33764630786533,8.85827165085967,0.0104797274499946,0.441431976049954,-0.0294242063245075,0.00587813021702838
0.314652815018779,2.243124055943,1.9938508679798,6.3366694108896,8.85955733159975,0.0104541797361924,0.441441471118319,-0.0293492569447559,0.0058923205342237
0.314609031908312,2.240955035138,1.99253004853078,6.33335297605656,8.85698480101045,0.0104481387832699,0.441448698610537,-0.0293290297751584,0.00590651085141903
0.314565616542823,2.2387929854166,1.99121324646083,6.33004098904674,8.85440549333578,0.0104422936521107,0.441456605594736,-0.0293091671725518,0.00592070116861436
0.314522676219421,2.23663787976148,1.9899004543681,6.32673128146692,8.85181593960086,0.0104366601601349,0.44146517821454,-0.0292897169348084,0.00593489148580968
0.314479734642445,2.23449016001451,1.98859166477615,6.32343342262458,8.84923193533152,0.0104311576118865,0.44147442081538,-0.0292704551987037,0.00594908180300501
0.314436908814757,2.23234950027019,1.98728687010627,6.3201450414876,8.84664967452967,0.0104258039778745,0.441484322455116,-0.0292514345545461,0.00596327212020033
0.314393067924028,2.23021611056217,1.98598606277012,6.31688884199579,8.84410649588927,0.0104204112228628,0.441494914419684,-0.0292321274215882,0.00597746243739566
0.314349906726129,2.22808956922112,1.98468923501632,6.31363074252617,8.84154655660972,0.010415257659651,0.441506132068739,-0.0292133201917617,0.00599165275459098
0.314306179803978,2.22597039624894,1.98339637909977,6.31039574321046,8.8390109591986,0.0104101368049306,0.441518013364045,-0.0291944322520735,0.00600584307178631
0.314262833599874,2.22385811261848,1.98210748716353,6.30716481633711,8.83646856941316,0.0104052031165261,0.441530516249483,-0.029175901551336,0.00602003338898164
0.314218186958102,2.22175282800843,1.98082255141848,6.30397167838858,8.83397477420194,0.0104001793024789,0.441543701869541,-0.0291569462211004,0.00603422370617696
0.314172944071864,2.21965431320808,1.97954156386633,6.30080215759615,8.83150640121621,0.010395180852887,0.441557542315416,-0.0291378920286034,0.00604841402337229
0.314126973090123,2.21756129447413,1.97826451669517,6.29765886461334,8.82906780780552,0.0103901856662878,0.441572041478116,-0.0291186766545421,0.00606260434056761
0.313973203145703,2.2154608135886,1.97699140102538,6.29668831995173,8.83017911761856,0.0103675528460516,0.441591510733299,-0.0290497282227217,0.00607679465776294
0.313935359686267,2.21338091771274,1.97572220898092,6.2934045115382,8.82748354431192,0.0103641452456193,0.441607003894854,-0.0290346425906467,0.00609098497495826
0.31389702801579,2.21130854584601,1.97445693237825,6.29014216814733,8.82481020958747,0.010360772472055,0.441623099906362,-0.0290194989147737,0.00610517529215359
0.313857717599621,2.2092435311131,1.97319556290738,6.28691108186968,8.82217523134547,0.0103573526001954,0.441639814452165,-0.029004069262086,0.00611936560934891
0.313817433137846,2.20718565805798,1.97193809230208,6.28371111376687,8.81957845136142,0.0103538857508085,0.441657145164257,-0.028988354834921,0.00613355592654424
0.31377634886451,2.20513473753251,1.97068451212366,6.28053873166397,8.81701415255033,0.0103503999854773,0.441675082395796,-0.0289724351279254,0.00614774624373957
0.313732630827535,2.20309096876413,1.96943481427725,6.27743059140026,8.81454245085994,0.010346595512019,0.441693718933704,-0.0289554629878764,0.00616193656093489
0.313688736616793,2.20105206468863,1.96818899023146,6.27433745775778,8.81208275896121,0.010342875485355,0.441712940924391,-0.0289385720181986,0.00617612687813022
0.31353919819716,2.19900512117474,1.96694703069621,6.27336882280141,8.81309045129087,0.0103219184724518,0.441737821384324,-0.0288731615164838,0.00619031719532554
0.313504428043631,2.19697938360056,1.96570892735735,6.27011535251354,8.8103429230274,0.0103199247241764,0.441757806218125,-0.0288608093410755,0.00620450751252087
0.313468034353151,2.19496120958694,1.96447467162123,6.26690589257361,8.80765514170239,0.0103177693688819,0.441778398546729,-0.0288478643159726,0.00621869782971619
0.313430347479145,2.19295024113045,1.96324425482183,6.26373377885006,8.80501626227984,0.0103155056569987,0.441799578616041,-0.02883447778732,0.00623288814691152
0.313390343994608,2.19094634332513,1.96201766843361,6.260619403345,8.80245972117641,0.0103129669422278,0.441821406467587,-0.0288201785468867,0.00624707846410684
0.313348997547455,2.18894876056259,1.9607949038643,6.25754324797976,8.79995363751037,0.0103103139052944,0.441843839148952,-0.0288054139987101,0.00626126878130217
0.313196836640228,2.18694171020987,1.95957595214407,6.2566913930713,8.80107553131353,0.0102896064148763,0.441872774318927,-0.0287399167960621,0.0062754590984975
0.31316538877823,2.18495506881173,1.95836080377243,6.25343947302956,8.79825757393381,0.0102887927782588,0.441895811122234,-0.0287300096246015,0.00628964941569282
0.313131297575339,2.18297657740325,1.95714945022005,6.2502517805623,8.79553282537531,0.0102876431961801,0.441919478681369,-0.0287190350275802,0.00630383973288815
0.313095211506796,2.18100538589232,1.95594188265762,6.24711528881101,8.79288003789197,0.0102862637515145,0.441943742590892,-0.0287072900968594,0.00631803005008347
0.313056186067909,2.17904111563264,1.95473809239184,6.24404876627422,8.79032995847663,0.010284502434278,0.441968671472388,-0.0286943417369074,0.0063322203672788
0.31289972103763,2.17706845612256,1.95353807087281,6.24333593010097,8.79161689691084,0.0102636199992715,0.442000950100709,-0.0286277690985108,0.00634641068447412
0.312871628262604,2.17511372484188,1.95234180771026,6.24007302468345,8.78872224644388,0.0102638573474598,0.442026329735032,-0.0286201206480321,0.00636060100166945
0.312840718334098,2.1731670946375,1.95114929447421,6.23687768288038,8.78592654864108,0.0102637244559254,0.442052327401039,-0.0286113213191441,0.00637479131886477
0.312806454625176,2.17122838035017,1.94996052208173,6.23376050349822,8.78324717229835,0.0102631341912569,0.442078981078423,-0.0286011255622445,0.0063889816360601
0.312769486259214,2.16929668531836,1.94877548171207,6.23070845247666,8.78066287275814,0.0102621947761409,0.442106264561731,-0.0285898302225376,0.00640317195325543
0.312615059266875,2.16735618622646,1.94759416474824,6.23000750288747,8.78190880713704,0.0102421517662026,0.442141376172735,-0.0285250387047142,0.00641736227045075
0.312588820437392,2.16543378126347,1.94641656067901,6.22676318991665,8.77898765317788,0.0102431658980665,0.442169019383003,-0.0285189202943624,0.00643155258764608
0.312558985876349,2.16351975811393,1.9452426607844,6.22360177977397,8.77619076927713,0.0102436776765814,0.442197313432916,-0.0285112927381086,0.0064457429048414
0.312525161279843,2.16161334422537,1.94407245610259,6.22053100665969,8.77353083102707,0.0102436241002279,0.44222629356278,-0.0285019762333706,0.00645993322203673
0.312487109322581,2.1597135681224,1.94290593786223,6.21755547636548,8.77101540725308,0.010242971279876,0.442256002847746,-0.028490863135793,0.00647412353923205
0.312342377090566,2.15780335344723,1.94174309638446,6.21671357716994,8.77197272034312,0.0102249924839415,0.442293271822783,-0.028431288208112,0.00648831385642738
0.31231579980984,2.15591376506968,1.94058392189533,6.21353105759266,8.769097301451,0.0102263983590881,0.442323172651576,-0.0284256649205953,0.0065025041736227
0.312284736647275,2.1540323869123,1.93942840543052,6.21044891995825,8.76637491094748,0.0102271529403616,0.442353776934034,-0.0284181257092822,0.00651669449081803
0.312250167860522,2.15215805557035,1.93827653810852,6.20744754563052,8.76377358620262,0.0102274199550678,0.442385039567536,-0.028409116828176,0.00653088480801335
0.312102682769531,2.15027385446112,1.93712831097208,6.20670188984737,8.76484224697388,0.0102093545938549,0.442424626073162,-0.0283489088512417,0.00654507512520868
0.312078533766946,2.14840906854217,1.93598371328534,6.20351451257169,8.76191595250958,0.0102115029827933,0.442456088770482,-0.0283448866551088,0.00655926544240401
0.312049027487324,2.14655274116455,1.93484273640699,6.20044469289554,8.75917085841379,0.0102128538858899,0.442488306830406,-0.0283385522833813,0.00657345575959933
0.312014141360214,2.14470338397835,1.93370537142826,6.19749272580514,8.75660749038322,0.0102134097532362,0.442521315791308,-0.0283298960485938,0.00658764607679466
0.311870588231038,2.14284407461651,1.93257160898423,6.19671005190318,8.75757117596283,0.0101963323362383,0.442562656797704,-0.0282720653317808,0.00660183639398998
0.311847109068701,2.14100440120498,1.93144143861694,6.1935524891829,8.75465160071628,0.0101989202451504,0.442595713299655,-0.0282688235992712,0.00661602671118531
0.311817868051517,2.13917296696248,1.9303148515648,6.19052033043176,8.75192615227055,0.0102006423319228,0.442629555873448,-0.0282630867824772,0.00663021702838063
0.311781775436176,2.13734836646483,1.92919183931257,6.18763504253472,8.74942985940753,0.0102013299212708,0.442664313498695,-0.0282543619418478,0.00664440734557596
0.311644742275532,2.13551310119693,1.92807239122094,6.18676373983647,8.75020564966514,0.010185646971523,0.442707102962653,-0.0282000470580591,0.00665859766277128
0.31162100202843,2.13369856633901,1.92695649789778,6.18365413548725,8.74732333285019,0.0101885082764647,0.442741745887973,-0.0281971453443472,0.00667278797996661
0.311590336572153,2.1318922932222,1.92584415042655,6.18069280200734,8.74467251477692,0.0101903134605273,0.442777273927782,-0.0281912232129529,0.00668697829716194
0.311444607286869,2.13007780539038,1.92473534004274,6.18002461757149,8.74574692699452,0.0101734501766806,0.442822157662393,-0.0281334006858103,0.00670116861435726
0.311425307268433,2.12827997923938,1.92363005570403,6.17685849803452,8.74274253086105,0.010177270533629,0.442857621861263,-0.0281328366471971,0.00671535893155259
0.31139866315649,2.12649124084297,1.92252828859624,6.17384888267839,8.73998309524884,0.0101799611201758,0.442893990498462,-0.0281290646159816,0.00672954924874791
0.311364546714727,2.12470915848345,1.92143003029997,6.17099811321934,8.73747247865508,0.0101815114065307,0.442931328498682,-0.028122027421197,0.00674373956594324
0.31123138220297,2.12291653273064,1.92033526995844,6.17012094463562,8.73816503732258,0.0101670049604445,0.442977013332732,-0.0280703960397102,0.00675792988313856
0.311208370311182,2.1211449201204,1.91924399846932,6.16707062393677,8.73530995807644,0.0101705118019119,0.443014206772968,-0.0280685833350801,0.00677212020033389
0.311177552655896,2.11938076696868,1.91815620694378,6.16418565726333,8.73271433330687,0.0101728173336018,0.443052377125394,-0.0280633567760235,0.00678631051752921
0.31104082247323,2.11760725393214,1.91707188580749,6.16340926108656,8.73354005107863,0.0101579510761183,0.443099668603976,-0.0280105073513197,0.00680050083472454
0.311020666998967,2.11585271668254,1.91599102463329,6.16033346954288,8.73061472097634,0.0101621409468991,0.443137700671313,-0.0280102904180701,0.00681469115191987
0.310992036657391,2.11410622610012,1.91491361484267,6.1574361691848,8.72797024847912,0.0101650158573942,0.443176756734557,-0.0280063604821913,0.00682888146911519
0.310853692366757,2.11235149920668,1.91383964745397,6.15672161679182,8.72886622656064,0.0101500998650921,0.443225458692365,-0.0279531628847751,0.00684307178631052
0.310835246903311,2.110614175651,1.91276911150346,6.15364290426962,8.72590787642875,0.01015477897996,0.443264379093132,-0.0279540136609197,0.00685726210350584
0.310808537948864,2.10888524001907,1.91170199847416,6.15073836481508,8.7232233941612,0.0101581741660021,0.443304304369343,-0.0279512490735816,0.00687145242070117
0.310670142684076,2.10714864632766,1.91063829953588,6.15005446944036,8.72413940698898,0.0101434561646275,0.443354246544572,-0.0278983949788439,0.00688564273789649
0.310653212094865,2.10542855928379,1.90957800362319,6.14697652970044,8.72115456771132,0.0101485857763415,0.443394029723696,-0.027900215186308,0.00689983305509182
0.310626886117969,2.10371727682982,1.9085211023317,6.14409501438612,8.71847977724836,0.0101522452098917,0.443434922067491,-0.0278979142702885,0.00691402337228714
0.310491012772328,2.10199792101928,1.90746758667906,6.14339065613386,8.71933329354897,0.0101381384443079,0.443485841130566,-0.0278465456998665,0.00692821368948247
0.310474459945657,2.10029555745938,1.90641744567061,6.14033581378736,8.71635872827062,0.0101435260679733,0.44352654523972,-0.0278488154692171,0.00694240400667779
0.31044709233027,2.09860175946709,1.90537067118604,6.13750528917502,8.71373952115848,0.010147212495309,0.443568502359524,-0.0278463306904479,0.00695659432387312
0.310314943744465,2.09689924693892,1.90432725364652,6.13675651796736,8.71449221306219,0.010133906401687,0.443620242261695,-0.0277969720626973,0.00697078464106845
0.310298205536166,2.09521470443347,1.90328718263939,6.13373570546659,8.71154613347768,0.0101394539067659,0.443661884125792,-0.0277994308753025,0.00698497495826377
0.310268864242135,2.09353812844934,1.90225045024555,6.13097435636026,8.70901245368794,0.0101430113071727,0.443704971753835,-0.0277963380561442,0.0069991652754591
0.310141982357381,2.09185238964341,1.90121704579257,6.13015055666268,8.70961521484429,0.0101307498505801,0.443757336348654,-0.0277496641337575,0.00701335559265442
0.310122934076466,2.09018570095224,1.90018695993228,6.12720554057365,8.70676582330654,0.0101361057716688,0.443800085031394,-0.0277513541304447,0.00702754590984975
0.309981660576702,2.08851558812466,1.89916018464702,6.12668562751018,8.7078426955837,0.0101216142930948,0.443854523812276,-0.0276984804115933,0.00704173622704507
0.309971785212238,2.08685682599679,1.89813670868262,6.1235789811739,8.70471381838288,0.010128594985527,0.443897046718392,-0.0277044386817115,0.0070559265442404
0.309949632548498,2.08520777045682,1.89711652354008,6.12072518990078,8.70198651006207,0.0101336254963412,0.443940961569838,-0.0277050000067651,0.00707011686143572
0.309816644085351,2.08355252683735,1.89609962051394,6.12007023093177,8.70281696054344,0.0101206653808976,0.443995697598907,-0.027656138680496,0.00708430717863105
0.309803260012715,2.08191232172025,1.89508598870185,6.11706277275479,8.69982344003432,0.0101272472872952,0.444039377566266,-0.0276607799546858,0.00709849749582638
0.309777011154483,2.08028035682189,1.89407562030086,6.11431950112109,8.69724984157899,0.0101317888406092,0.444084552572008,-0.0276597660196575,0.0071126878130217
0.309653122538495,2.0786404997823,1.89306850477406,6.11351337023485,8.69780838312538,0.0101204836043568,0.444139431004953,-0.0276152626966552,0.00712687813021703
0.309635270319621,2.07701846405189,1.89206463291186,6.11062373791843,8.69498074801485,0.0101265060434437,0.444184349931981,-0.0276181555969804,0.00714106844741235
0.309500411216936,2.07539269915025,1.89106399667445,6.11005326047519,8.69590312624653,0.010113520070973,0.444240979175337,-0.0275689765041218,0.00715525876460768
0.309490204479858,2.07377919280703,1.89006658479237,6.10703200758452,8.69284574121707,0.0101209072233515,0.444285719651838,-0.0275754307022117,0.007169449081803
0.309466723071321,2.07217448779074,1.88907238955871,6.10428278300975,8.6902208706576,0.0101261810626513,0.44433200496626,-0.0275760556312784,0.00718363939899833
0.309343502134978,2.07056286260493,1.88808140089489,6.10351078288061,8.69079075965017,0.0101152571847848,0.444388455861814,-0.0275323396330255,0.00719782971619366
0.309326882508164,2.06896801950575,1.88709360924415,6.10064535595072,8.68796138886399,0.0101217580480081,0.444434588397355,-0.0275361717405677,0.00721202003338898
0.309195300733097,2.06736970619138,1.88610900674032,6.10005715568247,8.68881138148075,0.0101095720983294,0.444492519911599,-0.0274889384747841,0.0072262103505843
0.309185262300728,2.06578367360606,1.88512758216736,6.09708098031464,8.68578669533481,0.0101172579371797,0.444538524889551,-0.0274958440173698,0.00724040066777963
0.309042135831225,2.06262175339906,1.88317423388681,6.09358406361538,8.6836880138822,0.0101127179413316,0.444643756660672,-0.0274551890542573,0.00726878130217028
0.309024330425867,2.0610541340051,1.88220229086661,6.09078996554331,8.68093431485788,0.0101192893510351,0.444691273534179,-0.0274588660413515,0.00728297161936561
0.308899164668069,2.05948198784034,1.88123349044035,6.09012165009204,8.68161233300713,0.0101084029971834,0.444750087008357,-0.0274149391873123,0.00729716193656093
0.308886789666529,2.05792377511168,1.88026782200849,6.08723935406368,8.67870035990886,0.0101159643722478,0.444797541416165,-0.027421167009155,0.00731135225375626
0.30875546540344,2.05636460114484,1.87930527799476,6.08671096895123,8.67958784209401,0.0101041644422009,0.444857584104933,-0.0273746959070433,0.00732554257095159
0.308748848656381,2.05481503653796,1.87834584804451,6.08373393526398,8.67650732868229,0.010112770614084,0.444904932151139,-0.0273836126682283,0.00733973288814691
0.308611372309005,2.05326850068359,1.87738952377591,6.08334524333773,8.67760389463527,0.0101000528668604,0.444966194775398,-0.0273346016415495,0.00735392320534224
0.308610780831356,2.0517279033948,1.87643629550719,6.08026813079024,8.67434651761144,0.0101097475057168,0.445013391687139,-0.0273463181085338,0.00736811352253756
0.30859271146952,2.05019744674916,1.87548615436224,6.07754520653185,8.67165403666663,0.0101166258244323,0.445062609756644,-0.0273503679324113,0.00738230383973289
0.308472972697162,2.04866225109278,1.87453909135505,6.07683413870864,8.67220564167576,0.0101069534090003,0.445122854719062,-0.0273094482001348,0.00739649415692821
0.308459815948719,2.0471412689405,1.87359509677996,6.07403298552005,8.66937175752878,0.0101147289929105,0.445172002303722,-0.0273158042222979,0.00741068447412354
0.308334976842808,2.04561813217929,1.87265416292579,6.07344058757398,8.67009896067922,0.010104310952583,0.445233346138375,-0.0272727985735679,0.00742487479131886
0.308326173290824,2.0441062563685,1.87171627884643,6.07057214400337,8.66714161494775,0.010112893905967,0.445282476968409,-0.027281207181004,0.00743906510851419
0.308198189746368,2.04259501079729,1.87078143765382,6.07005978585853,8.66798208640471,0.0101020450170801,0.445344697094847,-0.0272369804233656,0.00745325542570952
0.308193362634752,2.04109210013202,1.86984962814618,6.06713140140592,8.66491340113276,0.0101113732537355,0.445393837656205,-0.0272472694717224,0.00746744574290484
0.308062373245216,2.03959176757359,1.86892084337137,6.0666962462297,8.66586265283596,0.0101001131309783,0.445456910312326,-0.0272018813041514,0.00748163606010017
0.308060955831672,2.03809875877143,1.86799507244491,6.06371900457778,8.66270075877442,0.010110092869703,0.445506106535753,-0.0272137952661121,0.00749582637729549
0.307929549880915,2.03512598605259,1.86615253984493,6.0603230205306,8.66048475671489,0.0101091467271589,0.445619196953845,-0.0271810418470332,0.00752420701168614
0.307794663414321,2.03364442928409,1.86523576031455,6.06000032496912,8.66158420243211,0.0100974026259431,0.445683720040776,-0.0271342586008901,0.00753839732888147
0.307799220642012,2.03217362140438,1.86432195908268,6.05694177910538,8.65826303507792,0.0101085439380814,0.445733079392289,-0.0271490360273689,0.00755258764607679
0.307784144597864,2.03070903234058,1.86341112838253,6.05427914689099,8.65557338167482,0.0101165018133243,0.445784766205726,-0.027155226223886,0.00756677796327212
0.307670053368883,2.02924149599814,1.86250325884578,6.05357342533665,8.65603293511872,0.0101082948167511,0.445847721398389,-0.027117808816797,0.00758096828046744
0.307656641030299,2.02778658685371,1.86159834166753,6.0508960100237,8.65330551990088,0.0101166093785467,0.445899616278489,-0.0271248470771618,0.00759515859766277
0.307541892284508,2.02632950703794,1.86069636816815,6.05022084746366,8.65379944060774,0.0101083709065121,0.445963120877933,-0.0270872851246815,0.0076093489148581
0.307530015818574,2.02488421679238,1.85979732894629,6.0475310808148,8.65103836568507,0.0101170196999773,0.44601522656396,-0.0270951119206557,0.00762353923205342
0.307415134286869,2.0234373954059,1.85890121606578,6.04687606021088,8.65155000908332,0.0101088338324488,0.446079211299432,-0.027057633397862,0.00763772954924875
0.307404197460334,2.02200176519229,1.8580080201073,6.04418558841263,8.64877421320574,0.010117718181161,0.446131587009566,-0.027065983271078,0.00765191986644407
0.307289373085442,2.02056513338687,1.85711773292064,6.04354688310119,8.64929756128435,0.0101096136937564,0.446196017268527,-0.0270286685380578,0.0076661101836394
0.307278634196777,2.0191391768284,1.85623034511461,6.04087020227349,8.64653055287715,0.0101186112866697,0.446248742072454,-0.0270372126608192,0.00768030050083472
0.307165278700364,2.01771238497309,1.85534584910741,6.04021996547753,8.64702091741277,0.0101108182093869,0.446313446228767,-0.0270006790738883,0.00769449081803005
0.307154383410342,2.01629616425059,1.8544642345277,6.03756395704841,8.64427391951281,0.0101198687560792,0.446366549902404,-0.0270092595754591,0.00770868113522537
0.307041651701404,2.01487935931773,1.85358549335225,6.03691871471187,8.64475807451861,0.0101122468001347,0.446431612801462,-0.0269731318875294,0.0077228714524207
0.307031552794609,2.01347256895441,1.85270961728096,6.03426455821087,8.64200093556604,0.0101215047719452,0.446484975617137,-0.0269821653306916,0.00773706176961603
0.306921045216919,2.01206518558941,1.85183659738386,6.03359276349088,8.64242829057866,0.0101143156684055,0.44655020127183,-0.0269471423853511,0.00775125208681135
0.306908414679979,2.01066847253532,1.85096642540312,6.03100578826805,8.63976626970732,0.010123234847387,0.446604211322799,-0.0269551656059048,0.00776544240400668
0.306800353737803,2.00927063018802,1.85009909203879,6.03030299508689,8.64012984299006,0.0101165121066999,0.446669553748826,-0.0269213411462953,0.007779632721202
0.306672125338262,2.00787446794528,1.84923458913433,6.03000545646136,8.64113776335129,0.0101064934365756,0.446737477157939,-0.0268787615450867,0.00779382303839733
0.30668088469867,2.00649518182525,1.84837290804407,6.02702352923037,8.63782138551344,0.0101190479609897,0.446789500212975,-0.0268962968359757,0.00780801335559265
0.306555155595028,2.00510863049757,1.84751404111596,6.02669375280904,8.63876365207989,0.0101095021324315,0.446857531316976,-0.0268549362818918,0.00782220367278798
0.306562645139306,2.00373871298497,1.84665797767057,6.02375405793951,8.63550272186226,0.0101219214790029,0.446910020975256,-0.0268720070786027,0.00783639398998331
0.306440207214717,2.00236175282752,1.84580471160848,6.02337639823862,8.63635438583507,0.01011298375647,0.446978080924044,-0.0268322080028864,0.00785058430717863
0.306444768546141,2.00100130266563,1.84495423247953,6.02051143255764,8.63320122482381,0.0101249876620007,0.447031203203214,-0.0268480870641503,0.00786477462437396
0.306325893633343,1.9996340199747,1.84410653375705,6.02008048318747,8.63395379315693,0.0101166987716082,0.447099232118204,-0.0268099642473913,0.00787896494156928
0.306327201952648,1.99828278730238,1.84326160495648,6.01729651564345,8.63091854782994,0.0101282350054327,0.447153037885983,-0.02682450901161,0.00789315525876461
0.306212592073945,1.9969252397124,1.84241943960884,6.01679841815233,8.6315499583389,0.0101207092510593,0.447220936152182,-0.0267883653032343,0.00790734557595993
0.306210143460847,1.99558293562518,1.84158002780254,6.01410523828063,8.62864841958002,0.0101316937579779,0.447275487838242,-0.0268013551304133,0.00792153589315526
0.306099519309848,1.9942354168898,1.84074336215948,6.01354541918178,8.62916758735421,0.0101248831309283,0.447343270145203,-0.0267670639143719,0.00793572621035058
0.306093091229402,1.99290163140567,1.839909433713,6.01094727856526,8.62640664416166,0.010135279221195,0.447398602015333,-0.0267784015114222,0.00794991652754591
0.305987516312438,1.99156427378535,1.83907823414224,6.01030478728549,8.62678013418166,0.0101293564208482,0.447466117201735,-0.0267464233184889,0.00796410684474123
0.305864496495401,1.99022850616956,1.8382497558305,6.01001350890078,8.6277103805235,0.0101205694498405,0.447535936006551,-0.02670690170257,0.00797829716193656
0.305875299202067,1.98891180488442,1.83742398917919,6.00710156711724,8.62442805667444,0.010133914576365,0.447589617882554,-0.026725878059133,0.00799248747913189
0.305757565110387,1.98758390161757,1.83660092766304,6.0067227674317,8.62520507665124,0.0101260583877031,0.447659153072279,-0.0266887672360052,0.00800667779632721
0.305762284997907,1.98627624744589,1.83578056110925,6.00394702414594,8.62212966362353,0.0101384597892866,0.447713836330362,-0.0267051698260861,0.00802086811352254
0.305650356502705,1.9849580888672,1.83496288333397,6.00347045012438,8.62273721284181,0.0101316180378743,0.447783003543677,-0.0266706926637198,0.00803505843071786
0.305650195877169,1.98365862456754,1.83414788435461,6.00080716156875,8.61983065736672,0.0101432734519474,0.44783854648566,-0.0266850467816166,0.00804924874791319
0.305543308389037,1.98235079823578,1.83333555718075,6.00024777779271,8.62029294563306,0.0101373180151037,0.447907420040576,-0.0266528651685188,0.00806343906510851
0.305420746256333,1.98104845733339,1.83252589330727,6.00000463547185,8.62125547989472,0.0101287780499071,0.447978385599523,-0.0266139231298939,0.00807762938230384
0.305435556776611,1.97976193799812,1.83171888348729,5.99707153554152,8.61789941479119,0.0101430126264632,0.448032495840175,-0.0266349042797085,0.00809181969949916
0.305319389791306,1.97846665786653,1.83091452176881,5.99671879018324,8.61867399333568,0.0101355860420841,0.44810300465634,-0.0265988419796303,0.00810601001669449
0.305327415172991,1.97719114584796,1.83011279820828,5.99393538628486,8.61554668354868,0.010148751820545,0.448158183732685,-0.0266169433159681,0.00812020033388982
0.305217032203431,1.97590355722157,1.82931370602479,5.99348500579592,8.61615268340157,0.0101423355655288,0.448228292889571,-0.0265834907716035,0.00813439065108514
0.305216878758449,1.97463679641495,1.82851723611657,5.99087849779001,8.61329771653901,0.0101542039211626,0.448284737201218,-0.0265981057645774,0.00814858096828047
0.305113844213158,1.97335883641831,1.82772338114514,5.990299738311,8.61368607827465,0.0101490523204349,0.448354218335779,-0.0265679406362123,0.00816277128547579
0.304995943530788,1.97208755282631,1.82693213343836,5.99002108778518,8.61454859569117,0.0101414457771893,0.448425717126008,-0.0265313723469763,0.00817696160267112
0.30500947506287,1.9708322009018,1.82614348313292,5.9871696863073,8.61128510826622,0.0101556757764099,0.448480815551373,-0.0265520358030927,0.00819115191986644
0.304898089714738,1.96956776965449,1.82535742479061,5.98677881681191,8.6119561600674,0.0101492013252497,0.448551802691824,-0.0265183854337428,0.00820534223706177
0.304902286590142,1.96832324961474,1.82457394858341,5.98412681317818,8.60900113172018,0.0101619343558788,0.448608295687987,-0.0265350608932661,0.00821953255425709
0.30479915322569,1.96706634567157,1.82379304769979,5.98358961433648,8.60942631145112,0.0101568757230646,0.4486785203263,-0.0265050804724897,0.00823372287145242
0.304681324073458,1.96581818858371,1.82301471398572,5.98334905997125,8.61031985151086,0.0101493826796546,0.448750745278941,-0.0264687765356151,0.00824791318864774
0.304697447309239,1.96458312891831,1.82223893862271,5.9804863963081,8.6070118984095,0.0101641869069864,0.448806078617604,-0.0264907214342271,0.00826210350584307
0.304587371848266,1.96334123914813,1.82146571555567,5.98010910466459,8.6076752237657,0.0101580315978972,0.44887760940675,-0.0264578635915609,0.0082762938230384
0.304591983352042,1.96211742467572,1.820695035122,5.97748836028187,8.60474378317001,0.0101709711319151,0.448934613125725,-0.0264748768233768,0.00829048414023372
0.3044915327942,1.96088268598124,1.81992689074624,5.97693759838077,8.6051183373504,0.0101664595095169,0.449005175852899,-0.0264462748768883,0.00830467445742905
0.304375701185811,1.95965615393938,1.81916127451563,5.97669678436353,8.60598233428601,0.0101593948672177,0.449077838947871,-0.0264110555359988,0.00831886477462437
0.304391289301039,1.95844231662196,1.81839817758466,5.97388375258757,8.60272802546233,0.0101742455175946,0.44913376390097,-0.0264329148930477,0.0083330550918197
0.304284791959081,1.95722167947971,1.81763759394884,5.97347498784386,8.60331240656168,0.0101687819944781,0.449205503812728,-0.0264018177927654,0.00834724540901502
0.304288005211276,1.95601891528275,1.8168795144701,5.97092058626689,8.60046129323326,0.0101816184240041,0.449263215009193,-0.0264183742352937,0.00836143572621035
0.304189904377918,1.95480575992519,1.81612393204053,5.97036228324075,8.60079566508658,0.01017759281947,0.449334109797822,-0.0263909896101696,0.00837562604340568
0.304079387464489,1.95359947516144,1.81537083923935,5.97005556468819,8.60152607665095,0.0101715064468755,0.449406742425394,-0.026358276260586,0.008389816360601
0.304091358965697,1.95240740823031,1.81462022728127,5.96735215842145,8.5984218361745,0.0101858804140049,0.449463621524563,-0.026378708101182,0.00840400667779633
0.303989154409567,1.95120750153882,1.81387209019164,5.96689738393692,8.59890491777515,0.0101812233521199,0.449535427699156,-0.0263496641860276,0.00841819699499165
0.303875377721076,1.95001596425226,1.81312641937348,5.96667763268969,8.59975738216028,0.0101746363690106,0.449608844769356,-0.0263156621539668,0.00843238731218698
0.303894654114703,1.94883358605524,1.81238320675065,5.96385353348984,8.59644572942947,0.0101903098178289,0.449665071910814,-0.0263393306383145,0.0084465776293823
0.303790107653559,1.94764723323598,1.81164244573136,5.96346753923059,8.59702214224987,0.010185308299572,0.449737537296748,-0.0263093888111154,0.00846076794657763
0.303795495886726,1.94647655704687,1.81090412845306,5.96093145873461,8.59416051735286,0.0101987028048218,0.449795745391198,-0.0263271049499701,0.00847495826377295
0.303699827592407,1.94529714467038,1.81016824727146,5.96038615372831,8.59447210014922,0.0101952209692011,0.449867264992061,-0.026301068927613,0.00848914858096828
0.303592687700347,1.94412453972683,1.80943479575796,5.96007370751932,8.59514960330571,0.0101898289446184,0.449940409548046,-0.0262701172809033,0.00850333889816361
0.303603580849763,1.942964516631,1.80870376410294,5.95745201370983,8.59213693455955,0.0102042151740075,0.449998167171344,-0.0262902867326517,0.00851752921535893
0.303505963096526,1.94179803213267,1.8079751472814,5.95696746395194,8.59252950211714,0.0102004542537729,0.450070280834831,-0.026263513574576,0.00853171953255426
0.303397065098927,1.9406388000201,1.80724893684208,5.95671199473468,8.59328181226399,0.0101948075899066,0.45014398176862,-0.0262319106800393,0.00854590984974958
0.303413732563535,1.93948924819229,1.80652512411253,5.95399921041559,8.59010975431214,0.0102102318229804,0.450201240083519,-0.0262546439721213,0.00856010016694491
0.303314539350263,1.93833537215623,1.80580370406397,5.95356789665349,8.59057148261981,0.0102062506858271,0.450273883997456,-0.0262272921089959,0.00857429048414023
0.303204534999346,1.93718921779816,1.80508466836671,5.95335643106592,8.59137810177154,0.0102004565665446,0.450348046856005,-0.026195316029222,0.00858848080133556
0.303225245166275,1.93605022198292,1.80436800878771,5.95058636294705,8.58810091448051,0.010216628922935,0.450405020309205,-0.0262198591187471,0.00860267111853088
0.303125328755722,1.93490879937232,1.80365371929502,5.95019138353997,8.58860504036688,0.0102125669488216,0.4504780667351,-0.0261922934559309,0.00861686143572621
0.303015008052901,1.93377563846442,1.80294179220449,5.95000823157158,8.58944116890248,0.0102067560786923,0.450552576828832,-0.0261602814310876,0.00863105175292153
0.303038285688785,1.93264708007503,1.80223221923201,5.94720965747169,8.58610501438282,0.0102234282240647,0.450609447542456,-0.0261859928523189,0.00864524207011686
0.302938133406156,1.9315181345552,1.80152499487033,5.94684127288454,8.58663621795178,0.0102193645411618,0.450682818343985,-0.0261584200539781,0.00865943238731219
0.30282834077637,1.93039603804348,1.80082011078676,5.94666967487236,8.58747538424458,0.010213677177367,0.450757551855734,-0.0261267322490991,0.00867362270450751
0.302853973429146,1.9292793445595,1.80011755932818,5.94384659691223,8.58408690559094,0.0102308116327716,0.450814333003759,-0.0261535170405803,0.00868781302170284
0.302753793375516,1.92816271375067,1.79941733464964,5.94350054077691,8.58463860798755,0.0102267795869286,0.450887989802005,-0.0261260227530539,0.00870200333889816
0.302644677808086,1.9270512792641,1.79871942887654,5.94333738793565,8.58547610373389,0.0102212394443395,0.450962914612816,-0.0260947186458517,0.00871619365609349
0.302671207418223,1.92594697965392,1.79802383435478,5.94051825970455,8.58208084169534,0.0102385892228533,0.451019789538571,-0.0261219448957655,0.00873038397328882
0.302572197232385,1.92484203494128,1.79733054405743,5.94017084351286,8.58261555976581,0.0102347886462822,0.451093559272969,-0.0260950415954907,0.00874457429048414
0.302464201877117,1.92374137899779,1.796639552317,5.9400072509967,8.58343749112363,0.0102294695096045,0.451168605102583,-0.0260643074592288,0.00875876460767946
0.302490585825469,1.92264927587527,1.79595085162459,5.93721238207663,8.58006796302518,0.0102468567754471,0.451225703896566,-0.0260915237105347,0.00877295492487479
0.302393086333719,1.92155579228158,1.79526443390647,5.9368567438914,8.58057502512077,0.0102433439877251,0.451299528549776,-0.0260653537382506,0.00878714524207012
0.302286791361409,1.92046624535841,1.79458029254269,5.93668113800289,8.5813632357435,0.0102383427581357,0.451374604793601,-0.0260354347525705,0.00880133555926544
0.302312179171268,1.91938584199507,1.79389841984278,5.93392705765417,8.57804590132196,0.0102556207492526,0.451432029829594,-0.0260622731435956,0.00881552587646077
0.30221607870126,1.91830379449302,1.79321881031119,5.93356520942678,8.57852875165899,0.010252375743413,0.451505912041729,-0.0260367838255844,0.00882971619365609
0.302112262900161,1.91722527281611,1.79254145612454,5.93336211816376,8.57925890668128,0.0102478237034091,0.451580902765762,-0.0260080105414754,0.00884390651085142
0.302135612497571,1.91615636390546,1.79186634968779,5.93066912859269,8.5760261851402,0.0102648134511789,0.451638786973792,-0.0260340212734579,0.00885809682804674
0.302041825177371,1.91508559652631,1.79119348549069,5.93028294819378,8.57645626531941,0.0102619898324111,0.451712590853301,-0.0260096018209551,0.00887228714524207
0.30194043998956,1.91401815572505,1.79052285499594,5.9300531424603,8.57712986292979,0.0102578783754523,0.451787490339584,-0.0259819483447697,0.0088864774624374
0.301960467989821,1.91296072493388,1.789854452592,5.92744627966445,8.57402165067892,0.0102743597486467,0.451846002408481,-0.0260065784026726,0.00890066777963272
0.301869873619596,1.91190079688724,1.78918827178767,5.92701832194864,8.57437150571293,0.0102721048090555,0.451919591045182,-0.0259836028759944,0.00891485809682805
0.301771439458751,1.91084456463694,1.78852430560051,5.92675141427684,8.57497231627936,0.0102685223337709,0.451994319082558,-0.0259572883622385,0.00892904841402337
0.301788650318025,1.90979809722372,1.78786254555507,5.92422062152112,8.57197273045621,0.010284576655982,0.452053381071899,-0.0259807547147093,0.0089432387312187
0.30169897750679,1.90874933064906,1.78720298533228,5.92379530120237,8.57231315691106,0.0102825055237502,0.452127055331855,-0.0259582411988208,0.00895742904841402
0.30160340205513,1.90770445757437,1.78654561925936,5.92349292841464,8.57284403808563,0.0102794350584045,0.452201608904145,-0.0259332215388637,0.00897161936560935
0.30150057615206,1.9066604923875,1.78589044053621,5.9233400590104,8.57360736668463,0.0102751273324819,0.452277202696608,-0.0259051199324441,0.00898580968280467
0.301529159259616,1.90563077232785,1.7852374428838,5.92061294260006,8.57028029348742,0.0102931905871211,0.452334950949917,-0.0259335178007963,0.009
