C,Mb,M,R,Rp,kl,hl,jl,rhoc
0.0237701707306104,0.185010280654205,0.183382664784926,7.71482320691842,7.86653439848119,0.0739582912708577,1.08618939461351,-0.0016224323586978,0.000504006677796327
0.0246061823318127,0.190499806084246,0.188738163393233,7.6703553947586,7.82486628794695,0.0765771592985597,1.08961841375654,-0.00172847844748392,0.000511853088480801
0.025451846630292,0.196084596690033,0.194181818293091,7.6293803398132,7.78674398505468,0.0791713827763159,1.09299731625789,-0.00183844666562725,0.000519699499165275
0.0263067036352439,0.201762723882684,0.199711380527806,7.59165356849372,7.75192277640713,0.0817342238251487,1.09631337105261,-0.00195181439245466,0.00052754590984975
0.027170472156826,0.207532051775687,0.20532468925456,7.55690545491592,7.72013152859314,0.0842614386403434,1.09955854463074,-0.00206879132230955,0.000535392320534224
0.0280431456240596,0.213390624761251,0.211019662229064,7.52482139692701,7.69105213836474,0.0867533692604452,1.10273377233149,-0.00218947666390303,0.000543238731218698
0.0289243108254906,0.219336714731734,0.216794287356874,7.49522741146235,7.66451056524978,0.0892043738855818,1.10582825234488,-0.00231364079710189,0.000551085141903172
0.0298133743748697,0.225368462257767,0.222646615381544,7.4680112550164,7.64039602013291,0.0916062175645148,1.10882597610555,-0.00244103050232414,0.000558931552587646
0.0307106678375059,0.231483953818903,0.228574753452965,7.44284541978649,7.61837533384857,0.0939648736098006,1.11173884789858,-0.00257203471352857,0.00056677796327212
0.0316155765451029,0.237681848769469,0.234576859226086,7.41966096653143,7.5983814708375,0.0962723570957624,1.11455129397161,-0.00270615605998365,0.000574624373956594
0.0325271342652401,0.243960587747578,0.240651136023191,7.3984733503056,7.5804345985469,0.0985154541256107,1.11723718204919,-0.00284297133506371,0.000582470784641068
0.0334465486378966,0.250318091964773,0.2467958283846,7.37881301465493,7.56405304984759,0.100713844869137,1.11983559341017,-0.0029832974424959,0.000590317195325543
0.0343727157438478,0.256753137869466,0.253009218066019,7.3607572922516,7.54932016799094,0.102852755378685,1.12231728631367,-0.00312641749734759,0.000598163606010017
0.0353051882885833,0.263264036914522,0.259289620799415,7.34423560299385,7.53616630080473,0.104927255684098,1.12467237901773,-0.003272334063721,0.000606010016694491
0.0362450847293795,0.269849240762618,0.26563538312566,7.32886638585623,7.52419878501463,0.10695595502542,1.12693810576217,-0.00342157092271002,0.000613856427378965
0.0371905706007043,0.276507460106823,0.272044879804452,7.3148885701501,7.51366844691413,0.108913985044082,1.12906472405279,-0.00357307471287325,0.000621702838063439
0.0381418677457456,0.283237087558686,0.278516511613559,7.30212042761395,7.50438952160533,0.110806791532361,1.13106300421283,-0.0037271745298207,0.000629549248747913
0.0390991179412204,0.290036720076057,0.285048703128719,7.29041262662872,7.49620938619436,0.112639043310422,1.13294230759623,-0.00388372239283801,0.000637395659432387
0.0400630579194836,0.296904672979299,0.291639901160159,7.27952174160743,7.48887667488934,0.114423234042485,1.13472779186568,-0.00404348924738343,0.000645242070116861
0.0410317628217362,0.303839996642265,0.298288572923937,7.26969918937826,7.48265566775215,0.116134620537155,1.1363694974881,-0.00420512716208853,0.000653088480801336
0.0420046443377122,0.310841347331309,0.304993204875817,7.26094006233474,7.47754395045381,0.117767837378283,1.13785631412551,-0.00436827425698246,0.00066093489148581
0.0429846636946372,0.317906701913835,0.311752301662712,7.25264024111946,7.47291238336433,0.119366523379391,1.13927665738185,-0.00453496773248867,0.000668781302170284
0.0439675461808546,0.325035373139115,0.318564384628098,7.24544379433244,7.46943625806539,0.120874265316258,1.1405158157521,-0.00470250293147217,0.000676627712854758
0.0449561107934006,0.332225652238658,0.325427991389383,7.23879325070873,7.46653428518505,0.122332715332112,1.14165836999408,-0.0048726039568251,0.000684474123539232
0.0459501497967579,0.339476145869,0.332341674794929,7.232657048234,7.46417460464854,0.123741428146722,1.14270343871111,-0.0050451850753073,0.000692320534223706
0.0469475291813594,0.346785903686597,0.339304002261022,7.22730265420963,7.46263943118097,0.125074622184753,1.14359816197031,-0.0052188501144517,0.00070016694490818
0.0479502587952862,0.354153173415172,0.346313555459579,7.22235008027993,7.46153125088894,0.126361534938052,1.14440225170184,-0.0053951498354599,0.000708013355592654
0.04895615702522,0.361577020420748,0.35336892935431,7.21806920368095,7.46113519483515,0.127576525830247,1.14506296069792,-0.00557245678449108,0.000715859766277129
0.049966705257168,0.36905585061734,0.36046873227084,7.21417852979467,7.46115643152783,0.128741626752478,1.14562542414317,-0.00575184313295651,0.000723706176961603
0.0509806097330318,0.37658847628617,0.367611585240374,7.21081185896818,7.46173710006058,0.12984286700355,1.14606067695958,-0.0059325599708621,0.000731552587646077
0.0519974115333474,0.384173713814541,0.374796121787099,7.20797652680715,7.462886421944,0.130877451798782,1.14636266937311,-0.00611434122116184,0.000739398998330551
0.0530204756485373,0.391810112702725,0.382020987708799,7.20515957346637,7.46406341947804,0.131890355926871,1.14662456458961,-0.00629917537928905,0.000747245409015025
0.0540442695372409,0.399496192289187,0.389284840895123,7.20307341052828,7.46602215003441,0.132815029754788,1.14670801829118,-0.00648388738709311,0.000755091819699499
0.0550728038522855,0.407231769263445,0.396586350916109,7.20112874550241,7.46814027582337,0.133704532506074,1.14672321265185,-0.00667049589189199,0.000762938230383973
0.0561035039406996,0.415014048699095,0.403924199560254,7.19962517826329,7.47073592525315,0.134529296380808,1.14660825458425,-0.00685807542957943,0.000770784641068448
0.0571382918496911,0.422843394001601,0.411297079768898,7.19827398499876,7.47350371675936,0.135315908064303,1.14641862892338,-0.00704722164505443,0.000778631051752922
0.0581741078380734,0.43071736490122,0.418703696544283,7.19742359796453,7.47681459156318,0.136030313555512,1.14608274209937,-0.00723642709620354,0.000786477462437396
0.0592119077742701,0.438634948194033,0.426142766258233,7.19690991688345,7.48049539060936,0.136687037644889,1.14563069559659,-0.00742622802490877,0.00079432387312187
0.0602567670578338,0.446595093103606,0.433613016914927,7.19608830820196,7.48385971921103,0.137346637767103,1.1451898530079,-0.00761997253674624,0.000802170283806344
0.0613016373325259,0.454596918402032,0.441113187875571,7.19578150062758,7.48778460943661,0.137930867792583,1.1445954344543,-0.00781291437024996,0.000810016694490818
0.0625381236669346,0.46409871187592,0.450007847625879,7.1957363163393,7.49277125016823,0.138557607759094,1.14376677487862,-0.00804164834531652,0.000817863105175292
0.0638322264992584,0.474079464158589,0.459337461123712,7.19601189422789,7.49832852833932,0.139150717470456,1.14278074330973,-0.00828179231280075,0.000825709515859766
0.065137702476031,0.484215022600598,0.468797536332626,7.19702289937432,7.50472589553393,0.139651650170493,1.14158768742332,-0.00852293957385216,0.00083355592654424
0.0664632237339815,0.494502864323659,0.478385061211426,7.19774086081286,7.51085876593047,0.140160897100767,1.14040238655168,-0.00877136158405314,0.000841402337228715
0.0678014623333002,0.504939882902183,0.488096915447831,7.19891428076332,7.51752803568576,0.140606521828212,1.1390727717234,-0.0090224355733093,0.000849248747913189
0.0691490209380364,0.515523537141712,0.497929920786059,7.20082387330181,7.52503609763039,0.140961180571061,1.13754075805382,-0.00927389508031239,0.000857095158597663
0.0705062585977214,0.526250633397425,0.507880864264516,7.20334441744055,7.53324954818537,0.141236276573616,1.13583079934642,-0.00952639052334904,0.000864941569282137
0.0718883661913138,0.537119360614434,0.517946510514834,7.20487247041396,7.54043690264514,0.141588672985912,1.13428137627373,-0.00979043010985115,0.000872787979966611
0.0732729046994037,0.548125887369469,0.528123610162467,7.20762486937091,7.54899115898924,0.141800549261257,1.13242405677324,-0.0100509021636509,0.000880634390651085
0.074668838423341,0.559267345330272,0.538408905304849,7.21062382479149,7.55785717636089,0.141967049808949,1.13046404728409,-0.0103141622122837,0.000888480801335559
0.076075912806064,0.570541201657183,0.548799133604426,7.21383567231653,7.56699846780159,0.142090873811947,1.12840767239073,-0.0105802302014158,0.000896327212020033
0.0774944352105659,0.581944271600764,0.559291031493912,7.21717669112912,7.57632398602378,0.142179641794233,1.12627199582526,-0.0108495208182929,0.000904173622704507
0.0789232886463708,0.593473920583541,0.569881336687826,7.22069932033973,7.58589055200459,0.142227565986936,1.1240448791844,-0.0111214576735726,0.000912020033388982
0.0803621320616585,0.605126974993085,0.580566790437804,7.22438262330273,7.5956753832764,0.14223610615966,1.12172988862595,-0.0113959966144397,0.000919866444073456
0.0818105977921762,0.616900321824019,0.591344139313933,7.22820948963271,7.60565981771639,0.142206374183666,1.11932980953072,-0.0116730716555153,0.00092771285475793
0.0832546061152132,0.628790643025356,0.602210136844624,7.23335518531247,7.61713128074842,0.142022561660322,1.11658944353489,-0.0119426884524223,0.000935559265442404
0.0847231407182475,0.640796143653705,0.613161545083463,7.23723813689311,7.62726383391752,0.141937625639399,1.11406655995164,-0.0122258917618862,0.000943405676126878
0.0861983423873994,0.652912981108378,0.624195136058276,7.2413821283589,7.63772455708508,0.141801458691076,1.11143089340238,-0.0125100698893371,0.000951252086811352
0.0876670038803547,0.665137577015298,0.635307692870344,7.24682793696695,7.64966054768781,0.141512249686027,1.10845575760934,-0.0127856567892095,0.000959098497495826
0.0891593555600492,0.677468806171993,0.646496011141875,7.25101709272066,7.66025640394451,0.14131956134955,1.10569614386506,-0.0130749375535831,0.0009669449081803
0.0906407814251567,0.689901177103154,0.657756900112164,7.25674348532931,7.67259204496151,0.140950924934385,1.1025447273003,-0.0133526678511212,0.000974791318864775
0.0921480897063583,0.702434427391463,0.669087183773075,7.26099896270457,7.68334552145207,0.140698560337416,1.0996550686434,-0.0136461389469018,0.000982637729549249
0.0936422796370845,0.715062840608837,0.680483702086619,7.26684254936839,7.69590086247247,0.140265829247819,1.09636208097246,-0.013926636439321,0.000990484140233723
0.0951612866351361,0.727785945445139,0.691943311939573,7.27126898349532,7.70692752556244,0.139943066815562,1.09331883426668,-0.0142225412753915,0.000998330550918197
0.0966677808933975,0.740598490133543,0.703462888426666,7.27711841448419,7.71957878073179,0.139456753889113,1.08990841280632,-0.0145060870679784,0.00100617696160267
0.0981953892819365,0.753499230437197,0.715039325740134,7.28180142641044,7.73097458796503,0.139055375433906,1.08669298812778,-0.0148027215844112,0.00101402337228715
0.0997137693606058,0.766484006835629,0.726669538109411,7.28755459520818,7.74360713294115,0.138525326471243,1.08318792131073,-0.0150896118426758,0.00102186978297162
0.101232874741053,0.779549885705017,0.738350461236156,7.29358385924341,7.75659377414409,0.137942999300429,1.07956584973941,-0.0153744651012993,0.00102971619365609
0.102775665973958,0.792695453158029,0.750079052854591,7.29821641870608,7.7680592773861,0.137466317524484,1.07618861198962,-0.0156749206829487,0.00103756260434057
0.104304563123687,0.805915643973244,0.761852293933215,7.30411279351017,7.78098524787842,0.136844592258335,1.07248205351757,-0.015962408637125,0.00104540901502504
0.105833588308237,0.819208003857716,0.773667189731937,7.31022355094542,7.79419774559013,0.13617753078298,1.06867380041693,-0.0162477835013319,0.00105325542570952
0.107387138434566,0.832571217700661,0.78552077053798,7.31484963645455,7.80578062593903,0.135623107827333,1.06512926462308,-0.0165499774629828,0.00106110183639399
0.108924195358129,0.845999853581825,0.797410092792851,7.32078020104778,7.81887782072811,0.134922610873376,1.06125032149094,-0.0168374747609696,0.00106894824707846
0.110460415055271,0.859492031415666,0.809332239999467,7.32689841509739,7.83223255072864,0.134180659604831,1.05727807109787,-0.0171224904634591,0.00107679465776294
0.112021230655963,0.873046354593749,0.821284323527091,7.33150598969405,7.84391802649326,0.13355250326905,1.05357502153251,-0.017424934443597,0.00108464106844741
0.113563624846508,0.88665719681288,0.833263483498002,7.33741534425515,7.85712318794355,0.132781837505212,1.04954297151815,-0.0177114357583963,0.00109248747913189
0.115103478495067,0.900323008057991,0.845266889909993,7.34353905686891,7.87061737259595,0.13196900491067,1.04541524035396,-0.0179944914717568,0.00110033388981636
0.116669322717486,0.914041849658503,0.8572917430691,7.34804765383807,7.88231257007983,0.131278165340562,1.04157874350323,-0.0182965861648198,0.00110818030050083
0.118213620474838,0.927808805673001,0.869335274674013,7.35393494575401,7.89562384292142,0.130441671756266,1.03740281632248,-0.0185805418049758,0.00111602671118531
0.119753350586644,0.941621685355231,0.881394748672698,7.36008424277856,7.90928014593543,0.129560848021786,1.03312519784376,-0.0188598016546703,0.00112387312186978
0.121323346290713,0.955479720793968,0.893467461660473,7.36434898127161,7.92081672197927,0.128824357061393,1.02919479267771,-0.0191619591722122,0.00113171953255426
0.122864734035023,0.969376730501906,0.905550744115325,7.37030646936651,7.93433947571903,0.127918954487715,1.02486631118442,-0.0194406580110595,0.00113956594323873
0.124430693470717,0.983312656020676,0.917641960691998,7.37472351151004,7.94612975416323,0.127126853412324,1.02081302837693,-0.0197381090644459,0.00114741235392321
0.125972575307171,0.997282489916814,0.929738511087154,7.38048348079002,7.95951054727068,0.126199390926316,1.01643950055297,-0.0200157969910911,0.00115525876460768
0.127535746142555,1.01128553568709,0.941837830825121,7.38489293638794,7.97137068086711,0.125368155944282,1.01230186669464,-0.020309954109931,0.00116310517529215
0.129075214740119,1.02531734065975,0.953937391458188,7.39055436304214,7.98472220373076,0.12441230271715,1.0078677810873,-0.0205847837958928,0.00117095158597663
0.130635563114482,1.03937665473994,0.966034701788095,7.39488297640295,7.99656675208835,0.123550629894529,1.00366610787209,-0.0208760452555133,0.0011787979966611
0.1321706605869,1.05345809512402,0.978127307704831,7.40048739532274,8.00993625730325,0.122565313289996,0.999168352125658,-0.0211468973570222,0.00118664440734558
0.133728187761033,1.06756288314169,0.990212793448388,7.40466770713936,8.02168544977453,0.121681190074912,0.994921543192539,-0.0214356850648348,0.00119449081803005
0.135256166777604,1.08168452533972,1.00228878149194,7.4103000652086,8.03517159236919,0.120662014859216,0.990348725242731,-0.021700788335609,0.00120233722871452
0.136811073773932,1.09582398583692,1.01435293341094,7.41426045005,8.04673984851674,0.119763546616627,0.986076247062577,-0.0219876805677514,0.001210183639399
0.138328392497232,1.10997476907441,1.02640295021942,7.42004538395799,8.06048926499,0.118703355235194,0.981409859943178,-0.022244599652693,0.00121803005008347
0.139880087636386,1.12413859000472,1.03843657251774,7.42376266747217,8.07184717661557,0.117794555925684,0.977121312617087,-0.0225295334605391,0.00122587646076795
0.141424794684979,1.13831069288592,1.05045158136969,7.42763377319761,8.08342133016327,0.116858964047162,0.972771623389261,-0.0228093358452322,0.00123372287145242
0.142929899317372,1.15248597038241,1.06244579825459,7.43333482587472,8.09719653583318,0.115767091159557,0.968037495935651,-0.0230577390999216,0.00124156928213689
0.144470898130618,1.16666669344664,1.07441708533982,7.43691012683004,8.10849552032458,0.11482875335559,0.963689963526614,-0.0233357694442371,0.00124941569282137
0.146005770421385,1.18084826002175,1.08636334611355,7.44055076027619,8.11990620394653,0.113872646949053,0.959303087761278,-0.0236096338682828,0.00125726210350584
0.147534898321982,1.19502862101332,1.09828252535864,7.44422192884652,8.13138770829304,0.112902240303222,0.954885233053552,-0.0238797274402264,0.00126510851419032
0.149058625347239,1.20920372890006,1.11017260940571,7.44789244379188,8.14290310721883,0.111920635081609,0.950443941390533,-0.0241464145415011,0.00127295492487479
0.150540851953788,1.22337094193227,1.12203162632816,7.45333649813929,8.15657483766348,0.110796659836621,0.945646800913709,-0.0243805035987935,0.00128080133555927
0.152057902328539,1.23753127884244,1.13385764605272,7.45674922966443,8.16785536530856,0.109814871553878,0.941213337063174,-0.0246439482855684,0.00128864774624374
0.153569223803916,1.25168010048166,1.14564878062427,7.46014567402566,8.17914986055738,0.108824723858585,0.936763338354422,-0.0249039845705753,0.00129649415692821
0.155074706574322,1.26581564366958,1.15740318417822,7.46352006555964,8.19045131709942,0.107827268365001,0.932299311076928,-0.0251606072505417,0.00130434056761269
0.156573949057656,1.27993561285098,1.16911905302421,7.46688104924597,8.20177005481746,0.106822501338286,0.927821080881077,-0.0254135736978583,0.00131218697829716
0.158067755310407,1.29403767544566,1.18079462566252,7.47018026126659,8.21304755261841,0.105814476103245,0.923338904801292,-0.0256636186976355,0.00132003338898164
0.159555037723782,1.30811981874273,1.1924281828194,7.47345994103746,8.22433456973791,0.104800742230636,0.918846377310429,-0.0259099415354358,0.00132787979966611
0.161035571519722,1.32217901114973,1.20401804741094,7.47672105019036,8.23563218089964,0.103781827432641,0.914344718791486,-0.026152440458784,0.00133572621035058
0.162550829359305,1.33621658981367,1.21556258447252,7.47804603190073,8.24460609333599,0.102890037349319,0.910177354477121,-0.0264249117311552,0.00134357262103506
0.164022062121703,1.35022569763884,1.22706020108331,7.481068005186,8.25567312938817,0.101874897110397,0.905694878392918,-0.0266633986794621,0.00135141903171953
0.165486651562327,1.36420519494121,1.23850934636899,7.48404378647136,8.26671564668887,0.10085787258866,0.901211667766524,-0.026898382080924,0.00135926544240401
0.166942620024571,1.37815481144324,1.24990851126516,7.48705460044411,8.2778328435789,0.0998340433177534,0.896714748304052,-0.0271283333470745,0.00136711185308848
0.168389121057005,1.39207168259864,1.26125622832319,7.49012893710765,8.28906003070669,0.0988021826648666,0.89220069941239,-0.0273526411031061,0.00137495826377295
0.169873493173102,1.40595718542933,1.27255107152891,7.49116915039928,8.29781620104815,0.0978998617214874,0.888032035788819,-0.0276098466966033,0.00138280467445743
0.171311073284881,1.41980289638954,1.2837916562775,7.49392103884974,8.30870507783674,0.0968815959024415,0.883562531460806,-0.0278311923154842,0.0013906510851419
0.172736747087432,1.43361063193026,1.29497663912108,7.49682196148813,8.3198089061218,0.0958512624760997,0.879064943719601,-0.0280451374691658,0.00139849749582638
0.174200229905051,1.4473812554959,1.30610471712891,7.49772097224451,8.32846424134616,0.0949456966678495,0.874903013126722,-0.0282921180317243,0.00140634390651085
0.175614650453974,1.46110761597712,1.31717462825626,7.50036870415586,8.3393115596247,0.0939267356481284,0.870444048857821,-0.0285016273799905,0.00141419031719533
0.177060131504866,1.47479218475325,1.3281851506203,7.5013225130458,8.34808132695166,0.0930114950667658,0.866266456637455,-0.0287388250011685,0.0014220367278798
0.178461160968694,1.48842903004901,1.33913510212387,7.50379015162174,8.35876009926964,0.0920006409204861,0.861837473844492,-0.0289424305580191,0.00142988313856427
0.179891581958654,1.5020213770194,1.35002334073969,7.5046498898986,8.36745860315188,0.0910867996487074,0.857673436473375,-0.0291724801644744,0.00143772954924875
0.181276457595275,1.51556267171755,1.36084876321271,7.50703528337358,8.37808876673077,0.0900794425259618,0.853262042797816,-0.0293682049607674,0.00144557595993322
0.182693613041054,1.52905540382262,1.37161030570604,7.50770803026273,8.38659792024824,0.0891740378384146,0.849130401250523,-0.0295927998163487,0.0014534223706177
0.184058222876356,1.54249361146299,1.38230694273771,7.51016130187401,8.39736676494269,0.088162787254593,0.844716438999178,-0.0297775742339144,0.00146126878130217
0.18546329549333,1.55588188048664,1.3929376868803,7.5105841464485,8.40560492317393,0.0872706931638538,0.840630447976652,-0.0299979029300253,0.00146911519198664
0.186855557574837,1.56921530605846,1.40350158884938,7.51115785404067,8.41405186997576,0.086369105208496,0.836523731923142,-0.0302107138656946,0.00147696160267112
0.188195217104799,1.58248816507045,1.41399773635791,7.51346265920511,8.42471020018233,0.0853689788736302,0.832152062058263,-0.0303838981413869,0.00148480801335559
0.18957624426378,1.59570705515523,1.42442525414018,7.51373285018883,8.43281482893686,0.0844854475478747,0.828104016207533,-0.0305934579067143,0.00149265442404007
0.190946243072863,1.6088663964235,1.43478330356004,7.51406930280656,8.44102104066766,0.0835984161756525,0.824051406064314,-0.0307971010711168,0.00150050083472454
0.192306442007361,1.62196612376541,1.44507108194538,7.51441848157152,8.44926115408935,0.082711325088713,0.820003559018455,-0.0309958722119277,0.00150834724540901
0.193607538194757,1.6349983260937,1.45528782210403,7.51668987516436,8.45997481878245,0.0817207725088401,0.815674006139565,-0.0311501197677447,0.00151619365609349
0.194954924537751,1.6479723630665,1.46543279184896,7.51677750805005,8.46792095999326,0.0808512698847381,0.811683791274125,-0.0313447813711537,0.00152404006677796
0.196292697801723,1.66088033642043,1.47550529379272,7.51686288036626,8.4758804396215,0.0799832807739807,0.80770271954676,-0.0315348681198624,0.00153188647746244
0.197621070419314,1.67372333786405,1.48550466456385,7.51693461335823,8.48383859087301,0.0791177284386883,0.803733308803617,-0.0317205991421725,0.00153973288814691
0.198940319809216,1.68649968771209,1.4954302743918,7.51697934247776,8.49177805643205,0.0782556010125097,0.799778287051279,-0.0319022442802649,0.00154757929883139
0.200250278412555,1.69920814035536,1.50528152658751,7.51700091765332,8.49970355559855,0.0773969593472386,0.79583780990728,-0.0320797153546305,0.00155542570951586
0.201551753800765,1.71184693634819,1.51505785702783,7.51696687554239,8.50757285140613,0.0765437105673531,0.791917231272113,-0.0322537038962853,0.00156327212020033
0.202843581099753,1.72441491660103,1.52475873363473,7.51691882665441,8.51543941235117,0.0756939481465188,0.788011200669358,-0.0324233217149248,0.00157111853088481
0.2041259969221,1.73691165009824,1.53438365586715,7.51684586482493,8.5232889093938,0.0748484636987125,0.784121945613792,-0.0325888023995913,0.00157896494156928
0.205398657047781,1.74933612098893,1.54393215414208,7.51675875749722,8.53113511944094,0.0740069469599531,0.780248592943013,-0.0327499148315582,0.00158681135225376
0.2066608789835,1.76168750001182,1.55340378932766,7.51668045238347,8.53900783583131,0.0731685077715802,0.776388614019765,-0.0329061591075287,0.00159465776293823
0.207975297419386,1.77396769779418,1.5627981520908,7.51434507598946,8.54394217589761,0.0724424444871329,0.772853423075491,-0.0331074133307267,0.0016025041736227
0.20922452143032,1.78616885738435,1.57211486273113,7.51400864479792,8.55150011647927,0.0716228166522785,0.76905702026289,-0.0332602354682946,0.00161035058430718
0.210462671050121,1.79829378482536,1.58135357022735,7.51370094438624,8.5591092943243,0.0708057728075339,0.765272687968457,-0.0334077967589127,0.00161819699499165
0.211658025057066,1.81004023314281,1.59028467483668,7.5134626925103,8.56662204606703,0.0700103716635018,0.761591087897272,-0.0335458121456848,0.00162604340567613
0.212897014082189,1.82167074246687,1.59910604451285,7.51117178137364,8.57140989572492,0.069316747764622,0.758212029150795,-0.0337249406983236,0.0016338898163606
0.214075725031732,1.83321504772587,1.60784731622567,7.51064753365823,8.57853343619654,0.0685452054260725,0.754614580652656,-0.033860128254238,0.00164173622704508
0.215240578458018,1.84467731335587,1.61650831937224,7.51023961630697,8.58582035031467,0.0677728954771684,0.751020083546156,-0.0339882371138924,0.00164958263772955
0.21638992508012,1.85605646967326,1.62508894170845,7.51000279290612,8.59334443080567,0.0669976716767119,0.747422223409427,-0.0341079999117571,0.00165742904841402
0.21760114179924,1.86735660735243,1.63358911361252,7.50726351941517,8.5975498022729,0.0663378567886754,0.744164199909333,-0.034280366837078,0.0016652754590985
0.218735785694021,1.8785675318462,1.64200880092648,7.50681373748058,8.60480545640317,0.065580854448244,0.740629788833712,-0.0343962569219978,0.00167312186978297
0.219922042050776,1.88970043781716,1.65034799828142,7.5042409705362,8.60923454091388,0.0649205806669149,0.737382277975923,-0.0345565830356531,0.00168096828046745
0.221041327941192,1.90074068502313,1.65860672774371,7.50360461182617,8.61625488337907,0.0641807607370834,0.733908468250772,-0.0346681298012251,0.00168881469115192
0.222206165032999,1.91170278967449,1.66678503520627,7.50107466621701,8.62074379412572,0.063526089572144,0.730688883505746,-0.0348192619935309,0.00169666110183639
0.223308329557232,1.92257345176099,1.67488298920872,7.50031578548646,8.62761262037059,0.062800838516852,0.727268206704061,-0.0349251263435038,0.00170450751252087
0.224454928575244,1.93336341833075,1.6829006794287,7.4977221044382,8.63201820048213,0.0621567141440057,0.724090947651171,-0.0350696047371036,0.00171235392320534
0.225537581675255,1.94406230653532,1.6908382151923,7.49692447100407,8.63884675940433,0.0614427355524332,0.720713853619216,-0.0351679670444614,0.00172020033388982
0.226667966060497,1.95467995630001,1.69869572470096,7.49420288285284,8.64308127302668,0.0608120518306447,0.717587471087921,-0.0353074068225897,0.00172804674457429
0.22772838551511,1.96520384451745,1.70647335439547,7.49345915106505,8.64999419220175,0.0601058870842457,0.714243827852222,-0.0353962043041628,0.00173589315525876
0.228844145973261,1.97564708269814,1.71417126701669,7.49056201427578,8.65399132401012,0.0594906928136138,0.711174475137931,-0.0355318697721102,0.00174373956594324
0.229878431768561,1.9859978707235,1.72178964267289,7.49000082098335,8.66116371849628,0.0587876877002384,0.707850503530289,-0.0356081471568611,0.00175158597662771
0.23098078820602,1.99626582670057,1.72932867623034,7.48689399521786,8.66487496982133,0.0581893861992056,0.704842471952715,-0.0357410041792117,0.00175943238731219
0.232068246173439,2.00644665721738,1.73678857804146,7.4839561494486,8.66881256992708,0.0575884513181082,0.701832495545687,-0.0358660952903661,0.00176727879799666
0.233141152398299,2.01653953679918,1.74416957336434,7.48117419607069,8.67296000319145,0.0569856763150607,0.698822806339221,-0.035983713186879,0.00177512520868114
0.234149287142963,2.02653925855895,1.75147190029376,7.48015047009038,8.67951633181931,0.056321043985298,0.69563398510955,-0.0360551774270722,0.00178297161936561
0.235211323936442,2.03645597385893,1.75869581104184,7.47708818439827,8.68327786282162,0.0557380484520452,0.692694435625788,-0.0361719859743123,0.00179081803005008
0.23626104840568,2.04628492528639,1.76584157061662,7.47411214219505,8.68715377284768,0.0551560879415911,0.68976373523166,-0.0362830751016834,0.00179866444073456
0.2372313494353,2.05602017439088,1.7729094565821,7.47333546262876,8.69406003323182,0.0544982991462822,0.686611107667039,-0.0363370248168816,0.00180651085141903
0.23826978201896,2.06567215283887,1.77989975755875,7.4701027653482,8.69757929281162,0.0539351873076108,0.683748000553421,-0.0364469938793325,0.00181435726210351
0.239297060473159,2.07523672969914,1.78681277447421,7.46692320808774,8.70116667602265,0.0533744485994818,0.680897792899833,-0.0365521498540186,0.00182220367278798
0.240313777791825,2.08471405290028,1.79364881899564,7.46377854601999,8.70479725101277,0.0528168434841688,0.678062744226121,-0.0366529567432303,0.00183005008347245
0.241320452112091,2.09410050059357,1.80040821340792,7.46065324198731,8.70844964460544,0.0522630071755977,0.675244754874799,-0.0367498190404218,0.00183789649415693
0.242317929249305,2.10339960527864,1.80709129031291,7.45752200801334,8.7120887279437,0.0517138846205656,0.672446676245679,-0.0368433877723338,0.0018457429048414
0.243305877454395,2.11261193813997,1.81369839185874,7.45439613228702,8.71573013613352,0.0511691275275718,0.66966746121131,-0.0369334163645904,0.00185358931552588
0.244216471350521,2.1217289892136,1.82022986961322,7.45334603987732,8.72226900532621,0.0505585784272873,0.666694373141139,-0.0369685361459246,0.00186143572621035
0.245191314271332,2.13076319586441,1.82668608419079,7.45004401815536,8.72565872834461,0.0500296684791474,0.663974219116736,-0.0370560856520783,0.00186928213689482
0.246157062584343,2.13970951289321,1.83306740508695,7.44673902849679,8.72903797053971,0.0495053884305003,0.661273817272378,-0.0371404277828547,0.0018771285475793
0.24711371799801,2.1485699420526,1.83937420977508,7.44343221686259,8.73240824035211,0.0489857283184707,0.658593145823839,-0.0372215678739448,0.00188497495826377
0.248061631712628,2.15733978279185,1.84560688394952,7.44011426195728,8.73575631228558,0.0484710177733817,0.655933219312933,-0.03729977392993,0.00189282136894825
0.249000882296413,2.16602376511671,1.85176582073511,7.43678417384381,8.73908061508217,0.0479613017398737,0.653294189144138,-0.0373751074517451,0.00190066777963272
0.249931406009971,2.17461999368216,1.85785142061318,7.43344524112774,8.74238561513455,0.047456484787204,0.650675779651112,-0.0374475228409928,0.0019085141903172
0.250853385571353,2.18312835903645,1.86386409091792,7.4300934255789,8.74566543178305,0.0469567042839973,0.648078426348776,-0.0375171590525116,0.00191636060100167
0.251766644105069,2.19155071270248,1.86980424566945,7.42673538949477,8.74892932525828,0.0464617547815404,0.645501517694711,-0.0375838855853598,0.00192420701168614
0.252671145692989,2.19988468123166,1.87567230525052,7.42337357162886,8.75218061743468,0.0459715678509126,0.642944860392575,-0.0376476778524433,0.00193205342237062
0.253566828906296,2.20813322817811,1.88146869597703,7.4200111429887,8.75542369712405,0.0454860524532518,0.640408191262541,-0.0377084924699451,0.00193989983305509
0.254531453188048,2.21630189630069,1.88719384981108,7.41438366918377,8.75542665040198,0.045073907850421,0.638102401722649,-0.0378240794446031,0.00194774624373957
0.255415495051962,2.2243750789187,1.89284820433556,7.41085893771039,8.75841689889288,0.0446019099228378,0.635618749790131,-0.037883275025947,0.00195559265442404
0.256290773701776,2.23236491232272,1.89843220233277,7.40733727910864,8.76140309289575,0.0441344010482898,0.633154582791133,-0.0379395224424637,0.00196343906510851
0.257157327450551,2.24026661375332,1.90394629133859,7.40381893922391,8.76438550690245,0.0436713779798371,0.630709904609479,-0.0379928518471437,0.00197128547579299
0.258015042887469,2.24808358404135,1.90939092341021,7.40030853256479,8.76737069280754,0.0432127074591945,0.628284318749195,-0.0380431813491576,0.00197913188647746
0.258863141502008,2.25581619806935,1.9147665550178,7.39682962938527,8.77039253619147,0.0427577122773882,0.62587575214992,-0.0380899404254815,0.00198697829716194
0.259701507244511,2.26346178197647,1.92007364674252,7.39338661186419,8.77345748360356,0.0423062881544108,0.623483894548097,-0.0381330496102749,0.00199482470784641
0.260609906879918,2.27103083068325,1.92531266288873,7.38771862489427,8.77329828171656,0.0419224723623542,0.621306382437154,-0.0382309937024086,0.00200267111853088
0.261440133195541,2.27850911645377,1.93048407143425,7.38403873895814,8.77599752118885,0.0414862891791438,0.618973070574522,-0.0382749811036662,0.00201051752921536
0.262260187650602,2.28590171349801,1.93558834412542,7.38041241205899,8.77876446774846,0.0410530906643463,0.616654704247975,-0.0383149813336925,0.00201836393989983
0.26306972844944,2.2932097484866,1.94062595531917,7.37685011026323,8.78161460319145,0.0406226174913666,0.614350487641449,-0.0383507530014883,0.00202621035058431
0.263868259702255,2.30043637235072,1.94559738231751,7.37336648414209,8.78456959275434,0.0401945067910178,0.612059307879501,-0.0383819452239459,0.00203405676126878
0.264743031328784,2.30758597799683,1.95050310494941,7.36753332149879,8.78408999481744,0.0398343155802698,0.609984003878722,-0.0384719276854747,0.00204190317195326
0.265534320090196,2.31464644760431,1.9553436062904,7.36380745670169,8.78666675861226,0.039421123529754,0.607750510489365,-0.0385045607043701,0.00204974958263773
0.266313831542479,2.3216214373347,1.96011937111819,7.36018613740512,8.78938569711611,0.039009546233531,0.605527769401419,-0.0385320476095779,0.0020575959933222
0.267080866322353,2.32851609106841,1.96483088617467,7.35668905537853,8.79227628266628,0.0385991237380324,0.60331436367815,-0.0385538993565458,0.00206544240400668
0.267929981237557,2.33533630146598,1.96947863980825,7.35072137396236,8.79153067183746,0.0382573241495331,0.601319314831081,-0.0386382711626703,0.00207328881469115
0.268690110751037,2.34206736553398,1.97406312328824,7.34698838662272,8.79404870883766,0.0378612621945353,0.599161942503363,-0.0386617268998879,0.00208113522537563
0.269437230348992,2.34871836839993,1.97858482818696,7.34339803606268,8.79676554932557,0.0374658666047386,0.597012412452483,-0.0386791627361606,0.0020889816360601
0.270261045588345,2.35529510903095,1.98304424732747,7.33751415417815,8.79608818381723,0.0371327302175118,0.595061670192437,-0.0387548800233596,0.00209682804674457
0.271001152131874,2.36178506074056,1.98744187563823,7.33370267987313,8.79845145882286,0.0367510024328864,0.592966063659697,-0.0387737767268178,0.00210467445742905
0.271726598277194,2.3681940108575,1.9917782084257,7.33008185821342,8.80108493555953,0.0363687500413885,0.590874624241776,-0.0387854782224115,0.00211252086811352
0.272530003418882,2.37453189861627,1.99605374116163,7.32416143588295,8.80029788533725,0.0360472301031239,0.588977294972185,-0.0388560000343752,0.002120367278798
0.273248614772414,2.3807813792159,2.00026897131635,7.32032611759937,8.80258509930779,0.0356781804715714,0.586938355072327,-0.03886922315935,0.00212821368948247
0.27395163831203,2.38695252530937,2.00442439597614,7.31670892105822,8.80518429560009,0.0353079883966612,0.584901683147079,-0.0388746076043659,0.00213606010016695
0.274737118738569,2.39305556145557,2.00852051203568,7.31069948341024,8.80420798762427,0.034999132657964,0.583060961550671,-0.0389416277142644,0.00214390651085142
0.275433509727514,2.39906914460257,2.01255781814086,7.30687351779337,8.80646712889285,0.0346417116730037,0.581075450586749,-0.0389486095825657,0.00215175292153589
0.27619740935217,2.40501632803609,2.01653681152719,7.30107069525758,8.80575866443145,0.0343347057876052,0.579252013360462,-0.0390064208716,0.00215959933222037
0.276885332220793,2.41087720389886,2.02045798950788,7.29709289149607,8.80776051216435,0.0339884532933239,0.577312679740957,-0.0390136437982323,0.00216744574290484
0.277555350616769,2.41666100920374,2.02432185040108,7.29339876137405,8.81017403064439,0.0336395922776175,0.575371092632198,-0.0390114140980335,0.00217529215358932
0.278308641141526,2.42237763109785,2.02812889013097,7.28733711541358,8.80901963667797,0.0333488003037313,0.57361513681145,-0.0390707498747771,0.00218313856427379
0.278970001688747,2.42801015352888,2.03187960630725,7.28350573182509,8.81119647872805,0.0330105614323455,0.571718013481396,-0.0390685744671188,0.00219098497495826
0.279704413323152,2.43357469942937,2.03557449397389,7.27759161819918,8.81022223198262,0.0327229318203138,0.569983318826461,-0.0391205624273994,0.00219883138564274
0.280357204171164,2.43905668393171,2.03921404874882,7.27362813728103,8.81216849146854,0.0323949832305965,0.568129597813377,-0.0391184499571575,0.00220667779632721
0.280989876287558,2.44446543538945,2.04279876504654,7.27000841466613,8.81462001141961,0.0320632427690199,0.566270000655561,-0.039105390363413,0.00221452420701169
0.281718202266964,2.44980665551851,2.04632913547641,7.26374483086204,8.81305762186076,0.0317931477898769,0.56460666660438,-0.0391618500919304,0.00222237061769616
0.282340811038229,2.45506757451639,2.0498056534412,7.26004025384646,8.81534933866023,0.031470486980215,0.562786693911583,-0.0391477687293378,0.00223021702838063
0.283053295203955,2.46026481309196,2.05322880885935,7.25385940969134,8.81386858108501,0.0312047739930821,0.561148266822039,-0.0391989185510937,0.00223806343906511
0.283665777611272,2.46538002334038,2.05659909281408,7.25007827920782,8.81601192386787,0.0308908367682746,0.559366775647835,-0.0391837255639622,0.00224590984974958
0.284364403523194,2.47043274537074,2.05991699249392,7.24393407533479,8.81454312761246,0.0306304512826538,0.557756120711646,-0.039230915548898,0.00225375626043406
0.28496612519101,2.47540376252277,2.0631829962374,7.2400991340794,8.81657159223084,0.0303245819722886,0.556011038192256,-0.0392141259040539,0.00226160267111853
0.285651394462172,2.48031217150057,2.06639758820663,7.23398389879127,8.81510306370234,0.0300696134507965,0.554428372178993,-0.039257671800416,0.002269449081803
0.286241790431618,2.48514164258021,2.06956125353601,7.23011566695192,8.81704710237378,0.0297712288732707,0.552717848958206,-0.039238854066001,0.00227729549248748
0.286915037474138,2.4899120465073,2.07267447307174,7.22400084470501,8.81553508992977,0.0295221835160783,0.551164664610828,-0.0392796385031757,0.00228514190317195
0.28749392902293,2.49460197205279,2.07573772843224,7.22010977931531,8.81740999688342,0.0292309250805882,0.549487542057782,-0.0392586290047312,0.00229298831385643
0.288155894018352,2.49923164246439,2.07875149675589,7.21398222249618,8.81583398666515,0.0289879634721996,0.547964257101361,-0.0392971186030636,0.0023008347245409
0.288722259347382,2.50378309147261,2.08171625593144,7.21009963221013,8.81768726891909,0.0287030671036818,0.546318132396313,-0.0392731816783061,0.00230868113522538
0.289373974520935,2.50827684314997,2.08463247908219,7.20393906374389,8.81601563818028,0.0284664800582492,0.544825556484989,-0.0393100366544396,0.00231652754590985
0.289927620986409,2.51269315007168,2.08750064004938,7.20007508407499,8.81786258907669,0.0281876289709484,0.543209402684367,-0.0392830074172779,0.00232437395659432
0.290569988950921,2.51705270904478,2.09032120770857,7.19386477335634,8.81606891003977,0.0279576163865085,0.541748055725109,-0.0393187921828648,0.0023322203672788
0.291110015693718,2.52133421141985,2.09309465156147,7.19004685075369,8.81795172332368,0.0276841677518034,0.540159850726445,-0.0392880291841383,0.00234006677796327
0.291743703852302,2.52555898842005,2.09582143595977,7.18377606195334,8.81601867228365,0.0274608003117532,0.538729847130234,-0.0393231434072561,0.00234791318864775
0.292269722614176,2.52971050397939,2.09850202589657,7.18001853605204,8.81795960009518,0.0271923875041809,0.537168419586201,-0.039288358366195,0.00235575959933222
0.292895294559104,2.53380545936758,2.10113688106258,7.17367919558225,8.81587387318441,0.0269756779597265,0.535769689980122,-0.0393231273776577,0.00236360601001669
0.293501152150684,2.53783441380338,2.10372646135434,7.16769404800933,8.81431281340104,0.0267548063883403,0.534363776360467,-0.0393471644198259,0.00237145242070117
0.294025060630679,2.54178988793205,2.10627122212085,7.16357720529988,8.81563854220967,0.0265019614718548,0.532866538312386,-0.0393188644176481,0.00237929883138564
0.294623448074848,2.54569419007574,2.10877161745092,7.15751455367936,8.81391108481622,0.0262878004674145,0.531491934754333,-0.0393429436805444,0.00238714524207012
0.295132903005298,2.54952163393,2.11122809878295,7.15348264217443,8.81533164105189,0.026039194199793,0.53001883295938,-0.0393102083445077,0.00239499165275459
0.295725146820818,2.55329740980903,2.11364111378159,7.14731613629823,8.81339570275777,0.025832071984415,0.528676404045995,-0.0393351545531096,0.00240283806343907
0.296218864715807,2.55700180467726,2.11601110961663,7.14340429211605,8.8149664538844,0.025587001100135,0.527225262045938,-0.0392971104825547,0.00241068447412354
0.296805236197161,2.56065352194103,2.11833852796939,7.13713327672639,8.81281996131275,0.0253867720547619,0.52591443349986,-0.0393230399441915,0.00241853088480801
0.297283108127114,2.56423388100919,2.12062381085122,7.13334781855305,8.81455151851015,0.0251450733370506,0.524484714613205,-0.0392796028086064,0.00242637729549249
0.297864131968211,2.56776430666515,2.12286739454976,7.12696550780515,8.812182781846,0.0249516999198882,0.523205228559958,-0.0393067976673811,0.00243422370617696
0.298426618350546,2.57123371030253,2.12506971501255,7.1209120914152,8.81030500137839,0.0247548356133403,0.521920600888617,-0.0393241024859184,0.00244207011686144
0.298901470729001,2.574632008078,2.12723120413436,7.11683083708549,8.81151221117682,0.0245263373772899,0.52054704407256,-0.0392861114552167,0.00244991652754591
0.299459843921261,2.57798559267223,2.12935229065171,7.11064382712894,8.80937668611315,0.0243365576857389,0.519294269390543,-0.0393054316992534,0.00245776293823038
0.299917736497028,2.58126597640897,2.13143340221354,7.10672675483685,8.81080416442343,0.0241105335448402,0.517939234753418,-0.0392612258953241,0.00246560934891486
0.300471693185123,2.58449735419197,2.13347496078839,7.10041913823123,8.80843025860197,0.0239274578700527,0.516717022255061,-0.0392822925934638,0.00247345575959933
0.30146284017679,2.59078106683832,2.13744110168921,7.09023075758101,8.80745422136391,0.0235274729240455,0.514188467908737,-0.0392550536602114,0.00248914858096828
0.301995689985308,2.59384301769856,2.13936651566818,7.08409618618155,8.80528004765486,0.0233481579954871,0.512993135182537,-0.0392691490181782,0.00249699499165275
0.302432854947967,2.5968381821339,2.1412540427582,7.08009730995198,8.80647814607036,0.0231361116678846,0.511706951012922,-0.0392233629898276,0.00250484140233723
0.302962557226184,2.59978493459673,2.1431040903718,7.07382493068875,8.80403668234322,0.0229634664016275,0.510541712170645,-0.0392398922051333,0.0025126878130217
0.303382263679133,2.60266860662226,2.14491706588614,7.07001470644532,8.80549568532552,0.022753267975331,0.509271956143057,-0.0391874931665358,0.00252053422370618
0.303909040341243,2.60550759290117,2.14669337038811,7.06360484695586,8.80278634599509,0.0225871334757534,0.508136164948996,-0.0392065273464703,0.00252838063439065
0.304419165492692,2.60829078075738,2.14843340452108,7.05748404849581,8.80051167422268,0.0224183559653037,0.506997748530036,-0.039216956504995,0.00253622704507513
0.304835013925412,2.6110104677558,2.15013756519201,7.05344683835469,8.80154663648352,0.0222188157268737,0.505775277943227,-0.0391689042304172,0.0025440734557596
0.305342589214225,2.61368605468101,2.15180624487135,7.04718673673677,8.79900053455472,0.0220564105058637,0.504665686627641,-0.039182006878315,0.00255191986644407
0.305740829008815,2.6162988146348,2.15343983573044,7.04335054860582,8.80031725745224,0.0218583557686425,0.50345838157103,-0.0391271813462703,0.00255976627712855
0.306246340116654,2.61887098925911,2.15503872351923,7.03694523401762,8.79748918729109,0.0217022687544647,0.502377269089082,-0.0391431956659064,0.00256761268781302
0.306735804480004,2.62138825802667,2.1566032936212,7.0308169510149,8.79507911551974,0.0215437795448117,0.501294226628404,-0.0391510094761509,0.0025754590984975
0.307129951305838,2.62384470313949,2.15813392772141,7.02677781357884,8.79600727383843,0.02135548873444,0.500131000133249,-0.0391001565819181,0.00258330550918197
0.307617538988507,2.62625975437013,2.15963100277889,7.02050673014318,8.79331841925503,0.02120311399946,0.499075614536974,-0.0391109254258973,0.00259115191986644
0.307993868042445,2.62861439371962,2.16109489569735,7.0166815639314,8.7945505249759,0.0210159643681285,0.497926359869789,-0.0390531089482132,0.00259899833055092
0.30847978777539,2.63093037981692,2.16252597679343,7.01026797375783,8.7915823591635,0.0208695616947474,0.496898028165526,-0.0390668923079236,0.00260684474123539
0.308949969066087,2.63319447476311,2.16392461601453,7.00412633979466,8.78902643776921,0.0207208730492393,0.495868091287708,-0.0390726844608596,0.00261469115191987
0.309322821169927,2.63539973297665,2.16529117973438,7.00010161405088,8.78987286404122,0.0205429589129696,0.494760773301119,-0.0390190161075537,0.00262253756260434
0.309791703676966,2.63756499548231,2.16662602936408,6.99381553362488,8.78703383584681,0.0204001105693826,0.493757269905904,-0.0390279798539154,0.00263038397328882
0.310146733941631,2.63967335209295,2.16792952647644,6.99001243354845,8.78819812147541,0.020223091824104,0.492663022935639,-0.0389672923986124,0.00263823038397329
0.31061447062289,2.64174358888279,2.1692020259693,6.98358328773059,8.78507727714083,0.0200859323374018,0.491685322437208,-0.0389794510122799,0.00264607679465776
0.311066357007947,2.64376699315481,2.17044388230817,6.97743048520261,8.7823781444352,0.0199464574354948,0.490705928805609,-0.0389835607357238,0.00265392320534224
0.311418780630023,2.64573326167641,2.17165544664791,6.97342479555824,8.78314945025599,0.0197782668008419,0.489651814987557,-0.0389273547149718,0.00266176961602671
0.311869694208438,2.64765947983588,2.17283706488727,6.96713116162884,8.78017154480542,0.0196442974470503,0.488697460946394,-0.0389346926984006,0.00266961602671119
0.312204813731278,2.64953363251746,2.17398908331748,6.96334261261163,8.78125498697427,0.0194769400529727,0.48765603248003,-0.0388717393972831,0.00267746243739566
0.312655674904946,2.65136862952762,2.17511184149273,6.95689224944986,8.77797146305722,0.01934857286252,0.486726768970909,-0.0388828063514322,0.00268530884808013
0.313089814744443,2.65316342869211,2.17620567858876,6.95073929621463,8.77514640439635,0.0192176307979292,0.48579510155384,-0.0388852964935977,0.00269315525876461
0.313422969225441,2.65489833252035,2.17727093063825,6.94674974211022,8.77583715233456,0.0190586479517458,0.484791866870284,-0.0388270097272673,0.00270100166944908
0.313857247547307,2.65659972588282,2.17830792816022,6.94044169820193,8.77270857308469,0.0189331396870107,0.483884567621351,-0.0388332722176125,0.00270884808013356
0.314173314133324,2.65825088217612,2.17931700241542,6.93667127148359,8.77371624504493,0.0187748407749,0.482893388753647,-0.0387683183419916,0.00271669449081803
0.314607058025456,2.65986147817989,2.1802984777725,6.93022747632092,8.77031494297017,0.0186543829540213,0.482009198034348,-0.0387778639817287,0.0027245409015025
0.315024755784302,2.66143753428874,2.18125267826177,6.92406751599952,8.76735234867055,0.0185315740066125,0.481123224913938,-0.0387792684705775,0.00273238731218698
0.315340154149938,2.66295212339788,2.18217992502296,6.92008263554464,8.76794309075357,0.0183814217363845,0.480168911714152,-0.0387195686818072,0.00274023372287145
0.315757370537768,2.66444107650912,2.18308053349313,6.91379121182544,8.76471440979122,0.0182634735560071,0.479305280742444,-0.0387242185971723,0.00274808013355593
0.31605682757153,2.66587510115752,2.18395482010007,6.91000677593587,8.76559282126753,0.0181141337402958,0.478363131897415,-0.0386585001109196,0.0027559265442404
0.316474157674439,2.66727660639916,2.18480309423999,6.90357503530359,8.76208270029684,0.0180010537358872,0.477521646266779,-0.0386666904721164,0.00276377295492487
0.316875265081773,2.668640974953,2.18562566532837,6.89743222704475,8.7590221266435,0.0178855922998661,0.476678316755911,-0.0386666488464119,0.00277161936560935
0.317175107860455,2.66994948939429,2.18642283957127,6.89342506831657,8.75946767294915,0.0177441060116016,0.47577150520918,-0.038606611028166,0.00277946577629382
0.3175759254901,2.67123495951268,2.18719491783758,6.88715592802631,8.75614837941611,0.0176332052181247,0.474949250014965,-0.0386097945094942,0.0027873121869783
0.317860080780611,2.67246318572573,2.18794220200119,6.88335004706463,8.75688425599134,0.0174923977997951,0.474053996768467,-0.0385438301782315,0.00279515859766277
0.318260879096136,2.67366737737191,2.18866498679024,6.87695262140314,8.75330234480659,0.0173859822378114,0.473252405522555,-0.038550336289421,0.00280300500834725
0.318645053622128,2.67483002494676,2.18936356747854,6.8708537684531,8.75018848494347,0.0172771050875635,0.472448799578345,-0.0385483871897757,0.00281085141903172
0.31893141791506,2.67594307307925,2.19003823524775,6.86679992069961,8.750447376666,0.0171440855888467,0.4715879360382,-0.0384889911529865,0.00281869782971619
0.319315487249634,2.67703063578633,2.19068927723784,6.86057947300631,8.74708175245368,0.0170394928787289,0.470804217708548,-0.0384902477323316,0.00282654424040067
0.319587340881978,2.67806739056713,2.19131698095202,6.85670769969973,8.74760024975633,0.016907271486409,0.469954948286139,-0.0384255691414206,0.00283439065108514
0.319971452636068,2.67908098538388,2.19192162674194,6.85036620824736,8.74398316037345,0.0168068628407976,0.469190649712263,-0.0384300554152501,0.00284223706176962
0.32033868351716,2.68005580764566,2.19250349659324,6.84432948440894,8.74084706511207,0.0167039652195304,0.468424326238159,-0.038425955055957,0.00285008347245409
0.32061373271117,2.68098295494426,2.19306286611465,6.84020253146894,8.74087407079324,0.0165792384356338,0.467607880673081,-0.0383682132784589,0.00285792988313856
0.320980518201124,2.6818829848875,2.19360001009844,6.83405965692892,8.73751123509162,0.0164802360632066,0.466859995976757,-0.0383669895093494,0.00286577629382304
0.321242201794968,2.68273763084352,2.19411520140843,6.83009638568228,8.73776812793619,0.0163564081904664,0.466055107032772,-0.0383045780153576,0.00287362270450751
0.321608380248501,2.68356774898536,2.19460870686533,6.82385423280822,8.73418955639501,0.0162611366158977,0.465325054704156,-0.0383060741980132,0.00288146911519199
0.321858028664734,2.68435150297724,2.19508079509059,6.82002808566604,8.73463280456936,0.0161384955442868,0.464532359046316,-0.0382397784963388,0.00288931552587646
0.322224434371103,2.68511284757412,2.19553172729778,6.81367237584844,8.73081407888583,0.0160470382561731,0.463820129487901,-0.0382444304206555,0.00289716193656093
0.322572578162924,2.68584118737276,2.19596176643856,6.80765171963696,8.72753042251884,0.0159527818816078,0.463105177552951,-0.0382397069252586,0.00290500834724541
0.322827454655363,2.68652170314078,2.19637116929377,6.80354516823401,8.72743717329979,0.0158374611477999,0.462343764363728,-0.0381812583154764,0.00291285475792988
0.323175094813411,2.68717913124408,2.19676019198573,6.79743033185787,8.7239459838479,0.0157467017127453,0.461645630534088,-0.0381792043653135,0.00292070116861436
0.32341874757226,2.68779330414491,2.19712908849796,6.79344999320754,8.724021239953,0.0156325603894912,0.460896051320009,-0.0381172626334433,0.00292854757929883
0.323766085662728,2.68838472274838,2.19747810738948,6.78723993864703,8.7203203388516,0.0155452328514878,0.460214377319343,-0.0381179397561397,0.00293639398998331
0.323998629711656,2.6889332085727,2.19780749895308,6.78338516711947,8.72056370563341,0.0154322453549584,0.459476483666157,-0.0380525580663716,0.00294424040066778
0.32434527397142,2.68946117039592,2.198117505927,6.7770912121281,8.71667175713775,0.0153481454771352,0.458810584174353,-0.0380556794963173,0.00295208681135225
0.324567487754673,2.68994512646688,2.19840837364199,6.77334747497468,8.7170594043921,0.015236444438337,0.458084600363876,-0.0379872997937765,0.00295993322203673
0.324913494767955,2.69041133429002,2.19868034006204,6.7669714415287,8.71297913139956,0.0151554782445787,0.457434052082588,-0.0379928442477766,0.0029677796327212
0.325239807396938,2.69084481738096,2.19893364488722,6.76096097364717,8.70948992486353,0.0150714420972933,0.456780279140761,-0.0379882284098225,0.00297562604340568
0.325470686400263,2.69123598747744,2.19916852224235,6.75688660802412,8.70925285405161,0.0149670604288571,0.456084095281617,-0.0379293275160452,0.00298347245409015
0.325795738682547,2.69160704246917,2.19938520532926,6.75081022920416,8.70560312081431,0.0148859115065681,0.455444911754307,-0.037926730328342,0.00299131886477462
0.326017969947867,2.69193661361271,2.19958392536889,6.74681805337486,8.7054616359971,0.014782996454462,0.454760659230167,-0.0378657121277888,0.0029991652754591
0.326342630055772,2.69224969100488,2.19976490870273,6.74066060056817,8.70162539799811,0.0147048333159423,0.454136089575767,-0.0378655873510078,0.00300701168614357
0.326555430982483,2.69251919744605,2.19992838340152,6.73676863000795,8.70161051066058,0.0146031514903996,0.453463137575721,-0.0378019747913785,0.00301485809682805
0.326877313686623,2.69277585150034,2.20007456995686,6.73058201911827,8.69767565428001,0.0145273510311986,0.452851613061764,-0.037802890982701,0.00302270450751252
0.32708341836903,2.69298618640805,2.20020369204809,6.72673565361153,8.69769514143259,0.0144274544387731,0.452191073134139,-0.0377382454476029,0.003030550918197
0.327403914988182,2.69318698622995,2.20031596543784,6.72049375315889,8.69361716038804,0.0143542389439053,0.451592902900552,-0.0377409624269387,0.00303839732888147
0.327602635128625,2.69334019806058,2.20041160926053,6.71670912658134,8.69369872559066,0.0142559129037621,0.450944179077063,-0.0376748570026994,0.00304624373956594
0.327920640657322,2.69348174072313,2.20049083462653,6.71043710519599,8.68952032537506,0.0141849576491515,0.450358478842314,-0.0376786932910571,0.00305409015025042
0.328113120431177,2.69358415313753,2.20055385595973,6.7066926585196,8.68962756964252,0.0140883897583368,0.449721851707169,-0.0376117585791578,0.00306193656093489
0.328428706546582,2.69366764102154,2.20060088001051,6.70039139742003,8.68535021369347,0.0140196323823207,0.449148317028501,-0.0376167137850469,0.00306978297161937
0.328615192994483,2.6937176849402,2.20063211657738,6.69668403497804,8.68547808545348,0.0139248123318806,0.44852363155902,-0.0375490607069737,0.00307762938230384
0.328928295112947,2.69374732415114,2.20064776806422,6.69035714093421,8.68110790616307,0.0138581638832842,0.447961905897915,-0.0375550571363706,0.00308547579298831
0.329109336687753,2.6937429727793,2.20064803971319,6.68667763078714,8.68124084427929,0.0137651448290724,0.447349138106482,-0.0374869675931585,0.00309332220367279
0.32941941566555,2.69372299306685,2.20063312968053,6.68033827099846,8.67680036040072,0.0137004205217442,0.44679867295064,-0.0374936586315722,0.00310116861435726
0.329595708967653,2.69366519038469,2.2006032387983,6.67667441936957,8.67691767202915,0.0136092839434138,0.446197849540989,-0.0374254965917439,0.00310901502504174
0.329901613695494,2.69359779205063,2.20055856093627,6.67034797522217,8.67245044111405,0.0135461804032522,0.445657871437814,-0.0374321922026439,0.00311686143572621
0.330074466433468,2.69348738137587,2.20049929259414,6.66667530018621,8.67251028934833,0.0134571301748038,0.445069258773292,-0.0373646654033001,0.00312470784641068
0.330377004313913,2.69336802213382,2.20042562348845,6.66034740540744,8.66799184190574,0.0133957523753448,0.444539837484883,-0.0373717901626723,0.00313255425709516
0.330545829371932,2.69321210329433,2.20033774595297,6.65667980181088,8.66801808403489,0.0133086001757559,0.443962895960794,-0.0373045284505734,0.00314040066777963
0.33084385673262,2.69304111813348,2.20023584545897,6.65037539819623,8.66349141010443,0.0132486584424197,0.443443313345455,-0.0373114033006699,0.00314824707846411
0.331010172496176,2.692838997058,2.20012011033513,6.64668428086012,8.66343499724319,0.0131636442159485,0.442878361415527,-0.0372452274092445,0.00315609348914858
0.331303805638373,2.69261953826397,2.19999072180893,6.64040280965042,8.65889937456522,0.013105107617063,0.442368423386208,-0.0372518881626739,0.00316393989983306
0.331467171330238,2.69236822470288,2.1998478644291,6.63669906012325,8.65877899495718,0.0130220766260181,0.441814996687021,-0.0371865110734902,0.00317178631051753
0.331755507390681,2.69210666698346,2.19969171515232,6.63046028219187,8.65426873344185,0.0129647181476448,0.44131414321702,-0.0371924225076647,0.003179632721202
0.33191747270021,2.69180694444214,2.19952245477872,6.62671487850637,8.65403438536962,0.0128839076811457,0.440772528677746,-0.0371286754290122,0.00318747913188648
0.332199951948684,2.6915043529524,2.19934025616999,6.62053153008802,8.64957179767125,0.0128275735447639,0.440280354627468,-0.0371334990108897,0.00319532554257095
0.332360566571146,2.69115787032786,2.19914529636996,6.61674553951397,8.64922521815392,0.0127489245136515,0.439750266162116,-0.0370713688266298,0.00320317195325543
0.332636882868877,2.69080779621747,2.19893774432474,6.61062515184628,8.64482373644453,0.0126935159595426,0.43926648440509,-0.0370749108694789,0.0032110183639399
0.332796416098147,2.69042327331946,2.19871777322185,6.60679522634466,8.64435904917083,0.0126170124932017,0.438747717055051,-0.037014507732898,0.00321886477462437
0.333066091735121,2.69002593684787,2.19848554849069,6.60074862931135,8.6400378718862,0.0125624034689092,0.438272005266064,-0.0370164812284666,0.00322671118530885
0.333225443023426,2.6895968468789,2.19824123896163,6.59685892834746,8.63942756952559,0.0124881476236702,0.437764562266819,-0.0369582647746199,0.00323455759599332
0.333487340747971,2.68916139737359,2.19798500756392,6.59090987572154,8.63522834788961,0.0124340949788799,0.437296407591055,-0.0369580197988739,0.0032424040066778
0.333647259301087,2.68868898440879,2.197717017464,6.58694761068231,8.63445011942634,0.0123621563230512,0.43680021974842,-0.0369023636965427,0.00325025041736227
0.333787447861266,2.68820131586506,2.1974374303373,6.58334351521402,8.6342726688906,0.0122877122617844,0.436303416080064,-0.0368369768275832,0.00325809682804674
0.334061516435911,2.6877022314396,2.19714640338,6.57707127364224,8.62944446837134,0.0122388797011816,0.435854152410703,-0.0368465539595695,0.00326594323873122
0.334203006890128,2.68717092228715,2.19684409670434,6.5733822000787,8.62907808571977,0.0121668305402809,0.435368581748598,-0.0367840911820357,0.00327378964941569
0.334468117811791,2.68663811481668,2.19653066284505,6.56723480018224,8.62441958949037,0.0121182113743399,0.43492593050588,-0.0367907270839334,0.00328163606010017
0.334611362260802,2.68606482623921,2.19620625888438,6.56345392471346,8.62385217448634,0.0120485696323448,0.434451416568369,-0.0367313935852927,0.00328948247078464
0.334866963822821,2.68549178125846,2.19587103400172,6.55744301836703,8.61938441121889,0.0120000492653694,0.434015144786378,-0.0367347748839361,0.00329732888146912
0.335012109068056,2.6848854719359,2.19552514093887,6.55356950244705,8.61861424161764,0.0119327712330848,0.433551411272531,-0.0366786079013567,0.00330517529215359
0.335140040164519,2.68425732286256,2.19516872755653,6.55000436975221,8.61836097444977,0.0118634739157256,0.433087994928363,-0.0366141372160963,0.00331302170283806
0.335405381358564,2.6836252912794,2.19480193969856,6.54372905648826,8.6133650692217,0.0118193780951928,0.432668235135581,-0.0366257558942822,0.00332086811352254
0.335536217164483,2.68296556050769,2.19442492546667,6.54005383982423,8.61287899342564,0.0117525587224078,0.432215594221073,-0.0365649511939059,0.00332871452420701
0.335790071879487,2.68229540462173,2.19403782555883,6.53395680604358,8.60814747659487,0.0117081214225491,0.431801241373311,-0.036572183746806,0.00333656093489149
0.335924318392607,2.68159648023925,2.19364078536336,6.53016368645147,8.60741464239197,0.0116437994073451,0.431359198839168,-0.0365152773224284,0.00334440734557596
0.336165801032919,2.68089667678721,2.19323394314558,6.52426254070623,8.60297928822661,0.0115988711549494,0.430950038250912,-0.0365176402744804,0.00335225375626043
0.336304250527668,2.68016101014773,2.19281743827698,6.52033816056862,8.60197603262872,0.0115371098579487,0.430518461914322,-0.0364650188680065,0.00336010016694491
0.336426192456575,2.67941153832684,2.19239140953894,6.5167084451129,8.60146793990815,0.0114734737502232,0.430087512941755,-0.0364044965271977,0.00336794657762938
0.336675159074128,2.67866119976212,2.19195599017943,6.51059613726006,8.59659689075233,0.0114322803388838,0.429692872274571,-0.0364136689831835,0.00337579298831386
0.336801771416064,2.6778746813673,2.19151131781085,6.50682835959194,8.59580664056193,0.0113712216583279,0.429272216617238,-0.0363576303009869,0.00338363939899833
0.337036386144598,2.67709266291456,2.19105752288891,6.500952457842,8.59130404328798,0.0113291472607061,0.428882031072658,-0.0363608324360243,0.0033914858096828
0.337167819739273,2.67627739124354,2.19059473680159,6.49704571004298,8.59022965903298,0.0112706177699155,0.42847135958607,-0.0363093159095494,0.00339933222036728
0.33728459214729,2.67544260670539,2.19012309116876,6.49339798543879,8.58958951180973,0.0112105349685902,0.428061830350424,-0.0362509097504076,0.00340717863105175
0.337523399453369,2.67460974176343,2.1896427116022,6.48738047539341,8.58477296065634,0.0111714591093338,0.427684507713092,-0.0362590128132719,0.00341502504173623
0.337646135628063,2.67374741489714,2.18915372771244,6.48357406383566,8.58381417918891,0.0111140299619508,0.427284922479468,-0.0362056871121889,0.0034228714524207
0.337754664535074,2.67286969347168,2.18865626370429,6.48001787545116,8.58327502826572,0.011055123225641,0.42688659920253,-0.0361457337595504,0.00343071786310518
0.337996996005848,2.67198809624704,2.18815044219677,6.47387541325637,8.57817353176335,0.0110188214873883,0.426521443384601,-0.0361582860619395,0.00343856427378965
0.338112231422371,2.67108027430977,2.18763638876408,6.47014862361272,8.57729479998201,0.0109626200007174,0.426132894794912,-0.0361037514897836,0.00344641068447412
0.338337257667231,2.67017271005394,2.1871142224186,6.46430203252908,8.57266866265626,0.0109248901144501,0.425771263009851,-0.0361087215104002,0.0034542570951586
0.338458449986138,2.66923361019719,2.18658406267608,6.46042095496694,8.57147856835647,0.0108711995266392,0.425391983861236,-0.0360591638755468,0.00346210350584307
0.338566682483026,2.66828220534876,2.18604603026428,6.45676654959657,8.57066788255197,0.0108162384341318,0.425014265087884,-0.0360036415374512,0.00346994991652755
0.338792394807427,2.66733399172332,2.18550023963211,6.4508538949771,8.56586102312005,0.010780688268897,0.42466356398177,-0.0360114523953682,0.00347779632721202
0.33890788248386,2.66635181352504,2.18494680803664,6.44702268953776,8.56469932597144,0.0107283788078509,0.424295057781959,-0.0359615412919808,0.00348564273789649
0.339010955180782,2.66535801821963,2.18438585035148,6.44340785148559,8.56389957662691,0.010674883084677,0.423928216662823,-0.0359059631016204,0.00349348914858097
0.339235434325712,2.66437112990757,2.18381747757235,6.43746866217872,8.55898181624328,0.0106411227337916,0.423587662518549,-0.0359155267893507,0.00350133555926544
0.339346584922613,2.66334819816398,2.18324180349605,6.43366369516854,8.5578074403837,0.0105903378453674,0.423229851158294,-0.0358659370761777,0.00350918196994992
0.33944569572263,2.66231340994373,2.18265893852898,6.43006809640765,8.55698330985305,0.0105384237100064,0.422873774206456,-0.0358108834603772,0.00351702838063439
0.339667744063726,2.66128429236156,2.18206898999172,6.4241277781806,8.55199982494206,0.0105061888426152,0.42254277770472,-0.0358215069363551,0.00352487479131886
0.339775001426547,2.66022626553479,2.18147206799889,6.42034304713404,8.55080265953613,0.0104569257717965,0.422195401447462,-0.0357724193094238,0.00353272120200334
0.339871516510508,2.65915410888248,2.18086827905827,6.41674330773418,8.54991330244813,0.010406731066346,0.421849979738691,-0.0357185533400212,0.00354056761268781
0.340088957512658,2.65808418708694,2.1802577269601,6.41084539441112,8.54494149890709,0.0103756207315276,0.421527852203012,-0.0357290386001384,0.00354841402337229
0.340193705692235,2.65698815801979,2.17964051754115,6.40705715911458,8.54368004135676,0.0103280191370637,0.421190798742423,-0.0356811265276733,0.00355626043405676
0.340288587483399,2.65588213390613,2.17901675433461,6.40343765404977,8.54269817078454,0.0102796152221195,0.42085582923172,-0.0356288933457583,0.00356410684474124
0.340499798016075,2.65477550028972,2.17838653771185,6.39761477217969,8.53779646247417,0.0102493283781469,0.420542049965494,-0.0356383466872275,0.00357195325542571
0.340603185818009,2.65364306820994,2.17774996841152,6.39380387233119,8.53643715927044,0.0102034869877288,0.420215139608985,-0.0355921539630067,0.00357979966611018
0.340696235561912,2.65250048245183,2.17710714814134,6.3901708351741,8.53537410080468,0.0101567702482234,0.419890236718655,-0.0355413892559842,0.00358764607679466
0.341001567286011,2.6501970754558,2.17580314067818,6.38062504520177,8.52914961989927,0.0100828590359809,0.419267232118676,-0.0355043687831704,0.00360333889816361
0.341095658371178,2.64901903742188,2.17514214876814,6.37692710354339,8.52791462447212,0.0100381800222903,0.418952439757388,-0.0354565100991655,0.00361118530884808
0.3411803227181,2.64783267260015,2.1744752912847,6.37339010046416,8.52694656803582,0.00999275064985771,0.418639746968765,-0.0354045632609456,0.00361903171953255
0.341390944764377,2.64665432726045,2.17380266088428,6.3674877562573,8.52176069215819,0.00996626387151058,0.418346498780928,-0.0354187167880577,0.00362687813021703
0.341484766181,2.64544348635791,2.1731243522675,6.36375196636343,8.52040190039438,0.00992335346197084,0.418041264124558,-0.0353730189334907,0.0036347245409015
0.341570616033696,2.64422309412858,2.17244045728628,6.36015030365483,8.51926289234332,0.0098798996588014,0.417738295525242,-0.0353239782838919,0.00364257095158598
0.341648510834517,2.64299528641335,2.17175106549083,6.35668236980184,8.51834314315928,0.00983590176838005,0.417437589119602,-0.0352716158705778,0.00365041736227045
0.341862974507934,2.64177387558772,2.17105626557125,6.35066218766799,8.51286741845762,0.00981204116883973,0.417155840068654,-0.0352904759538305,0.00365826377295493
0.341950490201721,2.64052580199849,2.1703561488556,6.34698943573754,8.51154616155979,0.00977055561020056,0.416862277270651,-0.0352445270509684,0.0036661101836394
0.34203101686491,2.6392651436934,2.16965080162465,6.34343288954284,8.5104133718856,0.00972865555996658,0.416571044742582,-0.0351957405930625,0.00367395659432387
0.342103954854781,2.63799760205997,2.16894030983578,6.34000361310195,8.50948888866532,0.00968625524228383,0.416282084024925,-0.0351438184300367,0.00368180300500835
0.342319545852917,2.63673437284833,2.16822475814516,6.33392040978219,8.50382114328736,0.00966450783778583,0.416010899144023,-0.0351658736774515,0.00368964941569282
0.342402248558688,2.63544831914677,2.16750423396956,6.33028621480578,8.50249487691491,0.00962456566791624,0.415728719277622,-0.0351203654964667,0.0036974958263773
0.342478617008759,2.63415502571574,2.16677881918598,6.32675650851091,8.50133669927066,0.0095842895452614,0.41544888657322,-0.0350723500451341,0.00370534223706177
0.34254838442606,2.6328501728455,2.16604859602143,6.32333618986599,8.50035548336026,0.0095436415291803,0.415171381172189,-0.0350216990198456,0.00371318864774624
0.34276030492632,2.63154845304594,2.16531364517941,6.31728241006457,8.49466103218703,0.00952323100322268,0.414909765527416,-0.0350443984697103,0.00372103505843072
0.342840812760923,2.63022566600465,2.16457404994935,6.31364169428333,8.49325032064486,0.00948510178660199,0.414638752122932,-0.0350005902032917,0.00372888146911519
0.342914731118978,2.62889597375239,2.16382988875111,6.31011062630711,8.49201732518078,0.00944659212628726,0.414370012023434,-0.0349541341779314,0.00373672787979967
0.34298283080613,2.62756034063109,2.16308123984511,6.30667498650329,8.49093683316244,0.0094078064373026,0.414103611651683,-0.0349054311581709,0.00374457429048414
0.343188135706132,2.62622539062577,2.16232818013581,6.30070784844203,8.48531879913829,0.00938824396403464,0.413850901229202,-0.0349272052351513,0.00375242070116861
0.343266209655987,2.62486855802975,2.16157078900369,6.29706836326816,8.48383819328937,0.00935179892027107,0.413590557356402,-0.0348848872935959,0.00376026711185309
0.343339270885393,2.62350440320821,2.16080914162692,6.29351002014622,8.48248484553364,0.00931517702082079,0.413332559473396,-0.0348407128213197,0.00376811352253756
0.343406516783781,2.62213430914411,2.16004331252871,6.29004752955443,8.48128514882186,0.00927826672114392,0.41307683911788,-0.0347942798055179,0.00377595993322204
0.343600740147066,2.62077460618521,2.15927337552319,6.28425123472958,8.47589534814633,0.00925888971540171,0.412832423323095,-0.0348128111406051,0.00378380634390651
0.343678633017159,2.61938631257585,2.15849940413151,6.2805749230961,8.47427758421665,0.00922433707167162,0.412582431893277,-0.034773042193571,0.00379165275459098
0.343751036899462,2.61799043408737,2.15772147253598,6.27698898597665,8.47280394376799,0.00918953377324394,0.412334708110462,-0.0347311609947837,0.00379949916527546
0.343818924243434,2.61658800181429,2.15693965123777,6.27347565578034,8.4714427739965,0.00915460360538999,0.412089287039103,-0.0346876636674049,0.00380734557595993
0.343882201263643,2.61517983359802,2.15615401072759,6.27003666605745,8.47019728613942,0.00911953134886061,0.41184615413851,-0.0346425064243991,0.00381519198664441
0.344075422633952,2.61378184277158,2.15536462047096,6.26422138486758,8.46467956099922,0.00910204526383826,0.411612634837333,-0.0346634147999811,0.00382303839732888
0.344148966065548,2.61235943046607,2.15457155021243,6.26057830376296,8.46303337142419,0.00906920214384157,0.411374802223508,-0.0346246469966114,0.00383088480801336
0.344217844947731,2.61093070254933,2.1537748693963,6.25701107890949,8.46150579669163,0.00903620214582948,0.411139213077005,-0.0345841714119309,0.00383873121869783
0.344283044239375,2.60949317593243,2.15297464465205,6.25350182263148,8.46006490833295,0.00900316870528631,0.41090589114983,-0.0345424858419651,0.0038465776293823
0.344344384219253,2.60804947845554,2.15217094239242,6.25005384441546,8.4587167299405,0.00897007542000767,0.410674816765996,-0.0344995018446643,0.00385442404006678
0.344401744991453,2.60660077019834,2.15136382855048,6.24666936168941,8.45746533369282,0.00893690587200597,0.410445986004499,-0.034455161475279,0.00386227045075125
0.344600122613926,2.6051592252878,2.15055336734951,6.2407214223742,8.45159935420711,0.00892236683218882,0.410225048312141,-0.0344819483023384,0.00387011686143573
0.344667635596501,2.60369713977527,2.14973962525802,6.23713805196,8.44995664307001,0.00889132650775145,0.410001062189384,-0.034443842264706,0.0038779632721202
0.344731485418995,2.6022294015392,2.14892266536307,6.23361298940021,8.4484016029439,0.00886023902011129,0.409779266089387,-0.0344045163766085,0.00388580968280467
0.344792276630773,2.60075642292885,2.1481025500169,6.23013534702006,8.44691479558945,0.00882917771096861,0.409559662175117,-0.0343642734705141,0.00389365609348915
0.344849482852383,2.5992788626086,2.14727934121977,6.22671469146132,8.4455134727774,0.00879807313198576,0.40934222595613,-0.0343228519278463,0.00390150250417362
0.344903825518568,2.59779410885223,2.14645310033367,6.22333804824125,8.44417444507378,0.0087670156736527,0.409126975357871,-0.0342806117437312,0.0039093489148581
0.345098507901891,2.5963139422771,2.14562388711281,6.21742441066363,8.43826124125219,0.00875410210570275,0.408917355285122,-0.0343086759251435,0.00391719532554257
0.345162308582162,2.59481640344574,2.14479176334171,6.21386434733261,8.43655872378452,0.00872500282622322,0.408706492340204,-0.0342722366424331,0.00392504173622705
0.345223247907492,2.59331356432362,2.14395678787791,6.21034881304522,8.43491958489991,0.00869593891027672,0.408497746981128,-0.0342349579768004,0.00393288814691152
0.345281649891491,2.59180579206652,2.14311901884279,6.20687204059727,8.43333354407187,0.00866694696959949,0.408291106323908,-0.0341970003780682,0.00394073455759599
0.345337456450944,2.59029347561541,2.1422785138678,6.20343514394339,8.43180268145163,0.00863801677543597,0.408086556332106,-0.0341583345010008,0.00394858096828047
0.345390677295707,2.58877692397715,2.14143533002072,6.20003801720254,8.4303268861588,0.00860914711529676,0.40788408730917,-0.0341189646613402,0.00395642737896494
0.345442032278215,2.58725611428026,2.14058952376801,6.19666781616199,8.42888314739032,0.00858042586584108,0.407683702530779,-0.0340792454657004,0.00396427378964942
0.34563297494219,2.58574318621581,2.13974115003961,6.19078995688272,8.42291044705153,0.00856932021047378,0.407486466323662,-0.0341089125057888,0.00397212020033389
0.345692828559162,2.58420947374686,2.13889026546387,6.18725668790617,8.42113998692355,0.00854235037647653,0.407289991040255,-0.0340744248705833,0.00397996661101836
0.345749826350389,2.58267111948019,2.13803692441451,6.18376861380628,8.419434589861,0.00851539518151953,0.407095527044639,-0.0340390790812146,0.00398781302170284
0.345805535277283,2.5811281580479,2.13718118021195,6.1802977748701,8.41774401070731,0.00848864240422859,0.40690305746836,-0.0340036456727105,0.00399565943238731
0.345859366801415,2.57958096076183,2.13632308593754,6.17685478839199,8.41608742416961,0.00846201677912143,0.406712565577014,-0.0339678328291949,0.00400350584307179
0.345911144753445,2.57802980868079,2.13546269403694,6.17344288100063,8.41447070911501,0.0084354944041503,0.406524040774386,-0.0339315524536862,0.00401135225375626
0.345961675916258,2.57647467309247,2.13460005633165,6.1700477391847,8.41286816202611,0.00840917032017856,0.406337465622833,-0.0338951984230617,0.00401919866444073
0.346010204413963,2.57491593232289,2.13373522411019,6.1666829385107,8.41130429385566,0.00838295063882852,0.406152834378932,-0.0338583981182124,0.00402704507512521
0.346191206736905,2.57336948511648,2.1328682479941,6.16095442775071,8.40546303481323,0.00837302911604358,0.40596877468579,-0.033886911597444,0.00403489148580968
0.346248149565771,2.57180141816044,2.13199917716608,6.15743125223864,8.40358120789519,0.00834845976817034,0.405787567271432,-0.0338552054543501,0.00404273789649416
0.346301919670787,2.5702297322696,2.13112806282595,6.15395971484049,8.40177660179775,0.00832384564116981,0.405608268157676,-0.0338224622186615,0.00405058430717863
0.346355341894501,2.56865392239136,2.13025495313727,6.15048967192237,8.3999588791086,0.00829951946283595,0.405430810013694,-0.0337900606758511,0.00405843071786311
0.346406690833349,2.56707466221444,2.12937989638061,6.14705186917138,8.39818354009758,0.00827527276930824,0.405255207942716,-0.0337571559377315,0.00406627712854758
0.346457289469092,2.56549173359865,2.12850294002531,6.14362290742102,8.39640844963785,0.0082512594598033,0.405081419906216,-0.0337243907839903,0.00407412353923205
0.346506470580011,2.56390537689904,2.1276241311765,6.14021471984379,8.39465519039698,0.00822739760872297,0.404909445703612,-0.033691437455104,0.00408196994991653
0.346554910406403,2.56231553399558,2.12674351628222,6.13681541487381,8.39290237003215,0.00820376424220807,0.404739254996505,-0.0336586221349169,0.004089816360601
0.3466019789291,2.56072199321101,2.12586114133007,6.13343624839755,8.39117035513007,0.00818028219444932,0.404570849024097,-0.033625635889583,0.00409766277128548
0.346648567866355,2.55912465480368,2.12497705171382,6.13006153405794,8.38943089809914,0.00815705389112183,0.404404191486829,-0.0335929085445366,0.00410550918196995
0.346694204771774,2.55752429976597,2.1240912922841,6.1266997343736,8.38769932555637,0.0081340207053079,0.404239279363268,-0.033560207753487,0.00411335559265442
0.346739080705892,2.55592093448722,2.12320390739664,6.12334757038121,8.38596977584313,0.0081112026182133,0.404076094867188,-0.033527623006325,0.0041212020033389
0.346783298445898,2.55431466486965,2.12231494080346,6.12000332863366,8.38423921050479,0.00808860846012264,0.403914618055643,-0.0334952007825117,0.00412904841402337
0.346964403168482,2.55271750004796,2.12142443536559,6.1142423141761,8.37812530277453,0.00808218785809009,0.403749768932436,-0.0335293410728776,0.00413689482470785
0.347012874787303,2.55110483462907,2.12053243424656,6.11081774861038,8.37621844777343,0.00806063744322027,0.403591188407752,-0.0334998513784137,0.00414474123539232
0.347061430533344,2.54948916008321,2.11963897965982,6.10738847126424,8.37428786719473,0.00803938495851768,0.403434221202518,-0.0334708671778914,0.00415258764607679
0.347108240409361,2.54787088516634,2.11874411357968,6.10398678833135,8.37239200910444,0.00801821848444914,0.403278936980832,-0.033441502536125,0.00416043405676127
0.347154870834607,2.54624984010329,2.11784787687142,6.10058522808519,8.37048127160305,0.00799731410963688,0.403125248240026,-0.0334125099169601,0.00416828046744574
0.347200590171182,2.54462626716133,2.11695031031843,6.09719675094647,8.36857913921451,0.00797658557665795,0.402973175007483,-0.0333835337603126,0.00417612687813022
0.34724645411603,2.54300000211422,2.11605145397117,6.09380291400789,8.36665231508691,0.00795615007847565,0.402822649561368,-0.0333550785005572,0.00418397328881469
0.34729114842213,2.54137148258008,2.11515134764664,6.09042688607684,8.36474275055593,0.00793585575380877,0.402673724942276,-0.0333265093207711,0.00419181969949917
0.347335066400919,2.53974066540936,2.11425003050619,6.08706184611309,8.36283816745062,0.00791574459303427,0.402526367202475,-0.0332980125339548,0.00419966611018364
0.347378437953844,2.53810762165508,2.11334754125407,6.08370385249664,8.36093149051721,0.00789584003528338,0.402380550532125,-0.0332696954703528,0.00420751252086811
0.347422289659092,2.53647201900955,2.11244391810248,6.0803350302461,8.35899042817871,0.00787625523732489,0.402236203460793,-0.0332420462305229,0.00421535893155259
0.347465487774052,2.53483423300683,2.11153919890576,6.07697533482474,8.35705113496402,0.00785685934994152,0.402093373292214,-0.0332145184330033,0.00422320534223706
0.347507852303797,2.53319453219817,2.11063342101671,6.07362799725044,8.35511951372285,0.00783762977999762,0.401952058227865,-0.0331870232723227,0.00423105175292154
0.34755041267751,2.53155267217271,2.10972662122858,6.07027511483978,8.35316321345956,0.00781867935412215,0.401812182427575,-0.0331600493012207,0.00423889816360601
0.347591869874258,2.52990913960232,2.10881883604666,6.06693947361175,8.35122353170963,0.00779986005501462,0.401673811729836,-0.0331329734101053,0.00424674457429048
0.347633491253346,2.52826361716923,2.10791010139432,6.06359903297733,8.34926061970867,0.00778131113266016,0.401536854119533,-0.0331063969543506,0.00425459098497496
0.34767476021674,2.52661633850919,2.10700045283594,6.06026290640839,8.34729102606898,0.00776297226686813,0.401401328002559,-0.033080070338302,0.00426243739565943
0.3477162449221,2.52496724094394,2.10608992541064,6.05692128615525,8.34529703794684,0.00774490361244385,0.40126717920429,-0.0330542605331314,0.00427028380634391
0.347757153802342,2.5233165783698,2.10517855382422,6.05358805938685,8.34330385510648,0.00772701503668068,0.401134448953241,-0.0330285878222163,0.00427813021702838
0.347797761121976,2.52166439916691,2.10426637233289,6.05025853399586,8.34130303088303,0.00770933436181553,0.40100310458103,-0.0330031795972632,0.00428597662771285
0.347837605463987,2.52001084501626,2.10335341474506,6.04694081865978,8.33930930814652,0.00769180852727165,0.400873167756166,-0.0329778140507832,0.00429382303839733
0.347877826216974,2.51835550191686,2.10243971440699,6.04361518890164,8.33728699897422,0.00767456033310246,0.40074454074374,-0.032953028415052,0.0043016694490818
0.347918026109032,2.51669874084348,2.10152530433343,6.04028865027779,8.33524884231122,0.00765754335260439,0.400617237823305,-0.0329286308473299,0.00430951585976628
0.347957230366786,2.51504086026216,2.10061021714097,6.03697820828925,8.3332257104408,0.00764064875577295,0.40049132281769,-0.0329041571145513,0.00431736227045075
0.347996245004615,2.5133817775542,2.09969448497158,6.03366994647811,8.33119243349409,0.00762396237744409,0.40036672063304,-0.0328799859280664,0.00432520868113523
0.348035498286202,2.51172091875708,2.09877813955667,6.03035652941003,8.32913576028221,0.00760752840776896,0.400243383314573,-0.0328563164234006,0.0043330550918197
0.348073751288785,2.51005814442342,2.09786121237101,6.02705950851918,8.32709481586521,0.00759121005195036,0.400121400940898,-0.0328325607127921,0.00434090150250417
0.348111994901491,2.50839420964546,2.09694373434334,6.02376179234138,8.32503866183372,0.00757511247556019,0.400000678402284,-0.0328091837694794,0.00434874791318865
0.348149837033775,2.50672928297673,2.09602573609106,6.02047024910058,8.32297980316866,0.00755919113962993,0.399881237596911,-0.0327859977988878,0.00435659432387312
0.348186982353702,2.50506354837744,2.09510724789652,6.01719005614124,8.32092768419137,0.00754341225824982,0.399763093987402,-0.0327628611561517,0.0043644407345576
0.348224169358528,2.50339666233117,2.09418829952525,6.01390852157966,8.3188593324901,0.00752785301203083,0.399646169578138,-0.0327401187485795,0.00437228714524207
0.34826023710511,2.50172901283452,2.09326892062488,6.01064576887973,8.31681131096232,0.00751238735408859,0.399530561945078,-0.032717222033265,0.00438013355592654
0.348296418283101,2.50006047427906,2.09234914016172,6.00738058253883,8.31474517692017,0.00749714455640902,0.3994161426367,-0.0326947478802545,0.00438797996661102
0.348332070682748,2.49839122631569,2.0914289869951,6.0041241189644,8.312681225856,0.00748205514445615,0.3993029675008,-0.0326723919001789,0.00439582637729549
0.348367167135765,2.49672133103171,2.09050848954527,6.00087691022433,8.31062047710359,0.00746711359788186,0.399191024726066,-0.032650138940811,0.00440367278797997
0.348264600220285,2.49503763593112,2.08958767599307,6.00000021440985,8.31285094529427,0.00743772287146017,0.399093623546985,-0.0325638401424178,0.00441151919866444
0.348303967918292,2.49336678771418,2.08866657306278,5.99667751575188,8.31062662145976,0.00742367757621686,0.398983796759897,-0.0325443514578844,0.00441936560934891
0.348342964250575,2.49169545599971,2.08774520871613,5.99336120713018,8.30840040316525,0.00740979134227281,0.398875136823865,-0.0325250410873963,0.00442721202003339
0.348381795318201,2.49002391500981,2.0868236099262,5.99004780953082,8.30616602691926,0.00739608375682633,0.398767610575375,-0.0325060027577132,0.00443505843071786
0.348419669053226,2.48835010889682,2.08590180334896,5.98675100351555,8.30394837603514,0.00738246906100931,0.39866128812487,-0.0324868645908298,0.00444290484140234
0.348457114510912,2.48667558091168,2.08497981526539,5.98346174734253,8.30173109343972,0.00736900168814708,0.398556107328061,-0.0324678712492243,0.00445075125208681
0.348493933390182,2.48500107969782,2.0840576716399,5.98018350381596,8.29952051871675,0.00735565856994918,0.398452077005134,-0.0324489280940161,0.00445859766277129
0.348530375836953,2.48332656587261,2.08313539813438,5.97691203566399,8.29730901106903,0.0073424649080707,0.398349164976305,-0.0324301494036294,0.00446644407345576
0.348565105355247,2.48165246416721,2.08221302009785,5.97367030751893,8.2951383324033,0.00732927856720393,0.398247504317456,-0.0324109114282858,0.00447429048414023
0.348599814985942,2.47997796613624,2.08129056257073,5.97042933787748,8.2929559046818,0.00731627649218649,0.3981469100393,-0.0323919997768347,0.00448213689482471
0.348633546057905,2.47830359100954,2.08036805025557,5.96720560536662,8.29079171289008,0.00730335634874691,0.398047475618257,-0.0323729666638374,0.00448998330550918
0.348665747152699,2.47662944995359,2.07944550775386,5.964008580525,8.2886630247931,0.0072904607242255,0.397949263760069,-0.0323535544674536,0.00449782971619366
0.348697330767977,2.47495531923919,2.07852295915269,5.96082268417403,8.28654159415691,0.00727768335777964,0.397852165468244,-0.0323341851374641,0.00450567612687813
0.348629500747978,2.47159278865189,2.07667793762247,5.9566902203256,8.28633151112115,0.00723911987880398,0.397676438569432,-0.0322358216080051,0.00452136894824708
0.348667688699794,2.46991571431882,2.07575551073757,5.95339223567919,8.28396817673575,0.00722759024007833,0.397581804707911,-0.0322205184942991,0.00452921535893155
0.348704477962568,2.46823969106727,2.07483317061581,5.95011908862991,8.2816371380088,0.00721608652805321,0.397488311782949,-0.0322048846948781,0.00453706176961603
0.348740226931404,2.46656455754629,2.07391093977347,5.94686468498915,8.27932738366867,0.00720464468087283,0.397395911435908,-0.0321890843293816,0.0045449081803005
0.348774419695161,2.46489039455306,2.07298884052635,5.94363784574053,8.27705500542964,0.00719321078192354,0.397304662030915,-0.032172877852881,0.00455275459098498
0.348807316789516,2.46321705994412,2.07206689492767,5.94043414570353,8.27481202528967,0.00718181127571134,0.397214530481256,-0.03215638421557,0.00456060100166945
0.34883868672904,2.46154446052643,2.07114512484414,5.93725754521286,8.27260570640685,0.00717042237514157,0.397125545752105,-0.0321394954052332,0.00456844741235392
0.348868472915004,2.45987215153391,2.07022355196572,5.9341090201352,8.27043788966042,0.00715903860463752,0.397037717485761,-0.0321221841886755,0.0045762938230384
0.348758745049638,2.45818483841548,2.06930219780604,5.93333422366662,8.27257524470793,0.00713359926622565,0.396968707603988,-0.0320410438789025,0.00458414023372287
0.348797842639351,2.45650935725979,2.06838108135053,5.93002831009246,8.27009677202381,0.00712352467046184,0.396881756196316,-0.0320286563612154,0.00459198664440735
0.348835095645451,2.45483570175764,2.06746022422008,5.92675522052806,8.26766548661852,0.00711341854593508,0.396795939747666,-0.0320157180742071,0.00459983305509182
0.348870665063824,2.45316354100436,2.06653964668619,5.92351221707942,8.26527647977799,0.00710329603846233,0.396711230475026,-0.0320023019275927,0.00460767946577629
0.348904726138477,2.45149251171841,2.06561936883466,5.92029632758495,8.26292441451824,0.00709317449835729,0.396627603214728,-0.0319884872195715,0.00461552587646077
0.348935988496944,2.44982308703386,2.06469941063637,5.91712944121972,8.26064916337096,0.00708292408168735,0.396545234517262,-0.031973681515941,0.00462337228714524
0.348965384777391,2.44815467771434,2.06377979191636,5.9139957197556,8.25842200248529,0.00707263994233887,0.396464005326343,-0.0319583116956439,0.00463121869782972
0.34899316384536,2.44648693250543,2.06286053241405,5.91089094607053,8.25623533275076,0.00706234873915064,0.396383891738905,-0.0319424907838116,0.00463906510851419
0.348889169712,2.44479879297308,2.0619416502442,5.9100190812638,8.25809986330848,0.00703896853969975,0.39632287228416,-0.031866737942859,0.00464691151919866
0.348927053526491,2.44312899578644,2.06102316373915,5.90674510018375,8.25558158810101,0.00703002397328233,0.396243267497294,-0.0318561386210238,0.00465475792988314
0.348962353970629,2.4414615724527,2.06010509191231,5.90351672170834,8.2531341330835,0.00702096332000461,0.396164846482909,-0.0318446392849972,0.00466260434056761
0.348995246406051,2.4397961669841,2.05918745309167,5.90033094804918,8.25075212468199,0.00701180429661074,0.396087585538511,-0.0318323194144759,0.00467045075125209
0.349025338092392,2.43813254946241,2.05827026558442,5.89719438947888,8.24844766569059,0.00700250923604783,0.396011549990202,-0.0318189993679989,0.00467829716193656
0.349053477324944,2.43646923315098,2.05735354759363,5.89409268562702,8.24619471404815,0.00699316435903586,0.39593662814213,-0.0318050653708404,0.00468614357262104
0.348942464288386,2.43478601728465,2.05643731719246,5.8933421055137,8.24820907321232,0.00697011652746292,0.395882784930464,-0.0317280963109417,0.00469398998330551
0.348981631598681,2.43312104073433,2.05552158959689,5.89005667771271,8.24559862429503,0.00696218669526058,0.395808083680678,-0.0317197546822236,0.00470183639398998
0.349017566193969,2.43145907491739,2.05460638289238,5.8868280049564,8.24307954796087,0.0069540691066595,0.395734626445912,-0.0317102104810642,0.00470968280467446
0.349050245811142,2.42979973831495,2.05369171399205,5.88365640373514,8.2406525075957,0.00694576189919243,0.395662418213816,-0.0316994533484899,0.00471752921535893
0.349081139353971,2.4281414119323,2.05277759971124,5.8805170726503,8.23827246791856,0.00693741200104549,0.395591248761852,-0.0316881498862169,0.00472537562604341
0.349106642473386,2.42648107685992,2.05186405753024,5.87747068630086,8.2360499145876,0.00692866883337966,0.395521692193719,-0.0316746636087789,0.00473322203672788
0.348998176667235,2.42480493559529,2.05095110315648,5.87668142780022,8.23792467117643,0.00690685699643216,0.395473348530264,-0.0316007463026573,0.00474106844741235
0.349036475765773,2.42314744560324,2.05003875105861,5.87342267469581,8.23529293935567,0.00689967387095323,0.395403559701098,-0.0315936073961093,0.00474891485809683
0.349071071854323,2.42149278428929,2.04912701783111,5.87022868135654,8.23276743048109,0.00689225128560487,0.39533506212626,-0.0315850478912869,0.0047567612687813
0.349102163694042,2.4198399443416,2.0482159191843,5.86709603146254,8.23034202431361,0.00688461047560261,0.395267834425654,-0.0315751575521695,0.00476460767946578
0.349128971352912,2.4181851500599,2.04730547116159,5.8640377601093,8.22804053920134,0.00687667932432157,0.395202023583393,-0.0315635835779421,0.00477245409015025
0.349015482935498,2.41651622560682,2.04639568958325,5.86333784499025,8.23002106613354,0.00685514976417226,0.395159133896658,-0.0314889264123356,0.00478030050083472
0.349054926656751,2.41486420091047,2.04548658693039,5.86007081040816,8.22731739840854,0.00684874369102099,0.395092983234767,-0.0314835842207119,0.0047881469115192
0.349090316404012,2.41321593675949,2.04457817895937,5.85687451895148,8.22473104983612,0.00684205938459006,0.395028160600308,-0.0314766596256349,0.00479599332220367
0.349121563765177,2.41156783144313,2.04367048029121,5.85375036205385,8.22226465384688,0.00683508998040806,0.394964689432814,-0.0314681126341486,0.00480383973288815
0.349148511519015,2.40991964486982,2.04276350596668,5.85070088679279,8.21992295173759,0.00682782474674054,0.394902621309747,-0.0314578723734212,0.00481168614357262
0.349034944123381,2.40825794676021,2.04185727101231,5.85000815932783,8.2218608245931,0.00680703398702691,0.39486424240164,-0.031384654205551,0.0048195325542571
0.349074378590257,2.40661347309509,2.04095178665865,5.84675333349033,8.21912354456121,0.00680125827312825,0.394801719469227,-0.0313805385127892,0.00482737896494157
0.349109148457724,2.40497250815253,2.04004706770964,5.84357951294617,8.21652247605267,0.00679514136442661,0.394740610096746,-0.0313745633843694,0.00483522537562604
0.349138966119639,2.40332930903168,2.03914312796799,5.84049139696782,8.21406628348032,0.0067886583195264,0.394680977542103,-0.0313665995352376,0.00484307178631052
0.349163438783707,2.40168879594477,2.03823998202221,5.83749544088096,8.21176683490347,0.00678177885297042,0.394622931434795,-0.0313564707059157,0.00485091819699499
0.34905646598971,2.40003488792101,2.03733764228805,5.83669933319072,8.21346186728535,0.00676233943838459,0.394587747533916,-0.0312876277218286,0.00485876460767947
0.349094477932913,2.39839960509966,2.03643612043575,5.83348133288747,8.21073679912496,0.00675702614729238,0.394528912115067,-0.0312840597952301,0.00486661101836394
0.349126082763297,2.39676284830301,2.03553543006348,5.83037341109671,8.20820108288627,0.0067512019220973,0.394471781784447,-0.0312778502961325,0.00487445742904841
0.349153537975688,2.39512780890559,2.03463558442228,5.82733772717478,8.20578598940489,0.00674508937694554,0.394416001375906,-0.0312700106845503,0.00488230383973289
0.34903896982234,2.3934811823635,2.03373659730889,5.82667487915193,8.20768019219606,0.0067254613548511,0.394385419954522,-0.0311988770147392,0.00489015025041736
0.349078829628493,2.39185183369403,2.03283847796455,5.82343672954329,8.20487551372562,0.0067207956368736,0.39432896401378,-0.0311970565031234,0.00489799666110184
0.349112763707078,2.39022102394766,2.03194123957073,5.82030063293711,8.20224571820411,0.00671566458590076,0.394274135796613,-0.0311928106177545,0.00490584307178631
0.349140927615504,2.38859262620687,2.03104489458896,5.81726384374414,8.19978594239057,0.00671008129894387,0.394220895417996,-0.0311862087756024,0.00491368948247079
0.34902267175978,2.38695366889751,2.03014945659199,5.81666929072524,8.20176171614606,0.00669062655205056,0.394194172428832,-0.0311145115523486,0.00492153589315526
0.349063867090831,2.38533093233047,2.02925493384397,5.8134201937204,8.19889481953906,0.00668653933595034,0.394140066904646,-0.0311141783103199,0.00492938230383973
0.349098962280308,2.38370587079868,2.02836133885699,5.81027604782258,8.19620821926923,0.00668196542962146,0.394087601035232,-0.0311113425819943,0.00493722871452421
0.349126633425353,2.38208484951892,2.02746868345873,5.80725871173681,8.19374182971846,0.0066767845399367,0.39403704221608,-0.0311054142233322,0.00494507512520868
0.349008460362807,2.38045368084501,2.02657698051184,5.80667006870018,8.19568630095617,0.00665784871132561,0.394013423803116,-0.0310348053434562,0.00495292153589316
0.349049869319082,2.37883725074876,2.02568623770759,5.80342929696334,8.19279288222675,0.00665421418183136,0.393961759281418,-0.0310354313574592,0.00496076794657763
0.349084479362697,2.37721912354707,2.02479646683754,5.8003050451687,8.19010095963636,0.00665002524880094,0.393911861057038,-0.0310332451132499,0.0049686143572621
0.349111800682104,2.37560577875349,2.02390767923321,5.79730526232239,8.18762514585879,0.00664524194687855,0.393863852801961,-0.0310280285561749,0.00497646076794658
0.349037173751175,2.37237152998528,2.02213309709707,5.79346055139281,8.18656590898162,0.00662378491950517,0.393793581347163,-0.0309608511705841,0.00499215358931553
0.34906989269261,2.3707621839253,2.02124732086341,5.79037998743509,8.18391258162288,0.00661983180406738,0.393746418766023,-0.0309586666636522,0.005
