C,Mb,M,R,Rp,kl,hl,jl,rhoc
0.0212340064927452,0.221447628974492,0.220002302337003,10.3608474647575,10.5833338275933,0.0303046051219754,1.00136904211405,-0.000710234077204336,0.000448580968280467
0.0216986577167842,0.224730249141572,0.223209567172065,10.2867914727928,10.5108557095945,0.0313912675160943,1.0023861199235,-0.000747881533804321,0.000453422370617696
0.0226459615301771,0.231452025771173,0.229772379491725,10.1462849870843,10.3736308976131,0.0335888017616808,1.00444130003557,-0.000827120055338575,0.000463105175292154
0.0236210660969866,0.238390854415251,0.236539882779302,10.0139376355023,10.2447024311326,0.0358373270963879,1.0065551477666,-0.000912005079461722,0.000472787979966611
0.0246252305820128,0.245555030213747,0.243520261989619,9.88905509650317,10.1233742065236,0.0381357452518615,1.0087242675601,-0.00100322226643394,0.000482470784641068
0.0251373567670159,0.249224466160381,0.247092773065612,9.82970386885846,10.0658630574215,0.0392937339843187,1.00981163133951,-0.00105101180136233,0.000487312186978297
0.0261848484739941,0.256743956011654,0.254407284246267,9.71582037218721,9.95575962008587,0.0416450704257349,1.01202250401024,-0.00115150850546329,0.000496994991652755
0.0267190326747298,0.26059602292647,0.258151171826286,9.66169602653461,9.90358970339005,0.0428263957981591,1.0131243262481,-0.00120401710250081,0.000501836393989983
0.0272608824423296,0.264510783567898,0.261954042574617,9.60915491744557,9.85304034044767,0.0440152443379403,1.01423016921502,-0.0012582915486902,0.000506677796327212
0.0295099623800608,0.280819437789041,0.277772822335503,9.41284908323663,9.66504704296803,0.04886198792133,1.01872115455087,-0.00149356806199548,0.000526043405676127
0.0306809709080092,0.289374783337964,0.286055912138928,9.32356127179319,9.58015799501372,0.0513038339556245,1.02094096012458,-0.00162167248572415,0.000535726210350584
0.0312794069674761,0.293754425130293,0.290292271387938,9.28061940847471,9.53946391988165,0.0525371741006405,1.02205875615845,-0.00168883324351497,0.000540567612687813
0.0318835378547754,0.298202354074117,0.294592224284529,9.2396341217324,9.50078719211653,0.0537531237161905,1.02313482742359,-0.00175736989851425,0.000545409015025042
0.0331180623863152,0.307306337022421,0.303383858094601,9.1606765684445,9.42653943778101,0.0562074037940025,1.02529881895076,-0.00190048163955293,0.000555091819699499
0.0337471620331397,0.311962178048243,0.30787592472598,9.12301675689489,9.39129313687721,0.057433301964695,1.0263640314932,-0.00197508095430122,0.000559933222036728
0.0343857083534257,0.316688318573243,0.312432355200485,9.08611077571006,9.35682457385335,0.0586709435406554,1.02744157649771,-0.00205195234914514,0.000564774624373957
0.0350295959227527,0.321484807400355,0.317053252001539,9.05101082812102,9.32422502835261,0.0598847059042605,1.02846539440492,-0.00212995599289763,0.000569616026711185
0.0356837192835592,0.326351061181383,0.321738680542481,9.01639983169347,9.29213020756345,0.0611156652626247,1.02951194335172,-0.00221086187924742,0.000574457429048414
0.0363418430008003,0.331288538207003,0.326488668949271,8.98382255798312,9.26214398758535,0.0623102449634719,1.03048141647746,-0.00229232152122299,0.000579298831385643
0.0370110748693472,0.336296376904807,0.33130320761419,8.95146138780685,9.23238059136017,0.0635286398277422,1.03148638729223,-0.00237696382727607,0.000584140233722871
0.0383686669543958,0.346524412036296,0.341125707689208,8.89073649847317,9.17700436989274,0.0659139732797238,1.03337328333221,-0.00255086456464335,0.000593823038397329
0.0390603960971264,0.351744691361594,0.346133459690793,8.86149384737697,9.15047954753208,0.0671091294373186,1.0343085234316,-0.00264133271100252,0.000598664440734558
0.0397590457832572,0.357035708704099,0.351205342902451,8.83334436185955,9.12509213997186,0.0682910326933186,1.03521040724771,-0.00273353535669362,0.000603505843071786
0.0404664821888711,0.36239752177166,0.356341153849293,8.80583471985842,9.1003705087084,0.0694753754890193,1.03610879573231,-0.00282831097482996,0.000608347245409015
0.0411775451921072,0.367830086539446,0.361540564009617,8.78004170289674,9.07743898497926,0.0706180195551253,1.03692004497003,-0.00292357874034387,0.000613188647746244
0.0426247179287751,0.378905517308225,0.372128285340315,8.73034012710964,9.03354310499624,0.0728996749460331,1.03851248538595,-0.00312135052961643,0.000622871452420701
0.0441025602106661,0.390258720808297,0.382964315602829,8.68349396891045,8.99263048847515,0.0751542726814616,1.04002453033873,-0.00332782246971905,0.000632554257095159
0.0456060483801201,0.401886087785372,0.394043871056478,8.64016693075833,8.95540114502043,0.077340957263597,1.04137967116083,-0.00354137035607901,0.000642237061769616
0.0463700538500383,0.407801122164569,0.399673318581143,8.61921187052521,8.93752844979967,0.0784320299975262,1.04204370241337,-0.00365199021307075,0.000647078464106845
0.0479115650760943,0.419831536926531,0.411107942565433,8.58055757336462,8.9052009314278,0.0805189080062958,1.04317047287966,-0.00387627838057705,0.000656761268781302
0.0486934921749644,0.425945282082652,0.416911572579711,8.56195672065732,8.88980042745982,0.0815528528082596,1.04370745900331,-0.00399199344546109,0.000661602671118531
0.0494811062669712,0.432123943091837,0.422771661744438,8.54410286349316,8.87518581935882,0.0825665178564921,1.04420012777266,-0.00410926254371363,0.00066644407345576
0.0502740082190307,0.438366566542806,0.428687355071637,8.52701764307231,8.86138077648383,0.0835571125966756,1.044643169608,-0.00422808226970149,0.000671285475792988
0.0518788041403404,0.451041229475537,0.440681978125899,8.49445135500396,8.8354621295088,0.0854978725622924,1.04543752910638,-0.00447171984244324,0.000680968280467446
0.0526895520326362,0.45747120779598,0.446759044255536,8.47908222827194,8.82346766759168,0.086439902302984,1.04577337862477,-0.00459616546414076,0.000685809682804675
0.0535053063612654,0.463962402036115,0.452887989013092,8.46435652485031,8.81215340548386,0.0873596467171083,1.04606199316693,-0.00472198130677344,0.000690651085141903
0.0551511221128344,0.477122850414395,0.465297473463494,8.4367725558065,8.79150201282183,0.0891294951922702,1.04649257164468,-0.00497805597105372,0.000700333889816361
0.0559824823524196,0.483790685917045,0.471575925999471,8.42363371868394,8.78186872902924,0.0899919341150442,1.04665936533663,-0.00510890950917042,0.000705175292153589
0.0568197007610629,0.490515562538409,0.477902087420128,8.41085188797091,8.77261413304305,0.0908422706780141,1.04679993238923,-0.00524180478066503,0.000710016694490818
0.0585072618510163,0.504132014415384,0.490693414127999,8.38688051027765,8.7557963597004,0.0924744692666848,1.04693929520421,-0.00551176214286793,0.000719699499165276
0.0593585476427541,0.511022121306443,0.497156570773117,8.37548407965141,8.74801423484769,0.0932654555213183,1.04695661157832,-0.00564941417045234,0.000724540901502504
0.0602123887529374,0.517965521130353,0.503663360550799,8.36477959074873,8.74096941847719,0.094021828120133,1.04690349490987,-0.00578756887368741,0.000729382303839733
0.0610710879683272,0.524961034543358,0.510212743966988,8.35440731351627,8.73427926228857,0.0947624954857442,1.04681790481528,-0.00592747930469657,0.000734223706176962
0.06280104150726,0.539104893802036,0.523435068391652,8.33481508950996,8.72213040950005,0.09618461470814,1.046525768539,-0.00621170674424454,0.000743906510851419
0.0636719224479552,0.546251034232502,0.530105867265515,8.32558287679814,8.71665947697806,0.0968650701455616,1.04631753410918,-0.00635591946399403,0.000748747913188648
0.0645436772188596,0.553445592374974,0.536814977106079,8.31708077749903,8.71197104121322,0.097503421474829,1.04602411664056,-0.00649989596743685,0.000753589315525877
0.0654227125496807,0.560687450501466,0.543561299804482,8.30844944546915,8.70714488006723,0.0981489096312837,1.04574532861041,-0.00664711810055138,0.000758430717863105
0.0663039341349316,0.567975119202404,0.550343727928808,8.30031784854324,8.70285531085109,0.0987642314596599,1.04540580473662,-0.00679485065195416,0.000763272120200334
0.0689671691342005,0.590104853735043,0.57089644432257,8.27780016911648,8.69200761255979,0.1004875100863,1.04414216064896,-0.00724537378928067,0.00077779632721202
0.0698597198555719,0.597566348821513,0.577812057128643,8.27103312643127,8.68918867184109,0.101012071099065,1.04362130120083,-0.00739713554254145,0.000782637729549249
0.0707554053312751,0.605068523402289,0.584758122972578,8.2645010686428,8.68662410448951,0.101518827973379,1.04306538089485,-0.00755013803116542,0.000787479131886478
0.0716546482807117,0.612610212020545,0.591733493617563,8.25813129804795,8.68423555046662,0.102011776873977,1.04248277872047,-0.00770464653265336,0.000792320534223706
0.0725553591974283,0.62019012907171,0.598737016677309,8.25214048004507,8.68225729410881,0.102477042451739,1.04184503852529,-0.00785959164048148,0.000797161936560935
0.0734538828466254,0.62780728050423,0.60576753627765,8.24690966361189,8.68110265348221,0.102890403817193,1.0411021144626,-0.00801287455461152,0.000802003338898164
0.074363484168474,0.635460983518234,0.612823893855188,8.24092497423611,8.67913277568662,0.103345643429566,1.04044802310899,-0.00817194450130766,0.000806844741235392
0.0761806245580958,0.650871367887611,0.627009479105843,8.23056364716047,8.67693791784045,0.104139061513539,1.03890487169865,-0.00848806552905607,0.00081652754590985
0.0798361208760989,0.682074551543926,0.65563980806837,8.21232044936008,8.67525349849375,0.105494097149366,1.03537018920924,-0.00912941467903277,0.000835893155258765
0.0816701700648524,0.697850169110129,0.670067286173976,8.20455357986754,8.67589419623657,0.106043460137692,1.03335384565744,-0.009452516013657,0.000845575959933222
0.0825892770934431,0.705777675568045,0.677305604766281,8.20089034076378,8.67645708470702,0.106292749399447,1.03229744845124,-0.00961509061001518,0.000850417362270451
0.0835082338728629,0.713730502273565,0.684559000126452,8.19750302908644,8.67732338097866,0.106516458660816,1.0311906675318,-0.00977748119766833,0.00085525876460768
0.0844299094146911,0.721707589397071,0.691826497253612,8.19409261539764,8.67816575381462,0.106733833557411,1.0300742110367,-0.00994138166624707,0.000860100166944908
0.0853519793657259,0.729708032096927,0.699107127208522,8.19087187436987,8.67921743195857,0.106930891564878,1.02891855785646,-0.0101054640392118,0.000864941569282137
0.0862760350907107,0.737730764490534,0.706399927544227,8.18767258835571,8.68029386706556,0.107118472800137,1.02774675072207,-0.0102706932140017,0.000869782971619366
0.0872003061768234,0.745774813988669,0.713703942442052,8.18464950105581,8.68156512631509,0.107286338276354,1.02653707752479,-0.0104360527574541,0.000874624373956594
0.0918241678493413,0.786280074297503,0.750359289407731,8.17169713575699,8.69032524777728,0.107857672217937,1.01997951378074,-0.011264994741654,0.000898831385642738
0.0945997828206699,0.810776614286765,0.772427530651459,8.16521462967551,8.69702351670888,0.108012679336708,1.01569451725582,-0.0117645097279144,0.000913355592654424
0.0955184931325246,0.818968324084554,0.779790711025405,8.16376688379605,8.7000515647095,0.107999961203086,1.014135990291,-0.0119272808294008,0.000918196994991653
0.0973648863858081,0.835386363987327,0.794522463034676,8.16025666467049,8.70543018674308,0.10798912864563,1.01106432090096,-0.0122591722690928,0.00092787979966611
0.100141583674633,0.860085772419111,0.816620741727148,8.15466174751549,8.71313939763955,0.107930246889474,1.00640042042599,-0.0127636589778933,0.000942404006677796
0.101056971885698,0.868333564952604,0.823983656392341,8.15365472581469,8.71667088715504,0.107836880961211,1.00469423999765,-0.0129259713060373,0.000947245409015025
0.102900215205059,0.884848280272739,0.838699812232468,8.150612810295,8.7225876362827,0.107692870238547,1.00139036357114,-0.0132597346864606,0.000956928213689483
0.106576237891895,0.917924298315203,0.868071550536484,8.14507593537885,8.73504553785326,0.107269684415397,0.994546061887643,-0.0139258135400258,0.000976293823038397
0.109316937374091,0.942747780677474,0.890025641452878,8.14169938192784,8.74527337429763,0.106817162794884,0.989167194071233,-0.0144199120593099,0.000990818030050084
0.110224817872463,0.951021532581886,0.897326115846872,8.14087183963534,8.74902222571133,0.106631327216612,0.987306382573055,-0.0145819104984626,0.000995659432387312
0.112950741451423,0.975832190843243,0.919166594189023,8.13776503259462,8.75956897411517,0.106069498719263,0.981744724575529,-0.0150729577811108,0.001010183639399
0.113850929864445,0.984096008362888,0.92642454033768,8.13717148767002,8.76358948289205,0.105838786501991,0.979803382487701,-0.0152321951444371,0.00101502504173623
0.115662873642982,1.00061233559131,0.940903807755919,8.13488181748117,8.77037872827909,0.105427618921448,0.976049224748195,-0.0155603774181339,0.00102470784641068
0.119253396016832,1.03357577997408,0.969701158037573,8.13143432746103,8.7852584308963,0.104449690134159,0.968250301532523,-0.0162023499766782,0.0010440734557596
0.120143382806442,1.04179867551011,0.976863976632532,8.13081797610375,8.78926245382141,0.104173081807971,0.966240057242403,-0.0163594098974063,0.00104891485809683
0.121029094304703,1.05001310682542,0.984011220767714,8.13036920106472,8.79346046388708,0.103879497783068,0.964195946480026,-0.0165142962624274,0.00105375626043406
0.123697384926811,1.07460338509157,1.00535489717138,8.12753558020831,8.80435122221496,0.103057022246662,0.958226767226087,-0.0169911643603927,0.00106828046744574
0.124575446626308,1.08277930264836,1.01243528325282,8.1270853179427,8.80855282808215,0.102739723185973,0.956147907518696,-0.0171438813544955,0.00107312186978297
0.127219608655359,1.1072412059192,1.0335679462958,8.12428176143631,8.81948514274359,0.101845883453959,0.950074587984285,-0.0176138322963281,0.00108764607679466
0.130706911332195,1.13967911187766,1.06147670389525,8.12104496293607,8.83464843475681,0.100548396142192,0.941801074574609,-0.0182259202923627,0.00110701168614357
0.131568168926498,1.14775314921761,1.06840347798592,8.12053163545043,8.83878519535227,0.10019340195153,0.939673421897487,-0.0183737836105362,0.0011118530884808
0.133302136125733,1.16385781464561,1.08219402255508,8.11835469413888,8.8457190856708,0.0995402035264033,0.935565176619274,-0.0186803114641146,0.00112153589315526
0.134158245683788,1.17188621512031,1.08905711232375,8.11770537675831,8.84969888011441,0.0991799210593414,0.933439413261944,-0.0188273238045839,0.00112637729549249
0.135009717999435,1.17989796350395,1.09589831154254,8.11718095394536,8.8538256228583,0.0988077528827665,0.931290372985624,-0.01897203186771,0.00113121869782972
0.136724817324007,1.19587308580315,1.10951383649331,8.11494107806347,8.86068494634618,0.0981231815304016,0.9271469868411,-0.019272919896044,0.00114090150250417
0.137571062328496,1.20383408708968,1.11628758486528,8.11426157486358,8.86463111382379,0.0977482115589203,0.925005327798646,-0.0194168275450257,0.0011457429048414
0.138411522998128,1.21177689908412,1.12303828569325,8.11376293943699,8.8687905819529,0.0973585779608493,0.922833528501689,-0.0195576421012049,0.00115058430717863
0.139246483120484,1.21970151334572,1.12976567006495,8.11342336802442,8.87313839965346,0.096955843424327,0.920635130733574,-0.0196955569527333,0.00115542570951586
0.140107629276122,1.22760987475148,1.13646947693133,8.11140323195102,8.87550679825456,0.0966497364811137,0.918670495736956,-0.0198530319993839,0.00116026711185309
0.140942563479313,1.23549726458982,1.14314945269961,8.11074684949517,8.87948149000136,0.0962587499890196,0.916509119515206,-0.0199929244762755,0.00116510851419032
0.141771603721904,1.24336507886075,1.1498053514279,8.11026553443898,8.88366363161942,0.0958540922555572,0.914319609251682,-0.0201296581593221,0.00116994991652755
0.145086972582103,1.27463980151735,1.1761835115503,8.10674790863607,8.89851283431417,0.0942980915300263,0.905754952785759,-0.0206863508445206,0.00118931552587646
0.149996158704471,1.32091993619996,1.2149911198002,8.10014823242258,8.91920340127102,0.091955950373099,0.893020671643639,-0.0215077305215459,0.00121836393989983
0.151622168180054,1.33616930974028,1.22771833605644,8.09722186928831,8.92522430438279,0.0911965072980723,0.888862424294278,-0.0217828559218628,0.00122804674457429
0.152411828218555,1.34375788777552,1.23404206045211,8.09676043438391,8.92943369382559,0.0907571563674001,0.886644897143859,-0.0219053147371965,0.00123288814691152
0.1532331706468,1.35132585080336,1.24033899074019,8.0944549114575,8.93142967398746,0.0904190113714572,0.884677775281444,-0.0220516875865642,0.00123772954924875
0.1563928843822,1.38134987158189,1.2652559314338,8.09023976015249,8.94541302024358,0.0887678010400218,0.876124078414784,-0.0225580253053974,0.00125709515859766
0.157196493081224,1.38879690509732,1.27141681179025,8.08807363872487,8.94756381119149,0.0884116925333141,0.874134921241118,-0.0226973599546042,0.00126193656093489
0.157974429944376,1.39621617676558,1.27755010577412,8.08706894035925,8.95111528117556,0.0879905077324792,0.871990292307168,-0.0228192788010912,0.00126677796327212
0.158736183570475,1.40361075641702,1.2836557006517,8.08672397041588,8.95546475873103,0.0875322595704875,0.869758384386992,-0.0229306773616557,0.00127161936560935
0.159536878065042,1.41098278737361,1.28973348902308,8.08423422011091,8.95721631405412,0.0871886834103512,0.867812763462746,-0.0230713816449283,0.00127646076794658
0.161847604011503,1.43293905390687,1.30779901717871,8.08043483353489,8.96690588216988,0.0859520015506159,0.861492786651017,-0.023434435982219,0.00129098497495826
0.162594610525069,1.44020504915984,1.3137646068811,8.08000094614786,8.97114676523856,0.0854935551966665,0.859279410993214,-0.0235409768125842,0.00129582637729549
0.164126911062388,1.45466084300598,1.32561090431767,8.07674314795197,8.97671539876364,0.0847004349696711,0.855170999969675,-0.0237853198274018,0.00130550918196995
0.16490811621144,1.46185060581177,1.33149146128174,8.07414147872833,8.97830796774698,0.0843531742929276,0.853245469235885,-0.0239201981197963,0.00131035058430718
0.165646791547381,1.46901032165683,1.33734353077774,8.07346473955221,8.98224966402105,0.0839045304436347,0.851071474877066,-0.0240254169402977,0.00131519198664441
0.166419905735894,1.47614653071504,1.34316703931587,8.07095180937942,8.98394354247771,0.0835505059725534,0.849137239580571,-0.0241568274818435,0.00132003338898164
0.167920407913525,1.49033393663081,1.35472800218565,8.0676793191409,8.9894685065267,0.0827492018351289,0.845047874358408,-0.024390065951254,0.00132971619365609
0.168647478988266,1.4973848907213,1.36046527694623,8.06691736578455,8.99330142181748,0.0823030292036872,0.842894842419426,-0.024491654304716,0.00133455759599332
0.169407155530941,1.50441145438703,1.36617363523345,8.06443878330706,8.99502303355218,0.0819438997780336,0.840963804560332,-0.0246181613463174,0.00133939899833055
0.170129804294585,1.51140670613258,1.37185299850318,8.06356654668084,8.99871765854169,0.0815027609809484,0.83883072330719,-0.0247189665369084,0.00134424040066778
0.170882950225918,1.51837747200973,1.37750329268363,8.0610926418492,9.00043755650107,0.081142147031592,0.83690381574193,-0.0248431816290046,0.00134908180300501
0.171598981182901,1.52531643697557,1.38312444820443,8.06021363687593,9.00412071353898,0.0807010000092328,0.834777989644335,-0.0249416300637675,0.00135392320534224
0.172347108812082,1.53223064226088,1.38871639956857,8.05767157418783,9.00574881137547,0.0803428114482097,0.832864982700817,-0.0250646666175357,0.00135876460767947
0.173057358071179,1.53911235156233,1.39427908568309,8.05674546995926,9.00937034619476,0.0799038966630749,0.830752013418697,-0.0251613850105027,0.00136360601001669
0.173800524546016,1.54596952544049,1.39981244952472,8.0541324784903,9.01090253400572,0.0795484453642005,0.828853671735425,-0.025283299303712,0.00136844741235392
0.174499007916428,1.55279410505348,1.40531643835735,8.05343511769642,9.01480373039817,0.0790983912232187,0.826719661092952,-0.0253739558253801,0.00137328881469115
0.1752378452562,1.55959328640881,1.41079100340632,8.05072101487965,9.01620226227074,0.0787473667791082,0.824840195675351,-0.0254952228499133,0.00137813021702838
0.175929224055155,1.56635965760528,1.41623609991156,8.05003323079265,9.02011217833125,0.0782973370087027,0.822713271120093,-0.0255832208761179,0.00138297161936561
0.17666395942398,1.57310034679065,1.42165168708179,8.04720833676062,9.0213641968578,0.077951335262199,0.820854192517767,-0.0257040192684487,0.00138781302170284
0.177386839905756,1.57981135918484,1.42703772806002,8.04477789230697,9.02310110865837,0.0775859455224509,0.818949722480327,-0.0258174788453843,0.00139265442404007
0.178077366498503,1.58648969397481,1.43239418979731,8.04366224614711,9.02647171523366,0.0771574200704122,0.81688813967438,-0.0259086274391365,0.0013974958263773
0.178796926702984,1.59314191686787,1.43772104314008,8.0410836452934,9.02801539781922,0.0767992194213239,0.81500945837551,-0.0260222019405377,0.00140233722871452
0.179478220392876,1.59976023169934,1.44301826253175,8.04007449691106,9.031513960606,0.076366412407748,0.812943952425236,-0.0261091871079239,0.00140717863105175
0.180193425579448,1.60635314622361,1.4482858260575,8.03739548987563,9.03292311716196,0.0760132079185907,0.811085465382039,-0.0262221372801395,0.00141202003338898
0.180861112163525,1.61291196298243,1.45352371566513,8.03668460443241,9.03679007397078,0.0755674195760216,0.808993639241146,-0.0263017911103231,0.00141686143572621
0.181575724333681,1.61944423219219,1.45873191659943,8.03373866166565,9.03785565283978,0.0752271569102231,0.807175674674139,-0.0264168646968805,0.00142170283806344
0.18294415572529,1.63241435232954,1.46905921159105,8.03009642897254,9.04279196483463,0.0744422873936699,0.803283079668961,-0.0266066500481714,0.0014313856427379
0.185684799302298,1.65799390220389,1.48935727667419,8.02088960577486,9.05019535359937,0.0729670321968977,0.795783811839939,-0.0270044760657544,0.00145075125208681
0.186328064929035,1.66430906680657,1.49435753519124,8.02003464030169,9.05386021288138,0.0725339853340298,0.793751896596465,-0.0270767086097781,0.00145559265442404
0.187017657096545,1.67059730779948,1.49932810964211,8.01704038495201,9.05481978219362,0.072198434442843,0.791975496813638,-0.0271839203172573,0.00146043405676127
0.187697734990378,1.67685496337988,1.50426901497115,8.01431628915639,9.0561140774596,0.0718510844539631,0.790172250451914,-0.0272855256182907,0.0014652754590985
0.188332871102565,1.68307736717105,1.50918026921826,8.01336622960718,9.05964924058069,0.071425126031873,0.78816872476953,-0.0273557613844029,0.00147011686143573
0.189013698895505,1.6892727776381,1.51406189323887,8.01032889195987,9.06053602812569,0.0710930279133518,0.786412098111312,-0.0274605056781645,0.00147495826377296
0.189682403403163,1.69543773775104,1.51891391087497,8.00766904901863,9.06189466210615,0.0707446644449517,0.784616865470931,-0.0275577556566256,0.00147979966611018
0.190307355887422,1.7015670243568,1.52373634883722,8.00671283425639,9.06541194467664,0.0703220863959002,0.782632068081635,-0.0276245235753356,0.00148464106844741
0.19163997649774,1.71374060761071,1.53329260645364,8.00090166193339,9.06747648305221,0.0696506576275231,0.77912490155768,-0.02782206203212,0.00149432387312187
0.19229767938027,1.71977988827883,1.53802649324943,7.99815420657248,9.06869977615882,0.0693089861115303,0.777361137808183,-0.0279165527386996,0.0014991652754591
0.192915481133424,1.72578471956598,1.54273093460813,7.99692655842971,9.07185594191334,0.0689025835894271,0.775431737084894,-0.0279833667648372,0.00150400667779633
0.193572062649036,1.73176200872084,1.54740597069924,7.99395299881074,9.0727791550475,0.068572392664368,0.773704854986736,-0.0280796485653958,0.00150884808013356
0.194825103693203,1.74361814225204,1.55666800037949,7.99007915751361,9.07725767244775,0.0678260692572644,0.770036420908821,-0.0282325383590057,0.00151853088480801
0.195471555904483,1.74950163508192,1.56125508682397,7.98712160242321,9.07818216992003,0.0674977635563607,0.768324815484116,-0.0283253979666016,0.00152337228714524
0.196111683996413,1.75535357340863,1.56581295348088,7.9842920195898,9.07926345785064,0.0671648530245463,0.766604608221309,-0.0284149875825625,0.00152821368948247
0.196748153526608,1.76117334713171,1.5703416528443,7.98148101873765,9.08036158414063,0.0668320197834874,0.764888049119555,-0.0285032395517636,0.0015330550918197
0.197344141627022,1.76695807590669,1.57484123863559,7.98017729663352,9.08339026053603,0.0664373691564006,0.763012262774782,-0.0285634594634826,0.00153789649415693
0.197977148376531,1.77271583429328,1.57931175749366,7.97724267898828,9.08431727020755,0.0661117923558529,0.761321497238895,-0.0286518136905193,0.00154273789649416
0.198607220461254,1.77844160332118,1.58375325290614,7.97429846320776,9.08522449752576,0.0657875129671419,0.759637585555506,-0.0287393550627603,0.00154757929883139
0.199813707841474,1.7897940490714,1.59254935810333,7.97017069202688,9.08928897608961,0.0650698899752698,0.756097591418941,-0.0288795494068383,0.00155726210350584
0.200434819907161,1.79542560791241,1.59690406590767,7.9671988462251,9.09014022633076,0.0647499362376151,0.754435150400887,-0.0289645411567524,0.00156210350584307
0.201614714832501,1.80658893358645,1.60552705288675,7.963342627152,9.0945220712388,0.0640290647262677,0.750906043877054,-0.0290934481930952,0.00157178631051753
0.202231992463002,1.81212494672435,1.6097954429056,7.96014232614607,9.09505685289827,0.0637216981826262,0.74928688449748,-0.0291796027646679,0.00157662771285476
0.203450465695276,1.82310284812362,1.61824630831013,7.95400641025762,9.09644471167962,0.063099424809379,0.746038762747521,-0.029344242605716,0.00158631051752922
0.204048222204066,1.82854447222472,1.6224289065955,7.95120334335938,9.09747069712818,0.0627794128673378,0.744396146196063,-0.0294202570534845,0.00159115191986644
0.204600505634722,1.83394964492076,1.62658303378169,7.95004405651699,9.10062802007163,0.062396086626323,0.74258847364254,-0.0294648049642412,0.00159599332220367
0.205798537033264,1.84467408029454,1.63480614173446,7.94372090929985,9.10171188003069,0.0617906040076309,0.739411388612221,-0.0296252036800161,0.00160567612687813
0.20638691151131,1.84998948652633,1.63887526054752,7.94079066616446,9.10254281395968,0.0614805639587453,0.737808387471221,-0.0296997110363206,0.00161051752921536
0.206974822962545,1.85527257588741,1.64291618438343,7.93775861656729,9.10323277196875,0.061175659909786,0.736222369376661,-0.0297751960555875,0.00161535893155259
0.20755665431526,1.8605238401069,1.6469289863987,7.93484069124167,9.10406363920514,0.0608675660241465,0.734631111321572,-0.0298476220368209,0.00162020033388982
0.208094234251443,1.86573959496142,1.65091374207733,7.93349103600111,9.10693921261945,0.0605009492434457,0.732886751080558,-0.0298895353190653,0.00162504173622705
0.208676493660786,1.87092808386073,1.65487052819199,7.93031596017738,9.10741907189816,0.0602054341495184,0.73133550710499,-0.0299648862898939,0.00162988313856427
0.209251779064765,1.87608544766656,1.65879942310507,7.92728946209654,9.10808494527971,0.0599054947619973,0.729775703334667,-0.030036537744699,0.0016347245409015
0.209823557897522,1.88121108609555,1.66270050703922,7.92427944554862,9.10876399895904,0.0596061902811093,0.728220842965509,-0.0301069805656075,0.00163956594323873
0.210910115227492,1.89136265395121,1.67041957014443,7.92005432429202,9.11245754884589,0.0589446279725773,0.724951998821733,-0.0302109164982664,0.00164924874791319
0.211477947418392,1.89639360403214,1.67423771721386,7.91684304511201,9.1128484967076,0.0586569734977371,0.723437927130108,-0.0302824477453485,0.00165409015025042
0.212041573386649,1.90139338912889,1.67802838904514,7.91367637130912,9.11328912548904,0.0583689217485728,0.721926027198853,-0.0303522671022595,0.00165893155258765
0.212600416087913,1.9063619518638,1.68179167320805,7.91057564305331,9.11380771844514,0.0580797227940872,0.72041426330777,-0.0304199630123203,0.00166377295492488
0.213155334606335,1.91129911472873,1.68552765885644,7.90750868125986,9.11436201592868,0.0577905970629439,0.718905894211096,-0.0304861514252352,0.0016686143572621
0.214255796337402,1.9210789706393,1.69291809709716,7.90138762188358,9.1154611312099,0.0572158774941909,0.715908200372869,-0.0306157206034454,0.00167829716193656
0.214753898979318,1.92591749297748,1.69657273459474,7.9000788468019,9.11831693384906,0.056867497386262,0.71424972035718,-0.0306452146559379,0.00168313856427379
0.215301149785318,1.93072951554512,1.70020044280897,7.89684794765044,9.1186207132658,0.0565899321945821,0.71278506737008,-0.0307111137026865,0.00168797996661102
0.215845236207401,1.93551052831252,1.70380131741899,7.89362483674112,9.11892543728029,0.0563134047686317,0.711326386192188,-0.0307760441854243,0.00169282136894825
0.217450723467604,1.94966827722335,1.71444391269094,7.88428700236702,9.120224033465,0.0554801455384588,0.706959300164637,-0.0309594806889142,0.00170734557595993
0.217980936672325,1.95432528981876,1.71793843175622,7.88114069965061,9.12059365519244,0.0552063334149462,0.705520504911466,-0.0310196713553505,0.00171218697829716
0.218505518098143,1.95895146264947,1.72140661228219,7.87809217481183,9.12108425081468,0.0549304894987904,0.704079317590325,-0.031077139507614,0.00171702838063439
0.219505861617821,1.96810669325745,1.72826436797292,7.87343151219345,9.12395608843759,0.0543335376939684,0.701083644630325,-0.0311612158322827,0.00172671118530885
0.220025422140208,1.97264131164385,1.73165415076867,7.87024578307682,9.12423761868983,0.0540669243686542,0.699676644566559,-0.031218958420376,0.00173155258764608
0.221057361267417,1.9816184584532,1.73835605251363,7.86382341011802,9.12470380090594,0.0535396130355607,0.696887923438211,-0.0313331586817967,0.00174123539232053
0.221568035268257,1.98606148197586,1.74166838473982,7.86064823218359,9.12497062552836,0.0532768252642609,0.695500520089784,-0.0313884059575053,0.00174607679465776
0.222076397405821,1.99047396769039,1.74495511486835,7.85745417006033,9.12520249675919,0.0530160844639262,0.69412172826288,-0.0314432797148535,0.00175091819699499
0.222579556997176,1.99485634954563,1.74821635168473,7.85434374688287,9.12553694126879,0.0527539398901876,0.692742164872673,-0.0314957342068251,0.00175575959933222
0.224023990061484,2.00781659205669,1.75784820254207,7.84669624918126,9.12874969648612,0.0519204375740175,0.688493608124908,-0.0316146955390213,0.00177028380634391
0.225505769652247,2.02051242274148,1.76725460572959,7.83684873542207,9.1289185419671,0.0511732754250219,0.684506778902118,-0.0317713387808167,0.00178480801335559
0.229788182958409,2.05700846270758,1.79415293072164,7.8078555112052,9.12962462100149,0.048990140636812,0.67286572231935,-0.0321932004710349,0.00182838063439065
0.230249298924006,2.06091818541004,1.7970220799206,7.80467992006225,9.12971536935677,0.048753206899077,0.671602249555049,-0.0322358347007141,0.00183322203672788
0.230652990549596,2.06479384669026,1.79986779396694,7.80335771792185,9.13232172214803,0.0484601396714748,0.670188251379969,-0.0322394995134806,0.00183806343906511
0.231569672465096,2.07247047225015,1.80548943622632,7.79674392163099,9.13209936170335,0.0480019709662897,0.667718481533127,-0.0323269042015082,0.00184774624373957
0.233815425538997,2.0911694158764,1.81914251702841,7.78025022444465,9.13141967943897,0.0468793652082754,0.661656187612669,-0.03253397180369,0.00187195325542571
0.234255803578372,2.09482585636803,1.82180542383187,7.77699163052912,9.13130803782892,0.0466577442676595,0.66046009829068,-0.0325727750856895,0.00187679465776294
0.234695323569876,2.09845437378761,1.82444606310902,7.77367880773228,9.1311117931664,0.0464391144144841,0.659274985189449,-0.0326121368652989,0.00188163606010017
0.2359950482512,2.10917639506164,1.83223566810423,7.76387335955433,9.13064433679356,0.0457874071839176,0.655747702472771,-0.0327240279054406,0.00189616026711185
0.236425092372406,2.11269571726214,1.83478852882371,7.76054906191443,9.1303912628062,0.0455745229558863,0.654589364899903,-0.0327613858315565,0.00190100166944908
0.236850455539207,2.11618840948351,1.83731976695363,7.75729885243765,9.1302299787663,0.045360806073207,0.65343147406995,-0.0327966331332145,0.00190584307178631
0.237275878548384,2.11965388784323,1.8398295110088,7.75396775375811,9.12994696121099,0.0451507952922664,0.65228646596469,-0.032833048311377,0.00191068447412354
0.238116204828962,2.12650518204441,1.8447850295421,7.74741488454008,9.12950095791663,0.0447315855492807,0.650006791971636,-0.0329019647997295,0.001920367278798
0.238531691256986,2.1298911233637,1.84723105986004,7.74417457959451,9.12931258668343,0.0445229377671009,0.648873616234244,-0.0329348649104211,0.00192520868113523
0.238947907141462,2.13325032599995,1.84965610770555,7.74083409992168,9.1289754553504,0.0443184934555451,0.647754651399778,-0.0329693757284141,0.00193005008347245
0.239359317775741,2.13658357406303,1.8520603003691,7.73757344221842,9.1287385107746,0.0441130762588721,0.646635683210756,-0.0330016756339125,0.00193489148580968
0.239769529375175,2.13989054187931,1.85444376485544,7.73427620135057,9.12844067891768,0.0439100175245826,0.645525843904985,-0.0330342476250662,0.00193973288814691
0.240583127264939,2.14642651675017,1.85914901602447,7.72767831709623,9.12780950355073,0.0435079073134617,0.643325092182848,-0.0330979673970207,0.00194941569282137
0.241785599647875,2.15603768393998,1.86605459050634,7.71780698777748,9.12682123017969,0.0429137302058393,0.640068302172369,-0.0331893413894126,0.00196393989983305
0.242181651635967,2.15919044155872,1.86831633715615,7.71452471537558,9.12648269403108,0.0427180144332355,0.638994342076491,-0.0332186694558663,0.00196878130217028
0.243293577701633,2.16849143505878,1.8749829902628,7.70666865922048,9.12818449149421,0.0420841401950316,0.635659821087773,-0.033260861040365,0.00198330550918197
0.243746537353728,2.17154987611325,1.877166092865,7.70130362976533,9.12489781643065,0.0419503805775866,0.634766060402319,-0.0333333422720694,0.0019881469115192
0.244453126389939,2.17757416210064,1.8814743663713,7.69666722678795,9.12680556877043,0.0415208261546425,0.632541848229415,-0.0333451756894426,0.00199782971619366
0.244835225509015,2.18055258093111,1.88359978292063,7.69333652461406,9.12632961595299,0.0413354417304621,0.631514143289935,-0.0333723407390821,0.00200267111853088
0.245214856010228,2.18350668826451,1.88570621581603,7.69001620251497,9.12585788121183,0.0411510061161051,0.630491560766217,-0.0333988527969995,0.00200751252086811
0.246342376987882,2.19222344696899,1.89191282863922,7.6800136938367,9.12432260020328,0.0406061110743256,0.627461895702505,-0.0334767777609351,0.0020220367278798
0.24671401190062,2.19508109495394,1.89394454097401,7.67668008145769,9.12379098811641,0.0404268778346565,0.62646355697029,-0.033501920412544,0.00202687813021703
0.24708333918683,2.19791504491587,1.89595787455053,7.67335377929676,9.12325934216843,0.0402486492560366,0.625470442712627,-0.033526501781447,0.00203171953255426
0.248179221536076,2.20627535395566,1.90188879780887,7.66336837563333,9.12159351538987,0.0397212624414434,0.622525829715082,-0.0335980272193665,0.00204624373956594
0.248540039317168,2.20901548262112,1.90382980902682,7.66005273941918,9.12103575590321,0.0395474913059322,0.621554716269949,-0.0336208173428376,0.00205108514190317
0.248899399136272,2.21173233671239,1.90575303558805,7.65672011343284,9.12044377199426,0.0393753274856705,0.620590427039102,-0.0336436033316169,0.0020559265442404
0.249257477729513,2.21442601147244,1.90765859483378,7.65336555681557,9.11981054089115,0.0392048862153917,0.619633266410228,-0.0336665000129818,0.00206076794657763
0.249612003717942,2.21709717508012,1.90954660374293,7.65005919306946,9.11923507502851,0.0390343658320248,0.618678294705681,-0.0336879698846584,0.00206560934891486
0.251360049977122,2.23011230724688,1.91872745309823,7.63338268461067,9.11599935192261,0.0382025699913519,0.613996088679161,-0.0337931706686505,0.002089816360601
0.251703618470755,2.23264843589557,1.92051258939194,7.63005554334169,9.11533299840345,0.0380393844516554,0.613075405721007,-0.0338129970951957,0.00209465776293823
0.252046151930791,2.23516230679554,1.92228098473434,7.62670237180283,9.11461946392524,0.0378779572220491,0.61216186341938,-0.0338330669985129,0.00209949916527546
0.252723684405919,2.24012485538147,1.92576802871276,7.62005362987521,9.11324354184665,0.0375569764394392,0.610346864942066,-0.0338709461708786,0.00210918196994992
0.253060576002074,2.24257332824135,1.92748691374784,7.61670167751473,9.11250109363301,0.0373988040487666,0.609449156076781,-0.0338900159065773,0.00211402337228715
0.254057715971901,2.24979088768079,1.93254642499867,7.60672203009338,9.1103213223788,0.0369288850001749,0.6067822952459,-0.0339436497616641,0.00212854757929883
0.254386488898976,2.25215432632776,1.93420093345388,7.603394904444,9.10957371938125,0.0367743943517787,0.605903739648576,-0.0339609274843069,0.00213338898163606
0.25471303326462,2.25449685102481,1.93583963555036,7.60008080756206,9.10883465216862,0.0366206457944786,0.605029458362585,-0.0339776144105393,0.00213823038397329
0.255039250068912,2.25681810113898,1.9374626450717,7.59672342413256,9.10802373741498,0.0364689873869528,0.604163110725606,-0.0339949738225019,0.00214307178631052
0.255362630183435,2.25911884436294,1.93907007504355,7.59339795979801,9.10724836766266,0.0363176020090633,0.60329973625055,-0.0340113283091994,0.00214791318864775
0.256004586218991,2.26365846241434,1.94223864520747,7.58673379212842,9.10564870837338,0.036018244928642,0.601588927120108,-0.0340434761331172,0.0021575959933222
0.256322897033073,2.26589770577923,1.94380000806918,7.58340370902713,9.10483678071526,0.0358700528836316,0.600740869232884,-0.0340590844138425,0.00216243739565943
0.256639671908633,2.26811667899061,1.94534623680968,7.58006828150189,9.10400724970471,0.0357230007016417,0.599898098598185,-0.0340745375224757,0.00216727879799666
0.256954629681332,2.27031555255441,1.94687744107552,7.57673618681236,9.1031725644489,0.0355768762502383,0.59906002687524,-0.0340896444793242,0.00217212020033389
0.257888524991555,2.27679267474015,1.95138199327796,7.56676549816189,9.10064592623534,0.0351438805883063,0.596573382234431,-0.0341327986610178,0.00218664440734558
0.258196981472941,2.27891212456227,1.95285418246517,7.56342762539161,9.09976345475502,0.0350018506231784,0.595755034586112,-0.03414698858004,0.0021914858096828
0.25911241642145,2.28515410377638,1.95718425270429,7.55341746927674,9.09706210387004,0.0345814870754449,0.593328233673782,-0.0341879819474527,0.00220601001669449
0.259715393710967,2.28921928639171,1.95999993237788,7.54672221916552,9.09518086007179,0.0343065124086543,0.59173512828269,-0.0342145931477848,0.00221569282136895
0.260013075155658,2.29122374415851,1.96138677262436,7.54341592802655,9.09428525548523,0.0341694982245827,0.590942976616375,-0.0342266087572216,0.00222053422370618
0.260606070866385,2.29517573164353,1.96411896489293,7.53673526623233,9.0923667392473,0.0338998066562086,0.589376586953992,-0.0342514953532829,0.00223021702838063
0.260899347604066,2.29712408360126,1.96546451929728,7.53342059819951,9.09143006506064,0.0337657675921268,0.588598647685769,-0.0342630181039077,0.00223505843071786
0.261482096586643,2.30096547405665,1.96811504546827,7.52676787879484,9.08949406979234,0.0335009532929148,0.587057681661983,-0.0342859365704829,0.00224474123539232
0.261771399156034,2.30285875430111,1.96942021560706,7.52343541714863,9.08850284510383,0.033370038110324,0.586294254715411,-0.0342972124495903,0.00224958263772955
0.263195517873499,2.31205553432394,1.97574904430513,7.50677314062294,9.08340354621789,0.032728757810592,0.582542854910969,-0.034350501946305,0.00227378964941569
0.263754028367258,2.31561102170102,1.97819042493395,7.50013350385483,9.0813341366896,0.0324777878516305,0.581070990510293,-0.034369857139567,0.00228347245409015
0.264032047697179,2.317362551348,1.97939217551178,7.49678757853655,9.08024731272057,0.0323541496331142,0.580342932814844,-0.034379849243755,0.00228831385642738
0.264307184389816,2.31909723731865,1.98058142374033,7.49348311629418,9.07921143393809,0.0322304630471508,0.579616679683038,-0.0343887055815282,0.00229315525876461
0.264854491742394,2.32251503883615,1.98292278171915,7.48683840955132,9.07705950282664,0.0319863789955845,0.578178751506459,-0.0344066952569631,0.00230283806343906
0.265666249180725,2.32751502027162,1.98634333795804,7.47683736298314,9.07371203421845,0.0316271748279542,0.576054650085707,-0.0344331485028304,0.00231736227045075
0.266463970580898,2.33236667436796,1.9896562678703,7.46688666213597,9.07035461275349,0.031274204994045,0.573964110218582,-0.0344569369101235,0.00233188647746244
0.267249263579964,2.3370723148733,1.99286394403951,7.45694830864601,9.06693248203097,0.0309281330515969,0.571908630101967,-0.0344790085419552,0.00234641068447412
0.267768004931752,2.34012906495308,1.99494506950779,7.45027424025605,9.06453421401671,0.0307023198438349,0.570560489461024,-0.0344940865586962,0.00235609348914858
0.268785587137255,2.346055987508,1.99897277577446,7.43705344123862,9.05981547853242,0.0302572275432419,0.567903185307899,-0.0345195712488449,0.0023754590984975
0.269034991748187,2.34749960814689,1.99995215539467,7.4337993820023,9.05868847649328,0.0301467966651565,0.567245555628946,-0.0345244103944107,0.00238030050083472
0.269783614666341,2.35173780552236,2.0028254829117,7.4238218113755,9.05493678744538,0.0298242968252557,0.565306478052507,-0.0345431426284987,0.00239482470784641
0.270274470411194,2.35448878509939,2.0046878238621,7.41722968067306,9.05247875196938,0.0296117281281975,0.564028895909885,-0.0345536155691839,0.00240450751252087
0.271242243964655,2.35981493844334,2.00828762311929,7.40403704734497,9.04744407384593,0.0291953051945232,0.561517315483549,-0.0345733276290366,0.00242387312186978
0.271483486796807,2.36111004876009,2.00916200485983,7.40067850374854,9.04607407196602,0.0290941379343703,0.560901386600548,-0.0345793820667299,0.00242871452420701
0.271718545926575,2.36239165412943,2.0100263110392,7.39745718933134,9.04489826940472,0.0289909619112597,0.560281876517167,-0.0345821224374391,0.00243355592654424
0.272189803488329,2.36491160473272,2.01172499586263,7.39089036430009,9.04233681805114,0.0287891087899439,0.559059673195891,-0.0345901848781951,0.0024432387312187
0.272655769013287,2.36737563823345,2.01338427045014,7.38434502132989,9.03977246662935,0.0285895469463014,0.557850112496564,-0.0345973339507566,0.00245292153589316
0.273115917381792,2.36978460733509,2.01500472001308,7.37783699804022,9.03722898450845,0.0283919393705159,0.556652245233975,-0.0346032142273745,0.00246260434056761
0.273726426184472,2.37328758180031,2.01736385676779,7.37000034994148,9.03621225859504,0.0280638106182978,0.554785528335017,-0.0345661332270733,0.0024771285475793
0.273954260312801,2.37443103620768,2.01813144256331,7.36667296306692,9.03479440044306,0.0279694582532342,0.55420556385529,-0.034570355953983,0.00248196994991653
0.274180027244945,2.37556153249634,2.01888974841844,7.36337277629205,9.03340840939897,0.0278752237993019,0.553627505222477,-0.0345738555469342,0.00248681135225376
0.275075748346243,2.37995200310369,2.02183154884694,7.35009015153897,9.02765724017733,0.0275060843139472,0.551351266822547,-0.0345889672170784,0.00250617696160267
0.275734743419105,2.38311040163992,2.02394379955814,7.34018417288034,9.0233382828273,0.0272346207007736,0.549674406070028,-0.0345981871952577,0.00252070116861436
0.27595180248221,2.38413804695041,2.024630314252,7.33689831354705,9.02190590602476,0.0271450395194134,0.549120874162243,-0.0346007379290602,0.00252554257095159
0.276597722206364,2.38714616393621,2.02663806404187,7.32702369302174,9.01753324503411,0.0268801720752205,0.547479386387649,-0.0346083892363929,0.00254006677796327
0.277021719911978,2.38909062873812,2.02793404275775,7.3204875177373,9.01464682104512,0.0267056619016461,0.546397924788467,-0.0346120638470521,0.00254974958263773
0.277441746121386,2.39098673733602,2.02919659366047,7.31395553130878,9.01173376154634,0.0265333846179266,0.545328155710784,-0.0346153994382362,0.00255943238731219
0.278673903670744,2.39639091867313,2.03278860621166,7.29450651616601,9.00301958395638,0.0260274566174582,0.542181996370779,-0.0346206147634118,0.00258848080133556
0.279001005311241,2.39809101308535,2.03392233569972,7.29001794610299,9.00305089269386,0.0258278969191947,0.54106709535353,-0.0345746149257021,0.00259816360601002
0.279203983768977,2.39892826059061,2.03447753922823,7.2867067001151,9.00145069587369,0.0257479268442862,0.540561796569532,-0.0345768508620994,0.00260300500834725
0.280005597478552,2.40216605306446,2.03662195383251,7.27350443052667,8.99503370048328,0.025432545204762,0.538566028509236,-0.034584383565189,0.00262237061769616
0.280200931423905,2.40294877707271,2.0371392408262,7.27028004680074,8.99352431662483,0.0253536657088321,0.538070506012979,-0.034584362767642,0.00262721202003339
0.280593234413484,2.40448067508258,2.03815162521245,7.26372333770889,8.99031906707982,0.0251993283829866,0.53709217664018,-0.0345867853697032,0.00263689482470785
0.280979812408348,2.40596994209976,2.03913478907332,7.25722880798938,8.98717615611187,0.0250459378007977,0.53612170954785,-0.0345876002968608,0.0026465776293823
0.281738665404952,2.40882200093108,2.0410151797821,7.24435595962124,8.98097253826346,0.0247431486372179,0.534207027235897,-0.034586114866349,0.00266594323873122
0.281925627579805,2.40950902172017,2.04146768293033,7.24115682726448,8.97943121473514,0.0246683569268388,0.533733969607145,-0.0345852232939424,0.00267078464106845
0.282032056104722,2.41017699104252,2.04191325259385,7.24000413568472,8.98098233451382,0.0245593336403435,0.533177870889349,-0.0345354510496525,0.00267562604340568
0.283334498329553,2.41463397536161,2.04484237659043,7.21706106614674,8.96910138442074,0.0240623420443391,0.529978737742388,-0.0345414753822149,0.00270951585976628
0.283875912410359,2.4163980638765,2.04599873766587,7.20737000999318,8.96411034631055,0.0238538630022918,0.528638070693356,-0.0345404579647672,0.00272404006677796
0.284050838534415,2.41696741465276,2.04637135064702,7.20424330097194,8.96258931803076,0.0237835557024607,0.528191742026067,-0.0345376146439898,0.00272888146911519
0.284226029467453,2.41752694633315,2.04673762238283,7.2010914208588,8.96102262710769,0.0237141162483388,0.527748791548899,-0.0345353646708046,0.00273372287145242
0.284403652277374,2.41807666280187,2.04709759986631,7.197859744325,8.959327063219,0.0236464353952163,0.527311364562676,-0.034535019613606,0.00273856427378965
0.284678219250457,2.41913943638186,2.0477988577948,7.1933808746821,8.95893827397171,0.0234799944856785,0.526365315810477,-0.0344866948484973,0.00274824707846411
0.284855160589726,2.41966169309762,2.04814023035682,7.19011102385025,8.95716343348002,0.0234143203189823,0.525936567101135,-0.0344872285554616,0.00275308848080134
0.285553397735657,2.42166060597112,2.0494450690039,7.17709922296607,8.95009295118704,0.0231547559391159,0.524241316375748,-0.0344877307302476,0.00277245409015025
0.285893876921582,2.4226072487508,2.05006172115975,7.17070873722161,8.94668983583731,0.0230256192149478,0.523402499885352,-0.0344852145474543,0.00278213689482471
0.286059487814707,2.42306763493148,2.05036125897088,7.1676044540043,8.94511643041206,0.0229602128606645,0.522982892804758,-0.0344817729316138,0.00278697829716194
0.286230144711373,2.42351832527145,2.05065499557869,7.16435719112156,8.94331726856403,0.0228975116931596,0.522570935603008,-0.0344817731713357,0.00279181969949917
0.287319794330364,2.42642775702554,2.05255227082213,7.14378999054299,8.9338383193847,0.0224357722927601,0.519666507005383,-0.0344297984442884,0.00282570951585977
0.287484451200685,2.42681130809661,2.05280111077278,7.14056395815219,8.93201523700819,0.0223759675940376,0.519270821521498,-0.034429336489326,0.002830550918197
0.287803361618309,2.4275548904435,2.05328254739282,7.1343244076347,8.92867390280618,0.0222541850616191,0.518477775685786,-0.0344233266355009,0.00284023372287145
0.288042028758566,2.42825539369545,2.05374259093881,7.13001015785871,8.9282624620379,0.0221040952779057,0.517623395291983,-0.0343709179987038,0.00284991652754591
0.288367302398117,2.42893353290754,2.05418155506709,7.12348986165951,8.92443628742618,0.0219898474657806,0.516857198123128,-0.0343717537689268,0.00285959933222037
0.288689549061592,2.42958034287657,2.0545997502256,7.11698693944497,8.92060862323288,0.0218767905834906,0.516098187328962,-0.0343722449320743,0.00286928213689482
0.288847411991765,2.42989260283838,2.05480115521487,7.11379458464198,8.9187752163301,0.0218198958779667,0.515719480967521,-0.0343710924097529,0.00287412353923205
0.289002842295134,2.43019733060354,2.0549974823255,7.11064799918787,8.91700534620662,0.0217626608184629,0.51534108324689,-0.0343688535177582,0.00287896494156928
0.289311486857813,2.43078298219971,2.05537505218324,7.10436724966056,8.91346426906438,0.0216490810203508,0.514589613425708,-0.0343641345226357,0.00288864774624374
0.289379017285707,2.43105458533849,2.05555636897652,7.1033359234441,8.91493377783689,0.0215608080514921,0.514143367769925,-0.0343108186008322,0.00289348914858097
0.289537915977625,2.43132797348348,2.05573275585911,7.10004680705782,8.91291822753325,0.0215072340393134,0.513777824620287,-0.0343120841156181,0.0028983305509182
0.289694884107071,2.43159432348262,2.05590424903186,7.0967916998907,8.91094818281116,0.0214534877886014,0.513412948755989,-0.0343125523866707,0.00290317195325543
0.290004038648585,2.4321052761041,2.05623269789483,7.09035883595567,8.90710686556998,0.0213458519081546,0.512686039605725,-0.0343116925224465,0.00291285475792988
0.290306609248253,2.43258723974693,2.05654199979839,7.08403437704637,8.90340582577096,0.021237944129678,0.511962715660196,-0.0343083091413174,0.00292253756260434
0.290452371555662,2.43281770728417,2.05668955816876,7.08098731352455,8.90172316638597,0.0211827720078538,0.511599859122894,-0.0343038665158178,0.00292737896494157
0.29060495058925,2.43303982309786,2.05683243431093,7.0777611673179,8.8997573023816,0.0211306174718275,0.511244885087854,-0.0343037863617363,0.0029322203672788
0.290668765316176,2.43324579857456,2.05697066247387,7.07668283599853,8.90110488834961,0.021046841236849,0.510819678613855,-0.0342517034436377,0.00293706176961603
0.291124002911786,2.43384976790952,2.05735779733836,7.06694665077741,8.89506138035263,0.0208943658433131,0.509773270810669,-0.0342530457625701,0.00295158597662771
0.291271277762318,2.43403792586476,2.05747777053864,7.06378530126673,8.89316361004238,0.0208429389181326,0.50942514162315,-0.0342515162691269,0.00295642737896494
0.291417258385456,2.43421920993892,2.05759326291943,7.06064312841029,8.89128899633288,0.0207915492060807,0.509078103054162,-0.0342495513444639,0.00296126878130217
0.291557465451013,2.4343941084914,2.05770430712913,7.05762860143557,8.88960556294652,0.0207386008129927,0.508728588590202,-0.034244520152066,0.0029661101836394
0.291704519839992,2.43456082292097,2.05781093551629,7.05443623789257,8.88764031842407,0.0206885866522935,0.508386627229101,-0.0342438321424168,0.00297095158597663
0.292203947502854,2.43515252988317,2.05819392933349,7.04368967949478,8.88285299506689,0.0204622519218036,0.506970679751495,-0.0341922526761903,0.00299031719532554
0.292349269025645,2.4352864070001,2.05827895526016,7.04047922582496,8.8808284066279,0.0204140988260501,0.506637852097959,-0.0341921453632467,0.00299515859766277
0.292203947502854,2.43515252988317,2.05819392933349,7.04368967949478,8.88285299506689,0.0204622519218036,0.506970679751495,-0.0341922526761903,0.00299031719532554
