C,Mb,M,R,Rp,kl,hl,jl,rhoc
0.101760143268729,0.908270837489015,0.865027415470088,8.5006505266577,9.08322508753159,0.113019015473744,1.01652026610702,-0.0135053853146506,0.000868948247078464
0.104336707633805,0.932282661870495,0.886496683393796,8.4964985334325,9.09255139857341,0.112507014764164,1.01122632351979,-0.0139679320320018,0.00088313856427379
0.106900204210949,0.956265077206008,0.907868348524252,8.49267178884643,9.10226508990151,0.111897275265596,1.00575403503587,-0.0144256607504722,0.000897328881469115
0.109453935295275,0.980202518504041,0.929130799589583,8.48878386220705,9.11193109303638,0.111219169108278,1.00016760741583,-0.0148811890063225,0.000911519198664441
0.111994709637115,1.00408197065111,0.950273035906285,8.48498146908326,9.12171401529777,0.110467081103474,0.994453305929175,-0.0153326120234007,0.000925709515859766
0.114518210510532,1.02789128035096,0.971284669265008,8.48148661191032,9.13186647869663,0.109630791264255,0.988586512073014,-0.0157771904240859,0.000939899833055092
0.117028060776416,1.05161887469754,0.992155941641278,8.47793200245204,9.1419712135588,0.108738359253172,0.982629439174015,-0.0162175969120039,0.000954090150250417
0.124466052929962,1.12220133730523,1.05383882858088,8.46687754430423,9.17194615501349,0.105765053641776,0.964299574320783,-0.0175092644600971,0.000996661101836394
0.134150808762804,1.21454771206738,1.1336232534766,8.45036465997756,9.21005462278216,0.101299624923008,0.939193077827994,-0.0191567715323283,0.0010534223706177
0.136536146526359,1.23725355025765,1.15307951865858,8.44523262150195,9.2184242636315,0.100157273666169,0.932942716705066,-0.0195611287002683,0.00106761268781302
0.141234152008127,1.28211862332818,1.19133860413455,8.43520201874402,9.23541464159517,0.0977777580181288,0.920324207235966,-0.0203425734403768,0.00109599332220367
0.143534568458762,1.30425402324658,1.21012332168963,8.4308841743395,9.2447167282975,0.0965143854161956,0.913892510939387,-0.0207117114354862,0.001110183639399
0.145835214789355,1.32617664936392,1.22866694319196,8.42503605844891,9.25218768452329,0.0953202242912527,0.907662915128192,-0.0210906530019566,0.00112437395659432
0.148089048711547,1.34787296351589,1.24696172729624,8.42035071563675,9.26101627852574,0.0940448629431909,0.901274092334274,-0.0214457465185542,0.00113856427378965
0.154733479962401,1.4115298000648,1.30029564647798,8.4034537760926,9.28393654237503,0.0903100754835278,0.882545859461869,-0.0224899738208374,0.00118113522537563
0.15690786225755,1.43227870618747,1.31756871195978,8.39708535316803,9.29063902091385,0.089086853122864,0.876424180493038,-0.0228289780917728,0.00119532554257095
0.161190592515366,1.47314466372093,1.35142999115563,8.38405002467371,9.30365843916928,0.0866313342617061,0.86424342003209,-0.0234839564808832,0.0012237061769616
0.165398759895914,1.51325981062739,1.38446285518821,8.37045486954958,9.31603721088674,0.0841739772086597,0.852151457959909,-0.0241115433095968,0.00125208681135225
0.16953658918246,1.5527335446512,1.4167659344691,8.35669716667671,9.32834413937925,0.0816965671081074,0.840080159545447,-0.0247072010511535,0.0012804674457429
0.171619516642566,1.57226729429825,1.43267341890729,8.34796325578245,9.33228396558782,0.0805375835454063,0.834265082378053,-0.0250201961945397,0.00129465776293823
0.173660047818282,1.5916730901284,1.44843066088388,8.34060959374789,9.33798063798932,0.0793048129309788,0.828275341499798,-0.0253045621742868,0.00130884808013356
0.175718071045333,1.61093296268812,1.46401856808886,8.33163350462211,9.34170362556747,0.0781451008934131,0.822484459880351,-0.0256054480590386,0.00132303839732888
0.177723602428694,1.62999861348919,1.47940265617193,8.32417662007214,9.34731385154728,0.0769150884124016,0.816535688424521,-0.0258744784423078,0.00133722871452421
0.179704495989023,1.64882659842214,1.49454916532961,8.31670436014526,9.35287746971082,0.0756924470981584,0.810631391688422,-0.0261347159411011,0.00135141903171953
0.187433534235828,1.72095591500273,1.55212462389474,8.28093345314537,9.36673984722128,0.0712082514116316,0.788432937160177,-0.0271779621305087,0.00140818030050083
0.189232525115136,1.73798886476603,1.56562029685674,8.27352642419242,9.37172227955055,0.0700754064375547,0.78297498386662,-0.0273905520112298,0.00142237061769616
0.19103867512286,1.75455479494035,1.57870508521065,8.26379833400415,9.37352729504525,0.0690694097161218,0.777904076175462,-0.0276323762905352,0.00143656093489149
0.194442873428086,1.78615104831427,1.60355889237706,8.24694093491747,9.37962027170666,0.0670443133597695,0.767922938602052,-0.0280458038804951,0.00146494156928214
0.196093723277655,1.80116143875726,1.6153156684693,8.23746747968128,9.38089031884864,0.0661243746115321,0.763273978441972,-0.0282573948345578,0.00147913188647746
0.197695598573618,1.81566572077281,1.62664658901426,8.22803643961006,9.38192930717359,0.0652337256704398,0.75876548331582,-0.0284603633926935,0.00149332220367279
0.199206157470984,1.82968270087747,1.63757093437681,8.22048351901639,9.38511857706492,0.0642989586119616,0.754201965328279,-0.0286230440704991,0.00150751252086811
0.202143199233806,1.85635055008677,1.65827567246719,8.20347000914521,9.38830338084953,0.062588862940885,0.745661497735322,-0.0289594387933482,0.00153589315525876
0.203576905010004,1.8690443615057,1.66809288169873,8.19392004027549,9.38819841138123,0.0618117666219749,0.741674810793261,-0.0291358343624738,0.00155008347245409
0.207602414225228,1.90478697591468,1.69561264212754,8.16759597163436,9.38968118597971,0.0595261108070828,0.73011515014406,-0.0295862853734268,0.00159265442404007
0.208841456892135,1.91598250350614,1.70419599563344,8.16023801497247,9.39167091272924,0.0587531572026527,0.726316498819505,-0.0296988773789939,0.00160684474123539
0.21010418792539,1.92685459970895,1.71250960034345,8.15076375798647,9.39072981367583,0.0580743862243578,0.72280512125617,-0.0298444019672712,0.00162103505843072
0.21249477816322,1.94767197219544,1.72838237739232,8.13376400273106,9.39097653714136,0.0566954476156881,0.715829915534813,-0.030083892819041,0.00164941569282137
0.21477753034978,1.96735587282863,1.74332937514504,8.11690763137981,9.39091725741566,0.0553694278945011,0.709120525280567,-0.0303002694375333,0.00167779632721202
0.215914966652217,1.97680729153466,1.75048309750103,8.10728003084936,9.38913570319108,0.05476622171622,0.705967406862915,-0.030423591826255,0.00169198664440735
0.216967217338397,1.98600797897749,1.75743728904316,8.10001303700247,9.39039147175906,0.0540949743887541,0.702658896187779,-0.030497874199445,0.00170617696160267
0.220130915502757,2.0122587847313,1.77719688276557,8.07336342878792,9.38723780954057,0.0523045659357541,0.693467684343888,-0.0307843598061344,0.00174874791318865
0.225107378736081,2.05207844928425,1.80695138955989,8.02706423798918,9.37833078940647,0.049533457176201,0.679093349503455,-0.0312108586542307,0.00181969949916528
0.229750613174828,2.08781902850582,1.83342788447119,7.98007830810902,9.3677936743978,0.0469128282240283,0.665467870493252,-0.031546744074557,0.0018906510851419
0.231552351937349,2.10107773256439,1.84319033403935,7.96014516206712,9.36187095753482,0.0459306546047702,0.660279517774629,-0.031676650350825,0.00191903171953255
0.232435032351746,2.10749241468006,1.84790169293152,7.95018579701475,9.35887917412301,0.0454463719335895,0.657721398252694,-0.031736145284523,0.00193322203672788
0.233303899099959,2.11376701111023,1.85250229297303,7.94029718371454,9.35595617933011,0.0449648780799323,0.655182546422375,-0.0317908114645254,0.00194741235392321
0.23750066990945,2.14309471427398,1.87390737092435,7.89011404321006,9.33986891666157,0.0426525261816501,0.642916943122991,-0.0320313442082366,0.00201836393989983
0.238306614418853,2.1485656592179,1.87788114017051,7.88010498470639,9.33659036035194,0.0422045797530134,0.640537129274371,-0.0320700724845489,0.00203255425709516
0.24808234573661,2.20869237833224,1.92111951858129,7.74387840004122,9.2816424540605,0.0370235964796973,0.612339248814881,-0.0324918258905406,0.00221702838063439
0.250741052780184,2.22339239171156,1.93156196290873,7.70341330823902,9.26505362628717,0.0355827795056317,0.604457429046994,-0.0325340663537028,0.00227378964941569
0.251464676787865,2.22681706990172,1.93398220192921,7.69087025117533,9.25732113991438,0.0352925202262874,0.602696971780679,-0.0325931389580786,0.00228797996661102
0.258138425064944,2.25822963818298,1.95605533470568,7.57754423508845,9.20318185400291,0.0318875784464284,0.58351846778984,-0.0326710941930776,0.0024440734557596
0.259798822651232,2.26499218541429,1.9607664793268,7.54724928818878,9.1880343024639,0.0310522064737989,0.578750334296274,-0.0326681736585108,0.00248664440734558
0.262439909643789,2.27473416116202,1.96752229079309,7.49703920209246,9.16201935913452,0.0297468468169132,0.571222734489679,-0.0326518570190005,0.0025575959933222
0.263451896637257,2.27812819522301,1.96986571252536,7.47713619704033,9.15146903827981,0.0292519562319702,0.568347627413588,-0.0326403215569417,0.00258597662771285
0.263951139288104,2.27972186388921,1.97096450931139,7.46715666629522,9.14606673179514,0.0290114134014859,0.566941302099866,-0.0326350639937097,0.00260016694490818
0.26636572850599,2.28670985411196,1.97576652683357,7.41749525329471,9.11853954509626,0.027865144381932,0.56018638810025,-0.0326038314486643,0.00267111853088481
0.26767251671798,2.29015091501796,1.97812590622453,7.39009716230483,9.10485932022547,0.0271798532525256,0.556249684541602,-0.032533438232346,0.00271368948247078
0.269902021920689,2.29475189435069,1.98125999695768,7.34066378183665,9.07541760184349,0.026181088437067,0.55020274198135,-0.0325031013845466,0.00278464106844741
0.270673068600674,2.29620721352638,1.98225218679841,7.32341860624059,9.06698359180963,0.0257611979259072,0.547796751213317,-0.0324369266600018,0.00281302170283806
0.271100114465379,2.29686110218361,1.98269517434436,7.31351655182558,9.06079732302686,0.0255789840132243,0.546670129659808,-0.0324326536537504,0.00282721202003339
0.2734752656397,2.29975804700759,1.98465261090674,7.25715580260738,9.02705850531272,0.0245001211558134,0.540111834227477,-0.0323473683046073,0.00291235392320534
0.274175131247508,2.30035019311669,1.98505380156483,7.24009428766482,9.01795436297968,0.0241364437245937,0.537980449771373,-0.0322838860171664,0.00294073455759599
0.278286833164808,2.30050096455754,1.98515210621468,7.13347478081734,8.95274463664452,0.0222668003541717,0.526502758509242,-0.0320405859882349,0.0031110183639399
0.279587354458282,2.29939244681177,1.98440643609409,7.0976258562874,8.92895066746994,0.021731559554826,0.523086191514407,-0.031985054694398,0.0031677796327212
0.280178597589844,2.29864006027406,1.98390492013115,7.08085819972378,8.91850602726685,0.0214605123184485,0.521410712913887,-0.0319350545311698,0.00319616026711185
0.28234272582184,2.29444169555695,1.98112036493661,7.01672181980245,8.87931058523694,0.0204241728424894,0.515062964643653,-0.0316952545805612,0.00330968280467446
0.282885529724342,2.29312181479906,1.98024540547955,7.000165075284,8.86826709186901,0.0201943760337992,0.513594772724721,-0.031653943428115,0.00333806343906511
0.283632458206373,2.29095022857004,1.97881083341941,6.97667271909907,8.85340758576243,0.0198455502145919,0.511429387589158,-0.0315669099339577,0.00338063439065108
0.283943083994531,2.29018467341955,1.97830145612661,6.96724649283839,8.84594020977361,0.0197558588989089,0.510768169384336,-0.0315754511366351,0.00339482470784641
0.285165348306942,2.28599146597619,1.97553545671095,6.92768412585865,8.81946445080721,0.0192280928269895,0.507399994329029,-0.0314576862261277,0.00346577629382304
0.286055560781086,2.28225404752454,1.97307830086189,6.89753520426006,8.79981534085906,0.0188177913522818,0.504825921309157,-0.0313426049318978,0.00352253756260434
0.287476715749991,2.2749826552889,1.9683144853621,6.84686577216181,8.76706968253682,0.0181374902071559,0.500590360055566,-0.0311223040128418,0.00362186978297162
0.291047219706174,2.25014895999116,1.9521318050098,6.70726834972196,8.67119362698015,0.0165321458467996,0.490324609654179,-0.0305782293475599,0.00390567612687813
0.292166080057784,2.23892041896626,1.9448593011201,6.65669095035074,8.63701962002482,0.0159700442019975,0.486818081463997,-0.0303247531139563,0.00401919866444073
0.293509600570873,2.2241532849572,1.9353161533559,6.5937064736272,8.5917494468125,0.0153650360407693,0.482904377477682,-0.0300687880875695,0.00416110183639399
0.293646827964355,2.2226406218108,1.93433901615922,6.58729750145307,8.58687821451804,0.0153114512890783,0.482540747179441,-0.0300497116696934,0.00417529215358932
0.294399694824595,2.21187145729949,1.92740353445722,6.54689379214736,8.55888616320785,0.0149118386393412,0.480064241661245,-0.0298345150190207,0.00427462437395659
0.294983213488158,2.202450511326,1.92134582815974,6.51340734084472,8.53555216226121,0.0145924015696853,0.478095568772898,-0.0296514912525945,0.00435976627712855
0.295253187112573,2.1992828888405,1.91930750242167,6.50054795747178,8.52489812605425,0.0145118394434339,0.477489037802668,-0.0296346954195849,0.0043881469115192
0.296251741337605,2.17997979717864,1.9069276561208,6.43684876757465,8.47974989552633,0.0139463883848052,0.474020750515406,-0.0292844122132088,0.0045584307178631
0.296944045615042,2.1636603560182,1.89648398492313,6.38667120263368,8.44388473920487,0.013526004172963,0.471477604776206,-0.0289989710051682,0.00470033388981636
0.297211423207359,2.15874572315506,1.89333959319065,6.37034597378076,8.430659041281,0.0134265982729068,0.470782043746347,-0.0289546651533891,0.00474290484140234
0.29735273251423,2.15381803074187,1.89019289291091,6.35673624697716,8.42148790601249,0.0133043744644265,0.470094383659786,-0.0288542969965109,0.00478547579298831
0.298155366966197,2.1308292306869,1.87551932000166,6.29040938986115,8.37162485542038,0.0128356493686519,0.467216853013829,-0.0285221030212707,0.00498414023372287
0.298277201313638,2.1275543550748,1.87342934829852,6.28083319827255,8.36400057495546,0.0127787249706446,0.466844705058639,-0.0284863818828907,0.00501252086811352
0.298421976826245,2.12100518164616,1.86925745528654,6.2638062892228,8.35185385409155,0.012649676433742,0.466119182620117,-0.0283736337122188,0.00506928213689482
0.298694045308372,2.10959210839527,1.86198858489717,6.23376533326887,8.32945027503647,0.0124460892010462,0.464933823495932,-0.0282035414635987,0.0051686143572621
0.298697474486407,2.10796504396061,1.86095403958809,6.23023024479163,8.32736481633648,0.0124114364024155,0.464770783350829,-0.0281643461258406,0.00518280467445743
0.299116143258422,2.08539586664868,1.84659485937977,6.1735045098666,8.28483332548789,0.0120470176082836,0.462706775184735,-0.0278353398021234,0.00538146911519199
0.299263051655198,2.07426149024195,1.83951620646995,6.14682031843138,8.26492422037915,0.0118800935436176,0.46180073430346,-0.0276708969680334,0.00548080133555926
0.299576316513451,2.01905262683517,1.80445126117636,6.02334417545768,8.17219266699867,0.0111741599797475,0.458244767502799,-0.0268810564289538,0.00599165275459098
0.299584945722887,2.01757478523421,1.80351284010204,6.02003827578931,8.16954981311755,0.0111593577627892,0.458168212520622,-0.0268644437532234,0.00600584307178631
0.29965221326577,2.0058712555411,1.79607974647655,5.9938811293997,8.14839977036877,0.0110484419608972,0.457592010819424,-0.0267396832963723,0.00611936560934891
0.299295412195945,1.95984067924138,1.76685920455563,5.90339555020941,8.08062702906895,0.0106048077134804,0.455870674798693,-0.0260944483870018,0.00658764607679466
0.299079507076478,1.93760129724893,1.75273085809507,5.86041777060599,8.04696144198579,0.0104378149446703,0.455301415359406,-0.0258282851523991,0.00682888146911519
0.298878788456806,1.926229328329,1.7455061683161,5.84018082155857,8.03200914956701,0.0103494250077298,0.455082493401118,-0.0256685158843104,0.00695659432387312
0.298787695015937,1.92373874365449,1.74392452344093,5.83666781641696,8.03014003132148,0.010323054460749,0.45504690071683,-0.0256146964756953,0.00698497495826377
0.297773681158391,1.87242235277444,1.71127519670081,5.74689875224584,7.9612193144944,0.0100143265923547,0.454590493778978,-0.0249816363241513,0.0076093489148581
0.29764201857543,1.86807325589819,1.70850555948836,5.7401356423585,7.95645330796907,0.00998765904903481,0.454594222219478,-0.0249177757548922,0.0076661101836394
0.297553030660042,1.86271263669315,1.70508854579437,5.73036860694071,7.94828344190152,0.00996858017258625,0.454592031288303,-0.0248716312475097,0.00773706176961603
0.297086544645769,1.84607907249184,1.69448447321532,5.70367289853445,7.92824778682723,0.0098879493939703,0.454671237330482,-0.0246621815607564,0.00796410684474123
0.295659291239343,1.80251693072228,1.6666606482952,5.637098842079,7.87863940265217,0.00971664309354631,0.455274039146703,-0.0241240141587635,0.00861686143572621
0.295142943572661,1.78874983123458,1.65784989481963,5.61710835689177,7.86392801247183,0.00967382819285124,0.455584491838569,-0.0239559312448983,0.00884390651085142
0.294956540077157,1.78540961260818,1.65571306502547,5.61341363914952,7.8621123125178,0.00965502089515169,0.455681928339166,-0.0238924591277212,0.00890066777963272
