5.000000000000000000e+00 1.450169323193579158e-23
5.034693157380139006e+00 1.402988743504417159e-23
5.069627037794075974e+00 1.358159456671875018e-23
5.104803311530234922e+00 1.315512721940696407e-23
5.140223660466546995e+00 1.274893885331770422e-23
5.175889778150882137e+00 1.236161218152469403e-23
5.211803369882009207e+00 1.199184843249185892e-23
5.247966152791137873e+00 1.163845737261424076e-23
5.284379855924021818e+00 1.130034813135482682e-23
5.321046220323622400e+00 1.097652068821901104e-23
5.357966999113356721e+00 1.066605804409727595e-23
5.395143957580921246e+00 1.036811902583209203e-23
5.432578873262690955e+00 1.008193167419461970e-23
5.470273536028714467e+00 9.806787141088536509e-24
5.508229748168283813e+00 9.542034147914844443e-24
5.546449324476114384e+00 9.287073866234220211e-24
5.584934092339116418e+00 9.041355284599276463e-24
5.623685891823758887e+00 8.804370913749639260e-24
5.662706575764059558e+00 8.575652929373490861e-24
5.701998009850164806e+00 8.354769623995187573e-24
5.741562072717556475e+00 8.141322175526927731e-24
5.781400656036880470e+00 7.934941707959965154e-24
5.821515664604382856e+00 7.735286632642619847e-24
5.861909016432995223e+00 7.542040205911747367e-24
5.902582642844026672e+00 7.352874568469886544e-24
5.943538488559517496e+00 7.167714306752199436e-24
5.984778511795218137e+00 6.988430953460668414e-24
6.026304684354212071e+00 6.814772413911145676e-24
6.068118991721204836e+00 6.646502756316072118e-24
6.110223433157442763e+00 6.483400866631184079e-24
6.152620021796308514e+00 6.325259199635994396e-24
6.195310784739581855e+00 6.171882690558776526e-24
6.238297763154347919e+00 6.023087715353193924e-24
6.281583012370603569e+00 5.878701190577805194e-24
6.325168601979518357e+00 5.738559718473684823e-24
6.369056615932393584e+00 5.602508834619737164e-24
6.413249152640303485e+00 5.470402296002504623e-24
6.457748325074419427e+00 5.342101475477788277e-24
6.502556260867045523e+00 5.217474768310953421e-24
6.547675102413337278e+00 5.096397074055510004e-24
6.593107006973743189e+00 4.978749332684158954e-24
6.638854146777149801e+00 4.864418062259541401e-24
6.684918709124731961e+00 4.751623919353653103e-24
6.731302896494550936e+00 4.641960447560010582e-24
6.778008926646843513e+00 4.535370857084758637e-24
6.825039032730071398e+00 4.431758934330763959e-24
6.872395463387687364e+00 4.331032409546933201e-24
6.920080482865659022e+00 4.233102706025583172e-24
6.968096371120712895e+00 4.137884731927418751e-24
7.016445423929364544e+00 4.045296659915441254e-24
7.065129952997670770e+00 3.955259730610955112e-24
7.114152286071764308e+00 3.867698092329853677e-24
7.163514767049155907e+00 3.782538634043595084e-24
7.213219756090789581e+00 3.699710828506400606e-24
7.263269629733905219e+00 3.619146621685590581e-24
7.313666781005652595e+00 3.540780282013318456e-24
7.364413619537513611e+00 3.464548299892566905e-24
7.415512571680523024e+00 3.390389275394405422e-24
7.466966080621261881e+00 3.318243821362193755e-24
7.518776606498691173e+00 3.248054475695050275e-24
7.570946626521762646e+00 3.179765606737785813e-24
7.623478635087869826e+00 3.113323346021352915e-24
7.676375143902114395e+00 3.048675514012604481e-24
7.729638682097387914e+00 2.985771536689460052e-24
7.783271796355308858e+00 2.924562399477093378e-24
7.837277051027977670e+00 2.865000579729389778e-24
7.891657028260587126e+00 2.807039983806543065e-24
7.946414328114890679e+00 2.750635907741264188e-24
8.001551568693503924e+00 2.695744975603426918e-24
8.057071386265098667e+00 2.642325095985915154e-24
8.112976435390438112e+00 2.590335419028720267e-24
8.169269389049306440e+00 2.539736292161801036e-24
8.225952938768314127e+00 2.490489217197946314e-24
8.283029794749570129e+00 2.442556816891772473e-24
8.340502686000293764e+00 2.395902790594141721e-24
8.398374360463268573e+00 2.350491889690530528e-24
8.456647585148241220e+00 2.306289877347709282e-24
8.515325146264222766e+00 2.263263492700928621e-24
8.574409849352699453e+00 2.221380428738939770e-24
8.633904519421777835e+00 2.180609296345664222e-24
8.693812001081255403e+00 2.140919598736388589e-24
8.754135158678622020e+00 2.102281702058406237e-24
8.814876876436029463e+00 2.064666809477961373e-24
8.876040058588174020e+00 2.028046940100401624e-24
8.937627629521175621e+00 1.992394892964780193e-24
8.999642533912386000e+00 1.957684234689724310e-24
9.062087736871186294e+00 1.923889272365945917e-24
9.124966224080763411e+00 1.890985029469428273e-24
9.188281001940856285e+00 1.858947227328849438e-24
9.252035097711509337e+00 1.827752260140219526e-24
9.316231559657802919e+00 1.797377181571538503e-24
9.380873457195605170e+00 1.767799678986351088e-24
9.445963881038332843e+00 1.738998056839030197e-24
9.511505943344722880e+00 1.710951218604607588e-24
9.577502777867637818e+00 1.683638647619203358e-24
9.643957540103892612e+00 1.657040393216424830e-24
9.710873407445131278e+00 1.631137051006573539e-24
9.778253579329746259e+00 1.605909747475090311e-24
9.846101277395861828e+00 1.581340125745752696e-24
9.914419745635354886e+00 1.557410327177692485e-24
9.983212250548969990e+00 1.534102982797892931e-24
1.005248208130249488e+01 1.511981890160404415e-24
1.012223254988401777e+01 1.490594879638314749e-24
1.019246699126231981e+01 1.469735599391721471e-24
1.026318876354625864e+01 1.449390352333548085e-24
1.033440124814541505e+01 1.429545803155822464e-24
1.040610784993169524e+01 1.410188965074356597e-24
1.047831199740216412e+01 1.391307193819638205e-24
1.055101714284298176e+01 1.372888175422577138e-24
1.062422676249441267e+01 1.354919916042376581e-24
1.069794435671711241e+01 1.337390734302769070e-24
1.077217345015942129e+01 1.320289252540244679e-24
1.084691759192592109e+01 1.303604387548049076e-24
1.092218035574714108e+01 1.287325341169294946e-24
1.099796534015037253e+01 1.271441594407770367e-24
1.107427616863180120e+01 1.255942899619764607e-24
1.115111648982969150e+01 1.240819269733628537e-24
1.122848997769887447e+01 1.226060976105936499e-24
1.130640033168639569e+01 1.211658536412287558e-24
1.138485127690839782e+01 1.197602711004503608e-24
1.146384656432824833e+01 1.183884495934845310e-24
1.154338997093584673e+01 1.170495115187414574e-24
1.162348529992824453e+01 1.157426016514491858e-24
1.170413638089146957e+01 1.144668862789593478e-24
1.178534706998363824e+01 1.132215529390284861e-24
1.186712125011933594e+01 1.120058095971897514e-24
1.194946283115524999e+01 1.108188843027730960e-24
1.203237575007712579e+01 1.096600244726029876e-24
1.211586397118800207e+01 1.085284966303231147e-24
1.219993148629774993e+01 1.074235856656340828e-24
1.228458231491395480e+01 1.063445944721587228e-24
1.236982050443406855e+01 1.052908436090176901e-24
1.245565013033894708e+01 1.042616706307676174e-24
1.254207529638770424e+01 1.032564297891434660e-24
1.262910013481392113e+01 1.022744916260425410e-24
1.271672880652324622e+01 1.013152425278088462e-24
1.280496550129229583e+01 1.003780842776844923e-24
1.289381443796900939e+01 9.946243385047623654e-25
1.298327986467436013e+01 9.856772286365679689e-25
1.307336605900545834e+01 9.769339732333964164e-25
1.316407732824010424e+01 9.683891719907858490e-25
1.325541800954269256e+01 9.600375618565190957e-25
1.334739247017160935e+01 9.518740132474040216e-25
1.344000510768803558e+01 9.438935261281138394e-25
1.353326035016620388e+01 9.360912284921668403e-25
1.362716265640514379e+01 9.284623717736771510e-25
1.372171651614182508e+01 9.210023292548012319e-25
1.381692645026585531e+01 9.137065922282739371e-25
1.391279701103562694e+01 9.065707678485504742e-25
1.400933278229597434e+01 8.995905753995964127e-25
1.410653837969735847e+01 8.927618454470491583e-25
1.420441845091651878e+01 8.860805153338971706e-25
1.430297767587871505e+01 8.795426280604221086e-25
1.440222076698148790e+01 8.731443287225422328e-25
1.450215246931995594e+01 8.668818635228060087e-25
1.460277756091373114e+01 8.607515760342673506e-25
1.470410085293531743e+01 8.547499055244374913e-25
1.480612718994017740e+01 8.488733847245609236e-25
1.490886145009836561e+01 8.431186374967324342e-25
1.501230854542774473e+01 8.374823769029292474e-25
1.511647342202888744e+01 8.319614028326885708e-25
1.522136106032151126e+01 8.265526005364365894e-25
1.532697647528264007e+01 8.212529375360316213e-25
1.543332471668636963e+01 8.160594626815175124e-25
1.554041086934531712e+01 8.109693039687610687e-25
1.564824005335375823e+01 8.059796662657225369e-25
1.575681742433239485e+01 8.010878298453000754e-25
1.586614817367488683e+01 7.962911485347043650e-25
1.597623752879606585e+01 7.915870479567757975e-25
1.608709075338185457e+01 7.869730234126954379e-25
1.619871314764099068e+01 7.824466388810451565e-25
1.631111004855834778e+01 7.780055247327414771e-25
1.642428683015022273e+01 7.736473764017513919e-25
1.653824890372121104e+01 7.693699528184007457e-25
1.665300171812294039e+01 7.651710744608250252e-25
1.676855076001465861e+01 7.610486223735758499e-25
1.688490155412545590e+01 7.570005362675705455e-25
1.700205966351853704e+01 7.530248131840857846e-25
1.712003068985712417e+01 7.491195059734386757e-25
1.723882027367231728e+01 7.452827220999255735e-25
1.735843409463281262e+01 7.415126218712324278e-25
1.747887787181637265e+01 7.378074174703662373e-25
1.760015736398340280e+01 7.341653714670890840e-25
1.772227836985217664e+01 7.305847953370271357e-25
1.784524672837614645e+01 7.270640485320968772e-25
1.796906831902314394e+01 7.236015369370329049e-25
1.809374906205639988e+01 7.201957118836553749e-25
1.821929491881772734e+01 7.168450687543071328e-25
1.834571189201246710e+01 7.135481459824278459e-25
1.847300602599650787e+01 7.103035237242768863e-25
1.860118340706534568e+01 7.071098229752349733e-25
1.873025016374496232e+01 7.039657041598999941e-25
1.886021246708499532e+01 7.008698664778508375e-25
1.899107653095367709e+01 6.978210465199351570e-25
1.912284861233499456e+01 6.948180173104911760e-25
1.925553501162785963e+01 6.918595874807254582e-25
1.938914207294728342e+01 6.889446000389491969e-25
1.952367618442780639e+01 6.860719316661507356e-25
1.965914377852884698e+01 6.832404916493833101e-25
1.979555133234229203e+01 6.804492209681518289e-25
1.993290536790221168e+01 6.776970914370831500e-25
2.007121245249660646e+01 6.749831048924026238e-25
2.021047919898153822e+01 6.723062923009554768e-25
2.035071226609719020e+01 6.696657128662048781e-25
2.049191835878630386e+01 6.670604534131968574e-25
2.063410422851477577e+01 6.644896273880557362e-25
2.077727667359437191e+01 6.619523742756529516e-25
2.092144253950791111e+01 6.594478587486759701e-25
2.106660871923644152e+01 6.569752700031632092e-25
2.121278215358888275e+01 6.545338210135055635e-25
2.135996983153390261e+01 6.521227478510878187e-25
2.150817879053397164e+01 6.497413090257047171e-25
2.165741611688200052e+01 6.473887848712736916e-25
2.180768894604002384e+01 6.450644767831106716e-25
2.195900446298042752e+01 6.427677068108834818e-25
2.211136990252950341e+01 6.404978168496067827e-25
2.226479254971327393e+01 6.382541681451606380e-25
2.241927974010593871e+01 6.360361407460420608e-25
2.257483886018050612e+01 6.338431329532096891e-25
2.273147734766199335e+01 6.316745606522083030e-25
2.288920269188310286e+01 6.295298569938094171e-25
2.304802243414216534e+01 6.274084717373501065e-25
2.320794416806389648e+01 6.253098707810042702e-25
2.336897553996231380e+01 6.232335357250103477e-25
2.353112424920640322e+01 6.211789633630962600e-25
2.369439804858827614e+01 6.191456652677863084e-25
2.385880474469372459e+01 6.171331672590182184e-25
2.402435219827565405e+01 6.151410091085919010e-25
2.419104832462978294e+01 6.131687439843316229e-25
2.435890109397316294e+01 6.112159381625563226e-25
2.452791853182525017e+01 6.092821705845051643e-25
2.469810871939160180e+01 6.073670324330621342e-25
2.486947979395032249e+01 6.054701268330440108e-25
2.504203994924105814e+01 6.035910684552417054e-25
2.521579743585680333e+01 6.017294831699398121e-25
2.539076056163837691e+01 5.998850077018196603e-25
2.556693769207162603e+01 5.980572893101404538e-25
2.574433725068747236e+01 5.962459854806395390e-25
2.592296771946456246e+01 5.944507635840237448e-25
2.610283763923488465e+01 5.926713005944371081e-25
2.628395561009211789e+01 5.909072828031155012e-25
2.646633029180280161e+01 5.891584055116838086e-25
2.664997040422045060e+01 5.874243728005661832e-25
2.683488472770237721e+01 5.857048971842737053e-25
2.702108210352958650e+01 5.839996994426499547e-25
2.720857143432946046e+01 5.823085083158350934e-25
2.739736168450142983e+01 5.806310602771803778e-25
2.758746188064564109e+01 5.789670992824010617e-25
2.777888111199438370e+01 5.773163765686804631e-25
2.797162853084689971e+01 5.756786503967345446e-25
2.816571335300678314e+01 5.740536858735518654e-25
2.836114485822271192e+01 5.724412547120545778e-25
2.855793239063217115e+01 5.708411350494977742e-25
2.875608535920806474e+01 5.692531112407284996e-25
2.895561323820880162e+01 5.676769736662689424e-25
2.915652556763112102e+01 5.661125185619327524e-25
2.935883195366627163e+01 5.645595478283681397e-25
2.956254206915940230e+01 5.630178688591972951e-25
2.976766565407184473e+01 5.614872943753297265e-25
2.997421251594705538e+01 5.599676422580009184e-25
3.018219253037934635e+01 5.584587354025884060e-25
3.039161564148614758e+01 5.569604015513534386e-25
3.060249186238350916e+01 5.554724731664655496e-25
3.081483127566470870e+01 5.539947872442702243e-25
3.102864403388251446e+01 5.525271852335560433e-25
3.124394036003446828e+01 5.510695128581429219e-25
3.146073054805171409e+01 5.496216200038627363e-25
3.167902496329126549e+01 5.481833605902075549e-25
3.189883404303140679e+01 5.467545924298302369e-25
3.212016829697096654e+01 5.453351771535556992e-25
3.234303830773163213e+01 5.439249800473066047e-25
3.256745473136400904e+01 5.425238699686854168e-25
3.279342829785717583e+01 5.411317192282930912e-25
3.302096981165151846e+01 5.397484034981509029e-25
3.325009015215560737e+01 5.383738016853866909e-25
3.348080027426610883e+01 5.370077958607639747e-25
3.371311120889170354e+01 5.356502711488181402e-25
3.394703406348055807e+01 5.343011156403789053e-25
3.418258002255118555e+01 5.329602202983771311e-25
3.441976034822749142e+01 5.316274788793229928e-25
3.465858638077703091e+01 5.303027878432405211e-25
3.489906953915329524e+01 5.289860462741377872e-25
3.514122132154175659e+01 5.276771558008752860e-25
3.538505330590944453e+01 5.263760205260105080e-25
3.563057715055874297e+01 5.250825469432096351e-25
3.587780459468464045e+01 5.237966438719085134e-25
3.612674745893606598e+01 5.225182223891577661e-25
3.637741764598116134e+01 5.212471957552877452e-25
3.662982714107614868e+01 5.199834793566058452e-25
3.688398801263866744e+01 5.187269906388174212e-25
3.713991241282458589e+01 5.174776490448032914e-25
3.739761257810909711e+01 5.162353759612930687e-25
3.765710082987187235e+01 5.150000946524584539e-25
3.791838957498595164e+01 5.137717302134057204e-25
3.818149130641122468e+01 5.125502095120061925e-25
3.844641860379156384e+01 5.113354611336183480e-25
3.871318413405634118e+01 5.101274153403649286e-25
3.898180065202618039e+01 5.089260040111796055e-25
3.925228100102253848e+01 5.077311606024449085e-25
3.952463811348211919e+01 5.065428200989767747e-25
3.979888501157492442e+01 5.053609189682327986e-25
4.007503480782702354e+01 5.041853951201294271e-25
4.035310070574752928e+01 5.030161878633912625e-25
4.063309600045972303e+01 5.018532378668380849e-25
4.091503407933696224e+01 5.006964871172116960e-25
4.119892842264259514e+01 4.995458788851530720e-25
4.148479260417452963e+01 4.984013576848410306e-25
4.177264029191434958e+01 4.972628692401968598e-25
4.206248524868058780e+01 4.961303604504474768e-25
4.235434133278702973e+01 4.950037793558203697e-25
4.264822249870512394e+01 4.938830751060489818e-25
4.294414279773126708e+01 4.927681979282034716e-25
4.324211637865862912e+01 4.916590990955515007e-25
4.354215748845361134e+01 4.905557309004809044e-25
4.384428047293715025e+01 4.894580466231692781e-25
4.414849977747045529e+01 4.883660005055289609e-25
4.445482994764580553e+01 4.872795477241395336e-25
4.476328562998200056e+01 4.861986443636689728e-25
4.507388157262457895e+01 4.851232473917444291e-25
4.538663262605113857e+01 4.840533146350361509e-25
4.570155374378115454e+01 4.829888047552228501e-25
4.601865998309111916e+01 4.819296772253931932e-25
4.633796650573440701e+01 4.808758923100983974e-25
4.665948857866618482e+01 4.798274110397805446e-25
4.698324157477347285e+01 4.787841951940320725e-25
4.730924097361000236e+01 4.777462072786857568e-25
4.763750236213646616e+01 4.767134105069796188e-25
4.796804143546572874e+01 4.756857687810471136e-25
4.830087399761322331e+01 4.746632466722478030e-25
4.863601596225270640e+01 4.736458094041495962e-25
4.897348335347697201e+01 4.726334228349866080e-25
4.931329230656412221e+01 4.716260534414785713e-25
4.965545906874899629e+01 4.706236683008884768e-25
4.999999999999999289e+01 4.696262350772232800e-25
5.034693157380139894e+01 4.686337220039995002e-25
5.069627037794075619e+01 4.676460978712932224e-25
5.104803311530231724e+01 4.666633320097170986e-25
5.140223660466548239e+01 4.656853942776366636e-25
5.175889778150880716e+01 4.647122550473106132e-25
5.211803369882010628e+01 4.637438851907933210e-25
5.247966152791137517e+01 4.627802560694221540e-25
5.284379855924019154e+01 4.618213395190777832e-25
5.321046220323622578e+01 4.608671078400921056e-25
5.357966999113354944e+01 4.599175337844603351e-25
5.395143957580922489e+01 4.589725905457135676e-25
5.432578873262691133e+01 4.580322517466346812e-25
5.470273536028711447e+01 4.570964914304750978e-25
5.508229748168283635e+01 4.561652840488802518e-25
5.546449324476112963e+01 4.552386044536736194e-25
5.584934092339118195e+01 4.543164278861961788e-25
5.623685891823758709e+01 4.533987299678776597e-25
5.662706575764056538e+01 4.524854866924532093e-25
5.701998009850164806e+01 4.515766744157287857e-25
5.741562072717555054e+01 4.506722698480655247e-25
5.781400656036881713e+01 4.497722500458334363e-25
5.821515664604383034e+01 4.488765924035353171e-25
5.861909016432991848e+01 4.479852746458679393e-25
5.902582642844026850e+01 4.470982748206563193e-25
5.943538488559515542e+01 4.462155712914038386e-25
5.984778511795219202e+01 4.453371427298965473e-25
6.026304684354212071e+01 4.444629681100976654e-25
6.068118991721201638e+01 4.435930267011182181e-25
6.110223433157442230e+01 4.427272980608976514e-25
6.152620021796307270e+01 4.418657620298992339e-25
6.195310784739583454e+01 4.410083987253516956e-25
6.238297763154347564e+01 4.401551885354567036e-25
6.281583012370606411e+01 4.393061121134654730e-25
6.325168601979518002e+01 4.384611503724026340e-25
6.369056615932391452e+01 4.376202844798253633e-25
6.413249152640305795e+01 4.367834958527146679e-25
6.457748325074419427e+01 4.359507661523665761e-25
6.502556260867048366e+01 4.351220772798060567e-25
6.547675102413337811e+01 4.342974113710300317e-25
6.593107006973741591e+01 4.334767507923830005e-25
6.638854146777151755e+01 4.326600781366602757e-25
6.684918709124731606e+01 4.318473762182661403e-25
6.731302896494554489e+01 4.310386280697348439e-25
6.778008926646843690e+01 4.302338169373194678e-25
6.825039032730067845e+01 4.294329262775396455e-25
6.872395463387690029e+01 4.286359397533162062e-25
6.920080482865657245e+01 4.278428412304199887e-25
6.968096371120716981e+01 4.270536147739642757e-25
7.016445423929364722e+01 4.262682446452417961e-25
7.065129952997666862e+01 4.254867152984521667e-25
7.114152286071765730e+01 4.247090113773786419e-25
7.163514767049153420e+01 4.239351177127359035e-25
7.213219756090792600e+01 4.231650193190418691e-25
7.263269629733905219e+01 4.223987013918095457e-25
7.313666781005647977e+01 4.216361493049136471e-25
7.364413619537515387e+01 4.208773486080600670e-25
7.415512571680521603e+01 4.201222850240696600e-25
7.466966080621266144e+01 4.193709444466070585e-25
7.518776606498691706e+01 4.186233129378058983e-25
7.570946626521758560e+01 4.178793767260160019e-25
7.623478635087872135e+01 4.171391222035627766e-25
7.676375143902112086e+01 4.164025359248650454e-25
7.729638682097392177e+01 4.156696046041601904e-25
7.783271796355309391e+01 4.149403151137657983e-25
7.837277051027973584e+01 4.142146544821920740e-25
7.891657028260588902e+01 4.134926098922666053e-25
7.946414328114889258e+01 4.127741686795397777e-25
8.001551568693507477e+01 4.120593183306003731e-25
8.057071386265099022e+01 4.113480464815076628e-25
8.112976435390434915e+01 4.106403409162807595e-25
8.169269389049308927e+01 4.099361895654702078e-25
8.225952938768311640e+01 4.092355805048245787e-25
8.283029794749575103e+01 4.085385019538842846e-25
8.340502686000294830e+01 4.078449422748185287e-25
8.398374360463265020e+01 4.071548899711903011e-25
8.456647585148242285e+01 4.064683336868694140e-25
8.515325146264220280e+01 4.057852622049190881e-25
8.574409849352703361e+01 4.051056644465875987e-25
8.633904519421778900e+01 4.044295294703288505e-25
8.693812001081251140e+01 4.037568464709568478e-25
8.754135158678624862e+01 4.030876047787235744e-25
8.814876876436026976e+01 4.024217938585394942e-25
8.876040058588178283e+01 4.017594033092248617e-25
8.937627629521176686e+01 4.011004228628103495e-25
8.999642533912381737e+01 4.004448423838662353e-25
9.062087736871187360e+01 3.997926518689198899e-25
9.124966224080760924e+01 3.991438414458764782e-25
9.188281001940860904e+01 3.984984013735027528e-25
9.252035097711508627e+01 3.978563220410192574e-25
9.316231559657798300e+01 3.972175939676079519e-25
9.380873457195606591e+01 3.965822078020740271e-25
9.445963881038331067e+01 3.959501543225216805e-25
9.511505943344727143e+01 3.953214244360545480e-25
9.577502777867637462e+01 3.946960091785197592e-25
9.643957540103887993e+01 3.940738997143510356e-25
9.710873407445130567e+01 3.934550873363624290e-25
9.778253579329744127e+01 3.928395634656451895e-25
9.846101277395865736e+01 3.922273196515272662e-25
9.914419745635355241e+01 3.916183475715095279e-25
9.983212250548965017e+01 3.910126390312753134e-25
1.005248208130249452e+02 3.904101859647357985e-25
1.012223254988401777e+02 3.898109804341588414e-25
1.019246699126232016e+02 3.892150146302514963e-25
1.026318876354625900e+02 3.886222808723724297e-25
1.033440124814540866e+02 3.880327716087255089e-25
1.040610784993169489e+02 3.874464794166293397e-25
1.047831199740216306e+02 3.868633970028219302e-25
1.055101714284298140e+02 3.862835172037751361e-25
1.062422676249441338e+02 3.857068329861058996e-25
1.069794435671710602e+02 3.851333374470008508e-25
1.077217345015942129e+02 3.845630238146829242e-25
1.084691759192592002e+02 3.839958854489302291e-25
1.092218035574714037e+02 3.834319158416541539e-25
1.099796534015037253e+02 3.828711086175031386e-25
1.107427616863179480e+02 3.823134575345053400e-25
1.115111648982969115e+02 3.817589564848304983e-25
1.122848997769886807e+02 3.812075994955026271e-25
1.130640033168639604e+02 3.806593807292617054e-25
1.138485127690839818e+02 3.801142944854209164e-25
1.146384656432825437e+02 3.795723352008271547e-25
1.154338997093584709e+02 3.790334974508275030e-25
1.162348529992823813e+02 3.784977759503715340e-25
1.170413638089146957e+02 3.779651655551532384e-25
1.178534706998363788e+02 3.774356612628382227e-25
1.186712125011934233e+02 3.769092582143237846e-25
1.194946283115525034e+02 3.763859516951935403e-25
1.203237575007711939e+02 3.758657371371437227e-25
1.211586397118800136e+02 3.753486101196092199e-25
1.219993148629774993e+02 3.748345663715041798e-25
1.228458231491396191e+02 3.743236017729888785e-25
1.236982050443406962e+02 3.738157123574560311e-25
1.245565013033894104e+02 3.733108943137135369e-25
1.254207529638770353e+02 3.728091439882053840e-25
1.262910013481392184e+02 3.723104578875313388e-25
1.271672880652325262e+02 3.718148326811693643e-25
1.280496550129229547e+02 3.713222652043432288e-25
1.289381443796900157e+02 3.708327524613133395e-25
1.298327986467436119e+02 3.703462916288210781e-25
1.307336605900545976e+02 3.698628800600007640e-25
1.316407732824011134e+02 3.693825152886344842e-25
1.325541800954269434e+02 3.689051950338498925e-25
1.334739247017160153e+02 3.684309172054218726e-25
1.344000510768803451e+02 3.679596799095955512e-25
1.353326035016620494e+02 3.674914814556990050e-25
1.362716265640515019e+02 3.670263203635396456e-25
1.372171651614182508e+02 3.665641953717690095e-25
1.381692645026584785e+02 3.661051054474560121e-25
1.391279701103562729e+02 3.656490497969340051e-25
1.400933278229597363e+02 3.651960278783014702e-25
1.410653837969736628e+02 3.647460394158239375e-25
1.420441845091651771e+02 3.642990844166048824e-25
1.430297767587870794e+02 3.638551631900813462e-25
1.440222076698148612e+02 3.634142763707468380e-25
1.450215246931995523e+02 3.629764249450234116e-25
1.460277756091373931e+02 3.625416102830012068e-25
1.470410085293531779e+02 3.621098341763347339e-25
1.480612718994017030e+02 3.616810988835870635e-25
1.490886145009836525e+02 3.612554071849342110e-25
1.501230854542774296e+02 3.608327624485615578e-25
1.511647342202889490e+02 3.604131687118211286e-25
1.522136106032151304e+02 3.599966307810072312e-25
1.532697647528263190e+02 3.595831543551248530e-25
1.543332471668637140e+02 3.591727461804383323e-25
1.554041086934531677e+02 3.587654142451639414e-25
1.564824005335376569e+02 3.583611680267676332e-25
1.575681742433239378e+02 3.579600188090700248e-25
1.586614817367487831e+02 3.575619800929886438e-25
1.597623752879606513e+02 3.571670681339337213e-25
1.608709075338185528e+02 3.567753026533953506e-25
1.619871314764099282e+02 3.563867077926614512e-25
1.631111004855834778e+02 3.560013134082726037e-25
1.642428683015021704e+02 3.556191568579717395e-25
1.653824890372121104e+02 3.552402855024459519e-25
1.665300171812293968e+02 3.548647602726663804e-25
1.676855076001465932e+02 3.544926608577985859e-25
1.688490155412545448e+02 3.541240934170951821e-25
1.700205966351852851e+02 3.537592023304446024e-25
1.712003068985712559e+02 3.533981886094379067e-25
1.723882027367231728e+02 3.530413396802512328e-25
1.735843409463281262e+02 3.526890793700906413e-25
1.747887787181637407e+02 3.523420554901435483e-25
1.760015736398339357e+02 3.520013013137061973e-25
1.772227836985217664e+02 3.516685521359286939e-25
1.784524672837614503e+02 3.513469144987959424e-25
1.796906831902314536e+02 3.510424224681366337e-25
1.809374906205640059e+02 3.507681375909083501e-25
1.821929491881772094e+02 3.505569721329677115e-25
1.834571189201246852e+02 3.505134356726573608e-25
1.847300602599650858e+02 3.511358063107163187e-25
1.860118340706534639e+02 3.589581775531824007e-25
1.873025016374496374e+02 3.822902986085826709e-25
1.886021246708498609e+02 3.507921393287021427e-25
1.899107653095367994e+02 3.489637131182063310e-25
1.912284861233499385e+02 3.482765468655743193e-25
1.925553501162786176e+02 3.478198784380767452e-25
1.938914207294728271e+02 3.474404342522870487e-25
1.952367618442779644e+02 3.470952018708853418e-25
1.965914377852884911e+02 3.467683631986938280e-25
1.979555133234229061e+02 3.464530161001647502e-25
1.993290536790221097e+02 3.461457691173705384e-25
2.007121245249660717e+02 3.458448037722988937e-25
2.021047919898154817e+02 3.455490778661632625e-25
2.035071226609719020e+02 3.452579622530328981e-25
2.049191835878630457e+02 3.449710612724755281e-25
2.063410422851477790e+02 3.446881179839261727e-25
2.077727667359437476e+02 3.444089613849640747e-25
2.092144253950791892e+02 3.441334756517575431e-25
2.106660871923644152e+02 3.438615815079795921e-25
2.121278215358888133e+02 3.435932245578017422e-25
2.135996983153390261e+02 3.433283677647627699e-25
2.150817879053397235e+02 3.430669864778251203e-25
2.165741611688201260e+02 3.428090650667431463e-25
2.180768894604002526e+02 3.425545945997568821e-25
2.195900446298042823e+02 3.423035712114045001e-25
2.211136990252950341e+02 3.420559949366401512e-25
2.226479254971327464e+02 3.418118688656018696e-25
2.241927974010595221e+02 3.415711985228206999e-25
2.257483886018050612e+02 3.413339914055243985e-25
2.273147734766199335e+02 3.411002566366978061e-25
2.288920269188310215e+02 3.408700047016623699e-25
2.304802243414216605e+02 3.406432472462652533e-25
2.320794416806390643e+02 3.404199969211877717e-25
2.336897553996231522e+02 3.402002672607263036e-25
2.353112424920640535e+02 3.399840725880693024e-25
2.369439804858827756e+02 3.397714279407277917e-25
2.385880474469372530e+02 3.395623490116270275e-25
2.402435219827566755e+02 3.393568521024182500e-25
2.419104832462978152e+02 3.391549540863720465e-25
2.435890109397315086e+02 3.389566723788589789e-25
2.452791853182525017e+02 3.387620249139017317e-25
2.469810871939160108e+02 3.385710301255517458e-25
2.486947979395033599e+02 3.383837069331970085e-25
2.504203994924105814e+02 3.382000747299924339e-25
2.521579743585679125e+02 3.380201533739911256e-25
2.539076056163837620e+02 3.378439631812935861e-25
2.556693769207162745e+02 3.376715249209938719e-25
2.574433725068748231e+02 3.375028598115921778e-25
2.592296771946456033e+02 3.373379895186185471e-25
2.610283763923487186e+02 3.371769361532658546e-25
2.628395561009211860e+02 3.370197222719027110e-25
2.646633029180280232e+02 3.368663708762655369e-25
2.664997040422045984e+02 3.367169054143754025e-25
2.683488472770237649e+02 3.365713497818831880e-25
2.702108210352957371e+02 3.364297283239470685e-25
2.720857143432946259e+02 3.362920658375320747e-25
2.739736168450143055e+02 3.361583875739733596e-25
2.758746188064563967e+02 3.360287192419898718e-25
2.777888111199438299e+02 3.359030870109084247e-25
2.797162853084688550e+02 3.357815175141751180e-25
2.816571335300678243e+02 3.356640378531467209e-25
2.836114485822271263e+02 3.355506756010900155e-25
2.855793239063216902e+02 3.354414588074175715e-25
2.875608535920806617e+02 3.353364160022128488e-25
2.895561323820878670e+02 3.352355762009635361e-25
2.915652556763112102e+02 3.351389689095768257e-25
2.935883195366627092e+02 3.350466241296590356e-25
2.956254206915940017e+02 3.349585723641549065e-25
2.976766565407184544e+02 3.348748446233581426e-25
2.997421251594703904e+02 3.347954724313482080e-25
3.018219253037934777e+02 3.347204878329750586e-25
3.039161564148614616e+02 3.346499234014623865e-25
3.060249186238351058e+02 3.345838122468703533e-25
3.081483127566470444e+02 3.345221880254827385e-25
3.102864403388250025e+02 3.344650849506111102e-25
3.124394036003446899e+02 3.344125378049801276e-25
3.146073054805171409e+02 3.343645819553246095e-25
3.167902496329126620e+02 3.343212533699451748e-25
3.189883404303140537e+02 3.342825886401442547e-25
3.212016829697095091e+02 3.342486250070652001e-25
3.234303830773163213e+02 3.342194003958523307e-25
3.256745473136401188e+02 3.341949534603179303e-25
3.279342829785717299e+02 3.341753236422755071e-25
3.302096981165151988e+02 3.341605512525309415e-25
3.325009015215558748e+02 3.341506775836230933e-25
3.348080027426610741e+02 3.341457450707093053e-25
3.371311120889170638e+02 3.341457975269296779e-25
3.394703406348055523e+02 3.341508804969700562e-25
3.418258002255118981e+02 3.341610418041721356e-25
3.441976034822747579e+02 3.341763324248373243e-25
3.465858638077702949e+02 3.341968079379413341e-25
3.489906953915329382e+02 3.342225310324513707e-25
3.514122132154175802e+02 3.342535760638287186e-25
3.538505330590944027e+02 3.342900378371723333e-25
3.563057715055872450e+02 3.343320498007082562e-25
3.587780459468463619e+02 3.343798252834771987e-25
3.612674745893606314e+02 3.344337625323449492e-25
3.637741764598115992e+02 3.344947581341715656e-25
3.662982714107614584e+02 3.345653841208668923e-25
3.688398801263868449e+02 3.346563257136067939e-25
3.713991241282458873e+02 3.348645394604855804e-25
3.739761257810910138e+02 3.471233423278226824e-25
3.765710082987187093e+02 3.349635529341559265e-25
3.791838957498594596e+02 3.349757006659387540e-25
3.818149130641124316e+02 3.350567966820954873e-25
3.844641860379156242e+02 3.351540128562090446e-25
3.871318413405634260e+02 3.352602024895256397e-25
3.898180065202618039e+02 3.353735789066384311e-25
3.925228100102253848e+02 3.354935557637651880e-25
3.952463811348213767e+02 3.356199186841679309e-25
3.979888501157492442e+02 3.357525945901485152e-25
4.007503480782701786e+02 3.358915723413329097e-25
4.035310070574753354e+02 3.360368710770214571e-25
4.063309600045972161e+02 3.361885261181154872e-25
4.091503407933698213e+02 3.363465821287677815e-25
4.119892842264259230e+02 3.365110895649528214e-25
4.148479260417452679e+02 3.366821027242420851e-25
4.177264029191435384e+02 3.368596786240301556e-25
4.206248524868058780e+02 3.370438763308752911e-25
4.235434133278704962e+02 3.372347565462676138e-25
4.264822249870512110e+02 3.374323813435668819e-25
4.294414279773124008e+02 3.376368139974120403e-25
4.324211637865862485e+02 3.378481188708255493e-25
4.354215748845361418e+02 3.380663613396934746e-25
4.384428047293717441e+02 3.382916077417910933e-25
4.414849977747045386e+02 3.385239253423094094e-25
4.445482994764578280e+02 3.387633823107559553e-25
4.476328562998199914e+02 3.390100477057199720e-25
4.507388157262458321e+02 3.392639914653109562e-25
4.538663262605115847e+02 3.395252844016330563e-25
4.570155374378115312e+02 3.397939981983106106e-25
4.601865998309110068e+02 3.400702054101680094e-25
4.633796650573440843e+02 3.403539794647914028e-25
4.665948857866619051e+02 3.406453946653704589e-25
4.698324157477349559e+02 3.409445261947407324e-25
4.730924097361000236e+02 3.412514501204809938e-25
4.763750236213644484e+02 3.415662434009187660e-25
4.796804143546572732e+02 3.418889838922032184e-25
4.830087399761322331e+02 3.422197503564416546e-25
4.863601596225273056e+02 3.425586224712547654e-25
4.897348335347697343e+02 3.429056808410275800e-25
4.931329230656409663e+02 3.432610070104916596e-25
4.965545906874899629e+02 3.436246834817428583e-25
4.999999999999999432e+02 3.439967937359458614e-25
5.034693157380134494e+02 3.443774222624400691e-25
5.069627037794076045e+02 3.447666545990718172e-25
5.104803311530232008e+02 3.451645773905607485e-25
5.140223660466548381e+02 3.455712784765110493e-25
5.175889778150880147e+02 3.459868470303451009e-25
5.211803369882004517e+02 3.464113737888113590e-25
5.247966152791137802e+02 3.468449514509167391e-25
5.284379855924019012e+02 3.472876754120476796e-25
5.321046220323622720e+02 3.477396452070202316e-25
5.357966999113355087e+02 3.482009675820763577e-25
5.395143957580917231e+02 3.486717637199779048e-25
5.432578873262691559e+02 3.491521885962082459e-25
5.470273536028711305e+02 3.496424930623953720e-25
5.508229748168283777e+02 3.501432848357625168e-25
5.546449324476112679e+02 3.506572891054037420e-25
5.584934092339112794e+02 3.512305177036553477e-25
5.623685891823758993e+02 3.517740534642639345e-25
5.662706575764057106e+02 3.522445188878539944e-25
5.701998009850165090e+02 3.527889828654276984e-25
5.741562072717555338e+02 3.533473777808349319e-25
5.781400656036876171e+02 3.539169633945666205e-25
5.821515664604382891e+02 3.544973244230919848e-25
5.861909016432991848e+02 3.550884152909063353e-25
5.902582642844026850e+02 3.556902862630998503e-25
5.943538488559515827e+02 3.563030205478216728e-25
5.984778511795212808e+02 3.569267152099458739e-25
6.026304684354212213e+02 3.575614742130924082e-25
6.068118991721202065e+02 3.582074055278498489e-25
6.110223433157442514e+02 3.588646198060820163e-25
6.152620021796307128e+02 3.595332297258343894e-25
6.195310784739577912e+02 3.602133496483478132e-25
6.238297763154347422e+02 3.609050954307769480e-25
6.281583012370599590e+02 3.616085843211189361e-25
6.325168601979518144e+02 3.623239348986662105e-25
6.369056615932391878e+02 3.630512670409156398e-25
6.413249152640298689e+02 3.637907019063984129e-25
6.457748325074419427e+02 3.645423619274986408e-25
6.502556260867041829e+02 3.653063708098125291e-25
6.547675102413337527e+02 3.660828535360989107e-25
6.593107006973741591e+02 3.668719363736002801e-25
6.638854146777144933e+02 3.676737468841842332e-25
6.684918709124732459e+02 3.684884139371715085e-25
6.731302896494547667e+02 3.693160677252003853e-25
6.778008926646843975e+02 3.701568397838453172e-25
6.825039032730068129e+02 3.710108630168200360e-25
6.872395463387682639e+02 3.718782717298120444e-25
6.920080482865656677e+02 3.727592016789162436e-25
6.968096371120709591e+02 3.736537901448974313e-25
7.016445423929365006e+02 3.745621760566229029e-25
7.065129952997667715e+02 3.754845002133480194e-25
7.114152286071758908e+02 3.764209057223264898e-25
7.163514767049153988e+02 3.773715389493994537e-25
7.213219756090785495e+02 3.783365518426320827e-25
7.263269629733905504e+02 3.793161085405276322e-25
7.313666781005648545e+02 3.803104085919257415e-25
7.364413619537507429e+02 3.813198005655063758e-25
7.415512571680520750e+02 3.823458381222603857e-25
7.466966080621258470e+02 3.836024311950519045e-25
7.518776606498690853e+02 3.844407371132386662e-25
7.570946626521758844e+02 3.855066335182675563e-25
7.623478635087872135e+02 3.865912655668788282e-25
7.676375143902112086e+02 3.876920143662209879e-25
7.729638682097383935e+02 3.888087513633329895e-25
7.783271796355309107e+02 3.899415712568035770e-25
7.837277051027973584e+02 3.910906148106205259e-25
7.891657028260589186e+02 3.922560375500852687e-25
7.946414328114889258e+02 3.934380552974245200e-25
8.001551568693499803e+02 3.946366693113144221e-25
8.057071386265098454e+02 3.958522119459258974e-25
8.112976435390434062e+02 3.970847989228531638e-25
8.169269389049309211e+02 3.983346023860023949e-25
8.225952938768310787e+02 3.996017965600980789e-25
8.283029794749566008e+02 4.008865576069542684e-25
8.340502686000294261e+02 4.021890636067195677e-25
8.398374360463265020e+02 4.035094945628229798e-25
8.456647585148242570e+02 4.048480324177133622e-25
8.515325146264220848e+02 4.062048610753309761e-25
8.574409849352695119e+02 4.075801664291595565e-25
8.633904519421778332e+02 4.089741363963161086e-25
8.693812001081250855e+02 4.103869609599148965e-25
8.754135158678624293e+02 4.118188322249208744e-25
8.814876876436027260e+02 4.132699444994795692e-25
8.876040058588170041e+02 4.147404944290096238e-25
8.937627629521176686e+02 4.162306812515108951e-25
8.999642533912381168e+02 4.177407073645648885e-25
9.062087736871186507e+02 4.192707798196589469e-25
9.124966224080760639e+02 4.208211151764354468e-25
9.188281001940850956e+02 4.223919607504513338e-25
9.252035097711509479e+02 4.239837517110006118e-25
9.316231559657798016e+02 4.256026081590923352e-25
9.380873457195606306e+02 4.272316788449807458e-25
9.445963881038330783e+02 4.288838246723423423e-25
9.511505943344717480e+02 4.305597520208964701e-25
9.577502777867638315e+02 4.322576007716813684e-25
9.643957540103887141e+02 4.339774574530765345e-25
9.710873407445130852e+02 4.357195213987014492e-25
9.778253579329743843e+02 4.374840135966873970e-25
9.846101277395855504e+02 4.392711627977420751e-25
9.914419745635356094e+02 4.410812022165610996e-25
9.983212250548965585e+02 4.429143685352049568e-25
1.005248208130249395e+03 4.447709015625299125e-25
1.012223254988401777e+03 4.466510441186469275e-25
1.019246699126230965e+03 4.485550420080655607e-25
1.026318876354625900e+03 4.504831440323677264e-25
1.033440124814540923e+03 4.524356020224715247e-25
1.040610784993169545e+03 4.544126708829831946e-25
1.047831199740216334e+03 4.564146086456580455e-25
1.055101714284297032e+03 4.584416765333448709e-25
1.062422676249441338e+03 4.604941390409393971e-25
1.069794435671710517e+03 4.625722640501045422e-25
1.077217345015942101e+03 4.646763230249271345e-25
1.084691759192592144e+03 4.668065914317325878e-25
1.092218035574712985e+03 4.689633499057399014e-25
1.099796534015037196e+03 4.711468886299741861e-25
1.107427616863179537e+03 4.733575327255037399e-25
1.115111648982969200e+03 4.755960182657273738e-25
1.122848997769886864e+03 4.778672619986231574e-25
1.130640033168638411e+03 4.801545200922064429e-25
1.138485127690839818e+03 4.824760381389448308e-25
1.146384656432824158e+03 4.848262159147292426e-25
1.154338997093584794e+03 4.872052544373057825e-25
1.162348529992823842e+03 4.896134487634123731e-25
1.170413638089145707e+03 4.920511099838570002e-25
1.178534706998363845e+03 4.945185561573167796e-25
1.186712125011933040e+03 4.970161104643831387e-25
1.194946283115524921e+03 4.995441007323999077e-25
1.203237575007711939e+03 5.021028593198578588e-25
1.211586397118798914e+03 5.046927231181379277e-25
1.219993148629774851e+03 5.073140335986917910e-25
1.228458231491394827e+03 5.099671368820991294e-25
1.236982050443406933e+03 5.126523838215287362e-25
1.245565013033894047e+03 5.153701301023681845e-25
1.254207529638769074e+03 5.181207363705937789e-25
1.262910013481392070e+03 5.209045684322660901e-25
1.271672880652324011e+03 5.237219976714214106e-25
1.280496550129229490e+03 5.265734023250868551e-25
1.289381443796900385e+03 5.294591735909022456e-25
1.298327986467434812e+03 5.323797768613895939e-25
1.307336605900545919e+03 5.354463177539923663e-25
1.316407732824009827e+03 5.383265354640235937e-25
1.325541800954269320e+03 5.413534780061998122e-25
1.334739247017160324e+03 5.444168642078917839e-25
1.344000510768802087e+03 5.475170166150993004e-25
1.353326035016620381e+03 5.506543447362957352e-25
1.362716265640513711e+03 5.538292721485840118e-25
1.372171651614182565e+03 5.570422302281815954e-25
1.381692645026584842e+03 5.602936570803137110e-25
1.391279701103562729e+03 5.635839973377054182e-25
1.400933278229597590e+03 5.669137021709148490e-25
1.410653837969735150e+03 5.702832293666258157e-25
1.420441845091651885e+03 5.736930434343524837e-25
1.430297767587870794e+03 5.771436157335924118e-25
1.440222076698148840e+03 5.806354246302905444e-25
1.450215246931995580e+03 5.841689557269308425e-25
1.460277756091372339e+03 5.877447023503635012e-25
1.470410085293531665e+03 5.913631673049379588e-25
1.480612718994017087e+03 5.950248754930552820e-25
1.490886145009836582e+03 5.987309124948172040e-25
1.501230854542774523e+03 6.024800773426394972e-25
1.511647342202888012e+03 6.062743983490780555e-25
1.522136106032151247e+03 6.101141699716091996e-25
1.532697647528263133e+03 6.139998254312437702e-25
1.543332471668637027e+03 6.179319110731737794e-25
1.554041086934531677e+03 6.219109882325170579e-25
1.564824005335374977e+03 6.259376279601391398e-25
1.575681742433239378e+03 6.300124103227397739e-25
1.586614817367487831e+03 6.341359243510095817e-25
1.597623752879606627e+03 6.383087681343421168e-25
1.608709075338185585e+03 6.425315489629938356e-25
1.619871314764097406e+03 6.468048834984811869e-25
1.631111004855834835e+03 6.511293979863255284e-25
1.642428683015021534e+03 6.555057285981172993e-25
1.653824890372120990e+03 6.599345223878944588e-25
1.665300171812294138e+03 6.644164433996005365e-25
1.676855076001464113e+03 6.689524052728610421e-25
1.688490155412545391e+03 6.735423425723989763e-25
1.700205966351852794e+03 6.781875596275706023e-25
1.712003068985712616e+03 6.828886858230697274e-25
1.723882027367231785e+03 6.876463680000307941e-25
1.735843409463279386e+03 6.924613211852921615e-25
1.747887787181637350e+03 6.973342751068108916e-25
1.760015736398339186e+03 7.022659715666387711e-25
1.772227836985217436e+03 7.072571642060200606e-25
1.784524672837614617e+03 7.123086186074517714e-25
1.796906831902312661e+03 7.174211124770636345e-25
1.809374906205639945e+03 7.225954358654947744e-25
1.821929491881772037e+03 7.278323914484706196e-25
1.834571189201246852e+03 7.331327950356278460e-25
1.847300602599651029e+03 7.384974776788101477e-25
1.860118340706532763e+03 7.439273239419227857e-25
1.873025016374496317e+03 7.494231391465636681e-25
1.886021246708498438e+03 7.549856403062443096e-25
1.899107653095367823e+03 7.606159609779575475e-25
1.912284861233499214e+03 7.663149043994275167e-25
1.925553501162784187e+03 7.720833776815053075e-25
1.938914207294728385e+03 7.779223055055426080e-25
1.952367618442779758e+03 7.838326278529656907e-25
1.965914377852884854e+03 7.898152999310261386e-25
1.979555133234229061e+03 7.958712923666858736e-25
1.993290536790218994e+03 8.020015914678401023e-25
2.007121245249660660e+03 8.082071995420658339e-25
2.021047919898152713e+03 8.144891354132469639e-25
2.035071226609719133e+03 8.208484365359709519e-25
2.049191835878630627e+03 8.272862319253168080e-25
2.063410422851475687e+03 8.338033568694154510e-25
2.077727667359437419e+03 8.404010952927198749e-25
2.092144253950789789e+03 8.470805250220936011e-25
2.106660871923644208e+03 8.538427496133989944e-25
2.121278215358888247e+03 8.606889076209139865e-25
2.135996983153388101e+03 8.676201571786259579e-25
2.150817879053397064e+03 8.746376754965533478e-25
2.165741611688199100e+03 8.817426590677145767e-25
2.180768894604002526e+03 8.889363239891381050e-25
2.195900446298042880e+03 8.962199063535577216e-25
2.211136990252948181e+03 9.035946629110479884e-25
2.226479254971327464e+03 9.110618750478821511e-25
2.241927974010592607e+03 9.186240596336661772e-25
2.257483886018050725e+03 9.262788456693903311e-25
2.273147734766199392e+03 9.340312706147491472e-25
2.288920269188307884e+03 9.418814695764707997e-25
2.304802243414216719e+03 9.498308252706019131e-25
2.320794416806388199e+03 9.578807456085682543e-25
2.336897553996231636e+03 9.660326620329173613e-25
2.353112424920640478e+03 9.742880297312763305e-25
2.369439804858825028e+03 9.826483280330947524e-25
2.385880474469372530e+03 9.911150608982470199e-25
2.402435219827564197e+03 9.996897578462527146e-25
2.419104832462978266e+03 1.008373987089790299e-24
2.435890109397314973e+03 1.017169293094557313e-24
2.452791853182522573e+03 1.026077293812594901e-24
2.469810871939159824e+03 1.035099643436915711e-24
2.486947979395030870e+03 1.044237990941540243e-24
2.504203994924105700e+03 1.053494023861004363e-24
2.521579743585678898e+03 1.062869458446108941e-24
2.539076056163837620e+03 1.072366039773906083e-24
2.556693769207162859e+03 1.081985542223457877e-24
2.574433725068745844e+03 1.091729770067461601e-24
2.592296771946456374e+03 1.101600558677180099e-24
2.610283763923487186e+03 1.111599844167275730e-24
2.628395561009212088e+03 1.121729305720898418e-24
2.646633029180280118e+03 1.131991086990829934e-24
2.664997040422043483e+03 1.142387082511713546e-24
2.683488472770237877e+03 1.152919284490233761e-24
2.702108210352957030e+03 1.163589720947443895e-24
2.720857143432946032e+03 1.174400454447356523e-24
2.739736168450142941e+03 1.185353582603137244e-24
2.758746188064561011e+03 1.196451238749504535e-24
2.777888111199438299e+03 1.207695593084969179e-24
2.797162853084688322e+03 1.219088926652434487e-24
2.816571335300678584e+03 1.230633255691664868e-24
2.836114485822271490e+03 1.242331089439879182e-24
2.855793239063214060e+03 1.254184676494956371e-24
2.875608535920806389e+03 1.266196376738947529e-24
2.895561323820878897e+03 1.278368591702446075e-24
2.915652556763111988e+03 1.290703764229678217e-24
2.935883195366627206e+03 1.303204379178656216e-24
2.956254206915937175e+03 1.315872964331321055e-24
2.976766565407184771e+03 1.328712095250642850e-24
2.997421251594703790e+03 1.341724375142623400e-24
3.018219253037934777e+03 1.354912470712692224e-24
3.039161564148614616e+03 1.368279092791943720e-24
3.060249186238348102e+03 1.381826991706381131e-24
3.081483127566470557e+03 1.395558968224779772e-24
3.102864403388249684e+03 1.409477871765580785e-24
3.124394036003446672e+03 1.423586601194466261e-24
3.146073054805171523e+03 1.437888105902112518e-24
3.167902496329123551e+03 1.452385402757128124e-24
3.189883404303140651e+03 1.467081492961123018e-24
3.212016829697095091e+03 1.481979532277244266e-24
3.234303830773163099e+03 1.497082665006367619e-24
3.256745473136400960e+03 1.512394104753414285e-24
3.279342829785714002e+03 1.527917121711372464e-24
3.302096981165152101e+03 1.543655042990469374e-24
3.325009015215558520e+03 1.559611253625646689e-24
3.348080027426610741e+03 1.575789199604806632e-24
3.371311120889170525e+03 1.592192378170949425e-24
3.394703406348052340e+03 1.608824356913728579e-24
3.418258002255118754e+03 1.625688763849122548e-24
3.441976034822747806e+03 1.642789286209610246e-24
3.465858638077703290e+03 1.660129676280994022e-24
3.489906953915329723e+03 1.677713751051363255e-24
3.514122132154172050e+03 1.695545393191458842e-24
3.538505330590944141e+03 1.713628557355619919e-24
3.563057715055871995e+03 1.731967242416475231e-24
3.587780459468463505e+03 1.750565549902715874e-24
3.612674745893606541e+03 1.769427628923097541e-24
3.637741764598112240e+03 1.788557702595662252e-24
3.662982714107614811e+03 1.807960065074566737e-24
3.688398801263864698e+03 1.827639081845241717e-24
3.713991241282458759e+03 1.847599190760392915e-24
3.739761257810910138e+03 1.867844902105930493e-24
3.765710082987183341e+03 1.888380792736342145e-24
3.791838957498594937e+03 1.909211525305133785e-24
3.818149130641120337e+03 1.930341826330383778e-24
3.844641860379156242e+03 1.951776498076952806e-24
3.871318413405634146e+03 1.973520416125586906e-24
3.898180065202614060e+03 1.995578529322197085e-24
3.925228100102254302e+03 2.017955859772452053e-24
3.952463811348209674e+03 2.040657493702874243e-24
3.979888501157492556e+03 2.063688601467489180e-24
4.007503480782701899e+03 2.087054412994220337e-24
4.035310070574748806e+03 2.110760228173075441e-24
4.063309600045972275e+03 2.134811412418128532e-24
4.091503407933694234e+03 2.159213394974277653e-24
4.119892842264259343e+03 2.183971660999181028e-24
4.148479260417452679e+03 2.209091757049209117e-24
4.177264029191431291e+03 2.234579279376551258e-24
4.206248524868058666e+03 2.260439870725194231e-24
4.235434133278700756e+03 2.286679215271531385e-24
4.264822249870511769e+03 2.313303031653251349e-24
4.294414279773124690e+03 2.340317069236314009e-24
4.324211637865858393e+03 2.367727076211528001e-24
4.354215748845361304e+03 2.395538836968167399e-24
4.384428047293712552e+03 2.423758111720044079e-24
4.414849977747045159e+03 2.452390647411786541e-24
4.445482994764578507e+03 2.481442157578211376e-24
4.476328562998200141e+03 2.510918419535691643e-24
4.507388157262457753e+03 2.540824679149370979e-24
4.538663262605111413e+03 2.571166779610188841e-24
4.570155374378115084e+03 2.601949983764385119e-24
4.601865998309110182e+03 2.633179520696395925e-24
4.633796650573441184e+03 2.664860437520293877e-24
4.665948857866618710e+03 2.696997565591965853e-24
4.698324157477344670e+03 2.729595456491332861e-24
4.730924097361000349e+03 2.762658377356695407e-24
4.763750236213644712e+03 2.796190211685196487e-24
4.796804143546572959e+03 2.830194419393300196e-24
4.830087399761322558e+03 2.864673962232104948e-24
4.863601596225267713e+03 2.899631222591194903e-24
4.897348335347696775e+03 2.935067915185984289e-24
4.931329230656409891e+03 2.970984983571482747e-24
4.965545906874899629e+03 3.007382483164394778e-24
5.000000000000000000e+03 3.044259450457000038e-24
