5.000000000000000000e+00 1.449241770853623988e-23
5.034693157380139006e+00 1.402066647590190718e-23
5.069627037794075974e+00 1.357243520958807596e-23
5.104803311530234922e+00 1.314603611587878961e-23
5.140223660466546995e+00 1.273992227018619460e-23
5.175889778150882137e+00 1.235267600510032171e-23
5.211803369882009207e+00 1.198299817545884841e-23
5.247966152791137873e+00 1.162969818299457552e-23
5.284379855924021818e+00 1.129168480322754264e-23
5.321046220323622400e+00 1.096795767380894464e-23
5.357966999113356721e+00 1.065759946691279830e-23
5.395143957580921246e+00 1.035976869457611869e-23
5.432578873262690955e+00 1.007369309718951630e-23
5.470273536028714467e+00 9.798663540961845947e-24
5.508229748168283813e+00 9.534028476404169484e-24
5.546449324476114384e+00 9.279188818907232492e-24
5.584934092339116418e+00 9.033593315401940201e-24
5.623685891823758887e+00 8.796734249220278658e-24
5.662706575764059558e+00 8.568143582496725717e-24
5.701998009850164806e+00 8.347389407602225045e-24
5.741562072717556475e+00 8.134072715197895597e-24
5.781400656036880470e+00 7.927824454402521194e-24
5.821515664604382856e+00 7.728302873542592349e-24
5.861909016432995223e+00 7.535191077222925232e-24
5.902582642844026672e+00 7.346159206557116827e-24
5.943538488559517496e+00 7.161131871335869393e-24
5.984778511795218137e+00 6.981982426643344875e-24
6.026304684354212071e+00 6.808458662832791460e-24
6.068118991721204836e+00 6.640324541200741269e-24
6.110223433157442763e+00 6.477358848481635233e-24
6.152620021796308514e+00 6.319353947573341592e-24
6.195310784739581855e+00 6.166114688869558004e-24
6.238297763154347919e+00 6.017457370220570894e-24
6.281583012370603569e+00 5.873208836560368745e-24
6.325168601979518357e+00 5.733205624716744568e-24
6.369056615932393584e+00 5.597293210849197783e-24
6.413249152640303485e+00 5.465325298288495406e-24
6.457748325074419427e+00 5.337163211834764492e-24
6.502556260867045523e+00 5.212675304108654031e-24
6.547675102413337278e+00 5.091736437279424932e-24
6.593107006973743189e+00 4.974227519068875440e-24
6.638854146777149801e+00 4.860035040273162576e-24
6.684918709124731961e+00 4.747378141112655744e-24
6.731302896494550936e+00 4.637851893881868251e-24
6.778008926646843513e+00 4.531399537049274023e-24
6.825039032730071398e+00 4.427924850398935871e-24
6.872395463387687364e+00 4.327335561966151771e-24
6.920080482865659022e+00 4.229543097175218680e-24
6.968096371120712895e+00 4.134462370620709970e-24
7.016445423929364544e+00 4.042011565634635559e-24
7.065129952997670770e+00 3.952111937682549805e-24
7.114152286071764308e+00 3.864687654053351651e-24
7.163514767049155907e+00 3.779665626756329757e-24
7.213219756090789581e+00 3.696975355575966568e-24
7.263269629733905219e+00 3.616548817452519238e-24
7.313666781005652595e+00 3.538320315638091941e-24
7.364413619537513611e+00 3.462226379131352955e-24
7.415512571680523024e+00 3.388205650275353512e-24
7.466966080621261881e+00 3.316198787764077771e-24
7.518776606498691173e+00 3.246148378811105436e-24
7.570946626521762646e+00 3.177998844412722234e-24
7.623478635087869826e+00 3.111696371956261611e-24
7.676375143902114395e+00 3.047188840819011809e-24
7.729638682097387914e+00 2.984425738773349471e-24
7.783271796355308858e+00 2.923358115756503655e-24
7.837277051027977670e+00 2.863938516156542074e-24
7.891657028260587126e+00 2.806120915683396934e-24
7.946414328114890679e+00 2.749860681822945327e-24
8.001551568693503924e+00 2.695114511965078974e-24
8.057071386265098667e+00 2.641840389644990657e-24
8.112976435390438112e+00 2.589997541312856758e-24
8.169269389049306440e+00 2.539546391800277855e-24
8.225952938768314127e+00 2.490448521136892870e-24
8.283029794749570129e+00 2.442666630813778626e-24
8.340502686000293764e+00 2.396164499134904328e-24
8.398374360463268573e+00 2.350906956346652444e-24
8.456647585148241220e+00 2.306859844063675459e-24
8.515325146264222766e+00 2.263989979132352166e-24
8.574409849352699453e+00 2.222265131184973202e-24
8.633904519421777835e+00 2.181653986350615594e-24
8.693812001081255403e+00 2.142126121352549125e-24
8.754135158678622020e+00 2.103651973778653310e-24
8.814876876436029463e+00 2.066202815831403834e-24
8.876040058588174020e+00 2.029750732916148170e-24
8.937627629521175621e+00 1.994268587318496550e-24
8.999642533912386000e+00 1.959730005522810092e-24
9.062087736871186294e+00 1.926109350798588147e-24
9.124966224080763411e+00 1.893381698814848277e-24
9.188281001940856285e+00 1.861522818817608919e-24
9.252035097711509337e+00 1.830509148375653978e-24
9.316231559657802919e+00 1.800317779717991940e-24
9.380873457195605170e+00 1.770926433723663721e-24
9.445963881038332843e+00 1.742313443092523592e-24
9.511505943344722880e+00 1.714457734068759542e-24
9.577502777867637818e+00 1.687338807105500412e-24
9.643957540103892612e+00 1.660936722832436567e-24
9.710873407445131278e+00 1.635232082206128605e-24
9.778253579329746259e+00 1.610206010994068197e-24
9.846101277395861828e+00 1.585840145448471463e-24
9.914419745635354886e+00 1.562116613850257453e-24
9.983212250548969990e+00 1.539018027889380777e-24
1.005248208130249488e+01 1.517106197369269643e-24
1.012223254988401777e+01 1.495930144085187158e-24
1.019246699126231981e+01 1.475284099630759306e-24
1.026318876354625864e+01 1.455154330275399782e-24
1.033440124814541505e+01 1.435527458227305844e-24
1.040610784993169524e+01 1.416390448497964281e-24
1.047831199740216412e+01 1.397730603004245895e-24
1.055101714284298176e+01 1.379535548516229795e-24
1.062422676249441267e+01 1.361793226660726524e-24
1.069794435671711241e+01 1.344491886443125356e-24
1.077217345015942129e+01 1.327620075705656703e-24
1.084691759192592109e+01 1.311166632101653349e-24
1.092218035574714108e+01 1.295120673941888878e-24
1.099796534015037253e+01 1.279471594550683632e-24
1.107427616863180120e+01 1.264209054730699204e-24
1.115111648982969150e+01 1.249322972288106267e-24
1.122848997769887447e+01 1.234803520149708752e-24
1.130640033168639569e+01 1.220641114590793687e-24
1.138485127690839782e+01 1.206826411882557378e-24
1.146384656432824833e+01 1.193350301633104041e-24
1.154338997093584673e+01 1.180203899350541932e-24
1.162348529992824453e+01 1.167378542585105479e-24
1.170413638089146957e+01 1.154865782626852660e-24
1.178534706998363824e+01 1.142657382184907809e-24
1.186712125011933594e+01 1.130745307501940437e-24
1.194946283115524999e+01 1.119121725213819581e-24
1.203237575007712579e+01 1.107778995514401050e-24
1.211586397118800207e+01 1.096709669829729200e-24
1.219993148629774993e+01 1.085906483730797635e-24
1.228458231491395480e+01 1.075362353588931116e-24
1.236982050443406855e+01 1.065070373456446541e-24
1.245565013033894708e+01 1.055023808655861430e-24
1.254207529638770424e+01 1.045216093038829728e-24
1.262910013481392113e+01 1.035640825156287168e-24
1.271672880652324622e+01 1.026291764035517755e-24
1.280496550129229583e+01 1.017162824927128331e-24
1.289381443796900939e+01 1.008248077430397730e-24
1.298327986467436013e+01 9.995417402140442258e-25
1.307336605900545834e+01 9.910381786346750776e-25
1.316407732824010424e+01 9.827319006510449572e-25
1.325541800954269256e+01 9.746175545706275868e-25
1.334739247017160935e+01 9.666899253987931172e-25
1.344000510768803558e+01 9.589439310408973693e-25
1.353326035016620388e+01 9.513746208553379195e-25
1.362716265640514379e+01 9.439771711718683784e-25
1.372171651614182508e+01 9.367468837447556399e-25
1.381692645026585531e+01 9.296791819848256775e-25
1.391279701103562694e+01 9.227696088398257223e-25
1.400933278229597434e+01 9.160138231068090368e-25
1.410653837969735847e+01 9.094075985672052530e-25
1.420441845091651878e+01 9.029468195180568244e-25
1.430297767587871505e+01 8.966274796181001387e-25
1.440222076698148790e+01 8.904456783261845920e-25
1.450215246931995594e+01 8.843976198549593733e-25
1.460277756091373114e+01 8.784796094213275022e-25
1.470410085293531743e+01 8.726880515095480492e-25
1.480612718994017740e+01 8.670194475830204853e-25
1.490886145009836561e+01 8.614703936898467707e-25
1.501230854542774473e+01 8.560375784549198630e-25
1.511647342202888744e+01 8.507177806356698242e-25
1.522136106032151126e+01 8.455078675585876410e-25
1.532697647528264007e+01 8.404047919648537259e-25
1.543332471668636963e+01 8.354055909511635073e-25
1.554041086934531712e+01 8.305073836956336908e-25
1.564824005335375823e+01 8.257073690927776962e-25
1.575681742433239485e+01 8.210028241746093797e-25
1.586614817367488683e+01 8.163911021554639428e-25
1.597623752879606585e+01 8.118696305660658629e-25
1.608709075338185457e+01 8.074359090376350734e-25
1.619871314764099068e+01 8.030875081746334321e-25
1.631111004855834778e+01 7.988220671758271714e-25
1.642428683015022273e+01 7.946372923885303255e-25
1.653824890372121104e+01 7.905309556320898918e-25
1.665300171812294039e+01 7.865008921515428362e-25
1.676855076001465861e+01 7.825449995149920156e-25
1.688490155412545590e+01 7.786612356182878115e-25
1.700205966351853704e+01 7.748476172420482030e-25
1.712003068985712417e+01 7.711022184302754401e-25
1.723882027367231728e+01 7.674231691895771371e-25
1.735843409463281262e+01 7.638086536318642600e-25
1.747887787181637265e+01 7.602569089004950685e-25
1.760015736398340280e+01 7.567662235932971894e-25
1.772227836985217664e+01 7.533349361977479760e-25
1.784524672837614645e+01 7.499614340641434583e-25
1.796906831902314394e+01 7.466441517868157054e-25
1.809374906205639988e+01 7.433815701305770692e-25
1.821929491881772734e+01 7.401722145618922383e-25
1.834571189201246710e+01 7.370146541694929487e-25
1.847300602599650787e+01 7.339075002698311786e-25
1.860118340706534568e+01 7.308494054470909323e-25
1.873025016374496232e+01 7.278390620876090667e-25
1.886021246708499532e+01 7.248752016493523884e-25
1.899107653095367709e+01 7.219565932295375632e-25
1.912284861233499456e+01 7.190820425479329199e-25
1.925553501162785963e+01 7.162503910606651056e-25
1.938914207294728342e+01 7.134605146880593347e-25
1.952367618442780639e+01 7.107113230536352747e-25
1.965914377852884698e+01 7.080017583766724405e-25
1.979555133234229203e+01 7.053307945161708126e-25
1.993290536790221168e+01 7.026974360724738611e-25
2.007121245249660646e+01 7.001007175342396627e-25
2.021047919898153822e+01 6.975397023541755895e-25
2.035071226609719020e+01 6.950134820248432533e-25
2.049191835878630386e+01 6.925211754264227919e-25
2.063410422851477577e+01 6.900619278060049503e-25
2.077727667359437191e+01 6.876349101625859373e-25
2.092144253950791111e+01 6.852393183761124358e-25
2.106660871923644152e+01 6.828743725187379740e-25
2.121278215358888275e+01 6.805393160911511733e-25
2.135996983153390261e+01 6.782334153227051461e-25
2.150817879053397164e+01 6.759559584957211189e-25
2.165741611688200052e+01 6.737062553148407642e-25
2.180768894604002384e+01 6.714836361357878464e-25
2.195900446298042752e+01 6.692874515381770445e-25
2.211136990252950341e+01 6.671170715141354965e-25
2.226479254971327393e+01 6.649718849610212435e-25
2.241927974010593871e+01 6.628512991244442507e-25
2.257483886018050612e+01 6.607547390411569319e-25
2.273147734766199335e+01 6.586816468707974570e-25
2.288920269188310286e+01 6.566314815636944982e-25
2.304802243414216534e+01 6.546037182065435440e-25
2.320794416806389648e+01 6.525978475491044760e-25
2.336897553996231380e+01 6.506133755637124283e-25
2.353112424920640322e+01 6.486498229375422880e-25
2.369439804858827614e+01 6.467067246559282738e-25
2.385880474469372459e+01 6.447836294753499620e-25
2.402435219827565405e+01 6.428800996233829455e-25
2.419104832462978294e+01 6.409957102505321140e-25
2.435890109397316294e+01 6.391300491400313030e-25
2.452791853182525017e+01 6.372827162692747080e-25
2.469810871939160180e+01 6.354533233917349621e-25
2.486947979395032249e+01 6.336414937378900979e-25
2.504203994924105814e+01 6.318468616250339016e-25
2.521579743585680333e+01 6.300690721152617907e-25
2.539076056163837691e+01 6.283077806754603591e-25
2.556693769207162603e+01 6.265626528623458796e-25
2.574433725068747236e+01 6.248333640192102713e-25
2.592296771946456246e+01 6.231195989416513733e-25
2.610283763923488465e+01 6.214210516009900520e-25
2.628395561009211789e+01 6.197374248638628197e-25
2.646633029180280161e+01 6.180684301928519845e-25
2.664997040422045060e+01 6.164137874193244891e-25
2.683488472770237721e+01 6.147732244089364525e-25
2.702108210352958650e+01 6.131464768953559129e-25
2.720857143432946046e+01 6.115332881845085405e-25
2.739736168450142983e+01 6.099334089335738634e-25
2.758746188064564109e+01 6.083465969077044968e-25
2.777888111199438370e+01 6.067726167847646853e-25
2.797162853084689971e+01 6.052112399060511136e-25
2.816571335300678314e+01 6.036622441041839109e-25
2.836114485822271192e+01 6.021254134712872270e-25
2.855793239063217115e+01 6.006005381832882745e-25
2.875608535920806474e+01 5.990874143007249447e-25
2.895561323820880162e+01 5.975858435837698321e-25
2.915652556763112102e+01 5.960956333280657449e-25
2.935883195366627163e+01 5.946165961816886525e-25
2.956254206915940230e+01 5.931485499799814547e-25
2.976766565407184473e+01 5.916913175865280538e-25
2.997421251594705538e+01 5.902447267330251277e-25
3.018219253037934635e+01 5.888086098791370291e-25
3.039161564148614758e+01 5.873828040524773012e-25
3.060249186238350916e+01 5.859671507270060831e-25
3.081483127566470870e+01 5.845614956457893469e-25
3.102864403388251446e+01 5.831656887426383319e-25
3.124394036003446828e+01 5.817795839730452639e-25
3.146073054805171409e+01 5.804030392063303704e-25
3.167902496329126549e+01 5.790359161034246317e-25
3.189883404303140679e+01 5.776780799831946747e-25
3.212016829697096654e+01 5.763293997509324929e-25
3.234303830773163213e+01 5.749897477435493607e-25
3.256745473136400904e+01 5.736589996502733110e-25
3.279342829785717583e+01 5.723370343999979298e-25
3.302096981165151846e+01 5.710237340744852313e-25
3.325009015215560737e+01 5.697189837885999563e-25
3.348080027426610883e+01 5.684226716226933927e-25
3.371311120889170354e+01 5.671346885185546762e-25
3.394703406348055807e+01 5.658549281967438753e-25
3.418258002255118555e+01 5.645832870674762026e-25
3.441976034822749142e+01 5.633196641565666058e-25
3.465858638077703091e+01 5.620639610203177319e-25
3.489906953915329524e+01 5.608160816705369790e-25
3.514122132154175659e+01 5.595759324999219928e-25
3.538505330590944453e+01 5.583434222150199275e-25
3.563057715055874297e+01 5.571184617584526988e-25
3.587780459468464045e+01 5.559009642474429461e-25
3.612674745893606598e+01 5.546908449096803457e-25
3.637741764598116134e+01 5.534880210134530741e-25
3.662982714107614868e+01 5.522924118138401047e-25
3.688398801263866744e+01 5.511039384901588375e-25
3.713991241282458589e+01 5.499225240875667229e-25
3.739761257810909711e+01 5.487480934671070686e-25
3.765710082987187235e+01 5.475805732433717473e-25
3.791838957498595164e+01 5.464198917409524374e-25
3.818149130641122468e+01 5.452659789400316726e-25
3.844641860379156384e+01 5.441187664245135114e-25
3.871318413405634118e+01 5.429781873440539671e-25
3.898180065202618039e+01 5.418441763579142551e-25
3.925228100102253848e+01 5.407166695982091455e-25
3.952463811348211919e+01 5.395956046241443253e-25
3.979888501157492442e+01 5.384809203791894658e-25
4.007503480782702354e+01 5.373725571536414824e-25
4.035310070574752928e+01 5.362704565439055024e-25
4.063309600045972303e+01 5.351745614163551175e-25
4.091503407933696224e+01 5.340848158680885966e-25
4.119892842264259514e+01 5.330011651951872328e-25
4.148479260417452963e+01 5.319235558551812571e-25
4.177264029191434958e+01 5.308519354355614677e-25
4.206248524868058780e+01 5.297862526218041300e-25
4.235434133278702973e+01 5.287264571653860516e-25
4.264822249870512394e+01 5.276724998546356279e-25
4.294414279773126708e+01 5.266243324847318386e-25
4.324211637865862912e+01 5.255819078288794735e-25
4.354215748845361134e+01 5.245451796131248086e-25
4.384428047293715025e+01 5.235141024873578135e-25
4.414849977747045529e+01 5.224886320010845701e-25
4.445482994764580553e+01 5.214687245783818961e-25
4.476328562998200056e+01 5.204543374932618302e-25
4.507388157262457895e+01 5.194454288464425781e-25
4.538663262605113857e+01 5.184419575431414957e-25
4.570155374378115454e+01 5.174438832709029696e-25
4.601865998309111916e+01 5.164511664777548855e-25
4.633796650573440701e+01 5.154637683538022227e-25
4.665948857866618482e+01 5.144816508075373542e-25
4.698324157477347285e+01 5.135047764504705489e-25
4.730924097361000236e+01 5.125331085759106461e-25
4.763750236213646616e+01 5.115666111416419421e-25
4.796804143546572874e+01 5.106052487528448081e-25
4.830087399761322331e+01 5.096489866439388945e-25
4.863601596225270640e+01 5.086977906629724740e-25
4.897348335347697201e+01 5.077516272553952930e-25
4.931329230656412221e+01 5.068104634492497307e-25
4.965545906874899629e+01 5.058742668385898081e-25
4.999999999999999289e+01 5.049430055708931133e-25
5.034693157380139894e+01 5.040166483311071388e-25
5.069627037794075619e+01 5.030951643298719302e-25
5.104803311530231724e+01 5.021785232887410000e-25
5.140223660466548239e+01 5.012666954284932399e-25
5.175889778150880716e+01 5.003596514564233477e-25
5.211803369882010628e+01 4.994573625533986243e-25
5.247966152791137517e+01 4.985598003642977962e-25
5.284379855924019154e+01 4.976669369844310254e-25
5.321046220323622578e+01 4.967787449504032879e-25
5.357966999113354944e+01 4.958951972283653071e-25
5.395143957580922489e+01 4.950162672047964851e-25
5.432578873262691133e+01 4.941419286752609309e-25
5.470273536028711447e+01 4.932721558364455991e-25
5.508229748168283635e+01 4.924069232751201018e-25
5.546449324476112963e+01 4.915462059606494526e-25
5.584934092339118195e+01 4.906899792353132273e-25
5.623685891823758709e+01 4.898382188057236293e-25
5.662706575764056538e+01 4.889909007357386357e-25
5.701998009850164806e+01 4.881480014372004796e-25
5.741562072717555054e+01 4.873094976630818749e-25
5.781400656036881713e+01 4.864753664997563148e-25
5.821515664604383034e+01 4.856455853598620861e-25
5.861909016432991848e+01 4.848201319751433251e-25
5.902582642844026850e+01 4.839989843900098698e-25
5.943538488559515542e+01 4.831821209548556763e-25
5.984778511795219202e+01 4.823695203193725520e-25
6.026304684354212071e+01 4.815611614270366281e-25
6.068118991721201638e+01 4.807570235088024749e-25
6.110223433157442230e+01 4.799570860773805566e-25
6.152620021796307270e+01 4.791613289216277357e-25
6.195310784739583454e+01 4.783697321013307415e-25
6.238297763154347564e+01 4.775822759420541061e-25
6.281583012370606411e+01 4.767989410298138903e-25
6.325168601979518002e+01 4.760197082063906747e-25
6.369056615932391452e+01 4.752445585645858893e-25
6.413249152640305795e+01 4.744734734437748632e-25
6.457748325074419427e+01 4.737064344252475506e-25
6.502556260867048366e+01 4.729434233282455538e-25
6.547675102413337811e+01 4.721844222056531097e-25
6.593107006973741591e+01 4.714294133399195940e-25
6.638854146777151755e+01 4.706783792396668423e-25
6.684918709124731606e+01 4.699313026353740755e-25
6.731302896494554489e+01 4.691881664763122478e-25
6.778008926646843690e+01 4.684489539266858532e-25
6.825039032730067845e+01 4.677136483625907832e-25
6.872395463387690029e+01 4.669822333686639842e-25
6.920080482865657245e+01 4.662546927349336835e-25
6.968096371120716981e+01 4.655310104538226139e-25
7.016445423929364722e+01 4.648111707173302242e-25
7.065129952997666862e+01 4.640951579142881764e-25
7.114152286071765730e+01 4.633829566274207827e-25
7.163514767049153420e+01 4.626745516310623428e-25
7.213219756090792600e+01 4.619699278885470866e-25
7.263269629733905219e+01 4.612690705497016070e-25
7.313666781005647977e+01 4.605719649486738678e-25
7.364413619537515387e+01 4.598785966017892127e-25
7.415512571680521603e+01 4.591889512051626423e-25
7.466966080621266144e+01 4.585030146329310728e-25
7.518776606498691706e+01 4.578207729351016299e-25
7.570946626521758560e+01 4.571422123358205502e-25
7.623478635087872135e+01 4.564673192313845751e-25
7.676375143902112086e+01 4.557960801887796641e-25
7.729638682097392177e+01 4.551284819437785314e-25
7.783271796355309391e+01 4.544645113994868894e-25
7.837277051027973584e+01 4.538041556248793155e-25
7.891657028260588902e+01 4.531474018532413549e-25
7.946414328114889258e+01 4.524942374809007212e-25
8.001551568693507477e+01 4.518446500659037633e-25
8.057071386265099022e+01 4.511986273267871657e-25
8.112976435390434915e+01 4.505561571413523121e-25
8.169269389049308927e+01 4.499172275456587678e-25
8.225952938768311640e+01 4.492818267329046220e-25
8.283029794749575103e+01 4.486499430524165725e-25
8.340502686000294830e+01 4.480215650088045800e-25
8.398374360463265020e+01 4.473966812609840038e-25
8.456647585148242285e+01 4.467752806215154881e-25
8.515325146264220280e+01 4.461573520556424344e-25
8.574409849352703361e+01 4.455428846807772736e-25
8.633904519421778900e+01 4.449318677656830279e-25
8.693812001081251140e+01 4.443242907299880525e-25
8.754135158678624862e+01 4.437201431435938798e-25
8.814876876436026976e+01 4.431194147261479003e-25
8.876040058588178283e+01 4.425220953466288170e-25
8.937627629521176686e+01 4.419281750229402735e-25
8.999642533912381737e+01 4.413376439215051246e-25
9.062087736871187360e+01 4.407504923570614699e-25
9.124966224080760924e+01 4.401667107922535264e-25
9.188281001940860904e+01 4.395862898375319871e-25
9.252035097711508627e+01 4.390092202509569421e-25
9.316231559657798300e+01 4.384354929380186154e-25
9.380873457195606591e+01 4.378650989516133965e-25
9.445963881038331067e+01 4.372980294919563203e-25
9.511505943344727143e+01 4.367342759066128430e-25
9.577502777867637462e+01 4.361738296905469632e-25
9.643957540103887993e+01 4.356166824861670485e-25
9.710873407445130567e+01 4.350628260834839754e-25
9.778253579329744127e+01 4.345122524202944339e-25
9.846101277395865736e+01 4.339649535823387920e-25
9.914419745635355241e+01 4.334209218036373974e-25
9.983212250548965017e+01 4.328801494666684632e-25
1.005248208130249452e+02 4.323426291028007045e-25
1.012223254988401777e+02 4.318083533926272527e-25
1.019246699126232016e+02 4.312773151663736802e-25
1.026318876354625900e+02 4.307495074043533210e-25
1.033440124814540866e+02 4.302249232374891717e-25
1.040610784993169489e+02 4.297035559478370786e-25
1.047831199740216306e+02 4.291853989691490563e-25
1.055101714284298140e+02 4.286704458874960244e-25
1.062422676249441338e+02 4.281586904419802671e-25
1.069794435671710602e+02 4.276501265253561496e-25
1.077217345015942129e+02 4.271447481848689433e-25
1.084691759192592002e+02 4.266425496229944690e-25
1.092218035574714037e+02 4.261435251983101563e-25
1.099796534015037253e+02 4.256476694263464510e-25
1.107427616863179480e+02 4.251549769805548527e-25
1.115111648982969115e+02 4.246654426932988197e-25
1.122848997769886807e+02 4.241790615568619395e-25
1.130640033168639604e+02 4.236958287245403117e-25
1.138485127690839818e+02 4.232157395118466950e-25
1.146384656432825437e+02 4.227387893976215332e-25
1.154338997093584709e+02 4.222649740253602537e-25
1.162348529992823813e+02 4.217942892045661878e-25
1.170413638089146957e+02 4.213267309120695122e-25
1.178534706998363788e+02 4.208622952935694424e-25
1.186712125011934233e+02 4.204009786651585184e-25
1.194946283115525034e+02 4.199427775149325729e-25
1.203237575007711939e+02 4.194876885047769312e-25
1.211586397118800136e+02 4.190357084721195515e-25
1.219993148629774993e+02 4.185868344318938242e-25
1.228458231491396191e+02 4.181410635785779637e-25
1.236982050443406962e+02 4.176983932883755494e-25
1.245565013033894104e+02 4.172588211214849653e-25
1.254207529638770353e+02 4.168223448246276306e-25
1.262910013481392184e+02 4.163889623336195779e-25
1.271672880652325262e+02 4.159586717762689544e-25
1.280496550129229547e+02 4.155314714753672877e-25
1.289381443796900157e+02 4.151073599520140231e-25
1.298327986467436119e+02 4.146863359291910361e-25
1.307336605900545976e+02 4.142683983356228457e-25
1.316407732824011134e+02 4.138535463100482511e-25
1.325541800954269434e+02 4.134417792058150906e-25
1.334739247017160153e+02 4.130330965960816209e-25
1.344000510768803451e+02 4.126274982794227523e-25
1.353326035016620494e+02 4.122249842861770297e-25
1.362716265640515019e+02 4.118255548854584563e-25
1.372171651614182508e+02 4.114292105930629332e-25
1.381692645026584785e+02 4.110359521804076637e-25
1.391279701103562729e+02 4.106457806846370992e-25
1.400933278229597363e+02 4.102586974201586711e-25
1.410653837969736628e+02 4.098747039918706841e-25
1.420441845091651771e+02 4.094938023104153193e-25
1.430297767587870794e+02 4.091159946098690897e-25
1.440222076698148612e+02 4.087412834683490268e-25
1.450215246931995523e+02 4.083696718322442564e-25
1.460277756091373931e+02 4.080011630447531905e-25
1.470410085293531779e+02 4.076357608798145853e-25
1.480612718994017030e+02 4.072734695826429020e-25
1.490886145009836525e+02 4.069142939184973180e-25
1.501230854542774296e+02 4.065582392317752512e-25
1.511647342202889490e+02 4.062053115180086339e-25
1.522136106032151304e+02 4.058555175124522896e-25
1.532697647528263190e+02 4.055088647995647011e-25
1.543332471668637140e+02 4.051653619498274258e-25
1.554041086934531677e+02 4.048250186916785013e-25
1.564824005335376569e+02 4.044878461299684278e-25
1.575681742433239378e+02 4.041538570257772769e-25
1.586614817367487831e+02 4.038230661585609455e-25
1.597623752879606513e+02 4.034954908000338411e-25
1.608709075338185528e+02 4.031711513411883592e-25
1.619871314764099282e+02 4.028500721323812529e-25
1.631111004855834778e+02 4.025322826244400897e-25
1.642428683015021704e+02 4.022178189412524056e-25
1.653824890372121104e+02 4.019067260822964956e-25
1.665300171812293968e+02 4.015990610631694004e-25
1.676855076001465932e+02 4.012948974819406855e-25
1.688490155412545448e+02 4.009943323068411536e-25
1.700205966351852851e+02 4.006974962176321984e-25
1.712003068985712559e+02 4.004045698079154654e-25
1.723882027367231728e+02 4.001158097936161172e-25
1.735843409463281262e+02 3.998315929983370806e-25
1.747887787181637407e+02 3.995524934189420262e-25
1.760015736398339357e+02 3.992794243084146068e-25
1.772227836985217664e+02 3.990139167070428075e-25
1.784524672837614503e+02 3.987587082663517279e-25
1.796906831902314536e+02 3.985191125586822271e-25
1.809374906205640059e+02 3.983066265834971884e-25
1.821929491881772094e+02 3.981502146994369135e-25
1.834571189201246852e+02 3.981418525369101417e-25
1.847300602599650858e+02 3.987202420447428848e-25
1.860118340706534639e+02 4.056562715247093839e-25
1.873025016374496374e+02 4.264702216132639515e-25
1.886021246708498609e+02 3.985114526232220245e-25
1.899107653095367994e+02 3.969352288719945441e-25
1.912284861233499385e+02 3.963640737185839277e-25
1.925553501162786176e+02 3.959962047883082685e-25
1.938914207294728271e+02 3.956968092006391000e-25
1.952367618442779644e+02 3.954280711357518277e-25
1.965914377852884911e+02 3.951760896543557919e-25
1.979555133234229061e+02 3.949348031136933952e-25
1.993290536790221097e+02 3.947012362452683541e-25
2.007121245249660717e+02 3.944737965497100441e-25
2.021047919898154817e+02 3.942515739199131815e-25
2.035071226609719020e+02 3.940340213588377239e-25
2.049191835878630457e+02 3.938207971497227161e-25
2.063410422851477790e+02 3.936116815688218774e-25
2.077727667359437476e+02 3.934065305003821001e-25
2.092144253950791892e+02 3.932052484071879042e-25
2.106660871923644152e+02 3.930077719601414366e-25
2.121278215358888133e+02 3.928140597879835980e-25
2.135996983153390261e+02 3.926240858701929000e-25
2.150817879053397235e+02 3.924378351681877006e-25
2.165741611688201260e+02 3.922553006705559876e-25
2.180768894604002526e+02 3.920764813540178521e-25
2.195900446298042823e+02 3.919013807508454268e-25
2.211136990252950341e+02 3.917300059258195909e-25
2.226479254971327464e+02 3.915623667350056148e-25
2.241927974010595221e+02 3.913984752815407854e-25
2.257483886018050612e+02 3.912383455113537050e-25
2.273147734766199335e+02 3.910819929095315297e-25
2.288920269188310215e+02 3.909294342701340219e-25
2.304802243414216605e+02 3.907806875201261706e-25
2.320794416806390643e+02 3.906357715837479538e-25
2.336897553996231522e+02 3.904947062772622732e-25
2.353112424920640535e+02 3.903575122269335046e-25
2.369439804858827756e+02 3.902242108046554983e-25
2.385880474469372530e+02 3.900948240774613879e-25
2.402435219827566755e+02 3.899693747676286437e-25
2.419104832462978152e+02 3.898478862213225308e-25
2.435890109397315086e+02 3.897303823838632953e-25
2.452791853182525017e+02 3.896168877803152626e-25
2.469810871939160108e+02 3.895074275003262661e-25
2.486947979395033599e+02 3.894020271864354735e-25
2.504203994924105814e+02 3.893007130251682367e-25
2.521579743585679125e+02 3.892035117403780638e-25
2.539076056163837620e+02 3.891104505885780701e-25
2.556693769207162745e+02 3.890215573556209410e-25
2.574433725068748231e+02 3.889368603548676408e-25
2.592296771946456033e+02 3.888563884263411941e-25
2.610283763923487186e+02 3.887801709367261809e-25
2.628395561009211860e+02 3.887082377802617908e-25
2.646633029180280232e+02 3.886406193801764772e-25
2.664997040422045984e+02 3.885773466907236288e-25
2.683488472770237649e+02 3.885184511996914337e-25
2.702108210352957371e+02 3.884639649313383551e-25
2.720857143432946259e+02 3.884139204496857554e-25
2.739736168450143055e+02 3.883683508620841436e-25
2.758746188064563967e+02 3.883272898231809286e-25
2.777888111199438299e+02 3.882907715390597657e-25
2.797162853084688550e+02 3.882588307716451253e-25
2.816571335300678243e+02 3.882315028433699237e-25
2.836114485822271263e+02 3.882088236419876569e-25
2.855793239063216902e+02 3.881908296257117448e-25
2.875608535920806617e+02 3.881775578284507974e-25
2.895561323820878670e+02 3.881690458653442288e-25
2.915652556763112102e+02 3.881653319385511994e-25
2.935883195366627092e+02 3.881664548431779088e-25
2.956254206915940017e+02 3.881724539736762793e-25
2.976766565407184544e+02 3.881833693303705218e-25
2.997421251594703904e+02 3.881992415265647430e-25
3.018219253037934777e+02 3.882201117959820808e-25
3.039161564148614616e+02 3.882460220007998043e-25
3.060249186238351058e+02 3.882770146403935687e-25
3.081483127566470444e+02 3.883131328609963055e-25
3.102864403388250025e+02 3.883544204663266656e-25
3.124394036003446899e+02 3.884009219299191289e-25
3.146073054805171409e+02 3.884526824090058116e-25
3.167902496329126620e+02 3.885097477612398940e-25
3.189883404303140537e+02 3.885721645645431538e-25
3.212016829697095091e+02 3.886399801416706753e-25
3.234303830773163213e+02 3.887132425910081134e-25
3.256745473136401188e+02 3.887920008264038696e-25
3.279342829785717299e+02 3.888763046295906769e-25
3.302096981165151988e+02 3.889662047209675782e-25
3.325009015215558748e+02 3.890617528577995767e-25
3.348080027426610741e+02 3.891630019734235337e-25
3.371311120889170638e+02 3.892700063802503498e-25
3.394703406348055523e+02 3.893828220738544244e-25
3.418258002255118981e+02 3.895015072026826937e-25
3.441976034822747579e+02 3.896261228175283854e-25
3.465858638077702949e+02 3.897567341133504338e-25
3.489906953915329382e+02 3.898934125754837189e-25
3.514122132154175802e+02 3.900362398785188212e-25
3.538505330590944027e+02 3.901853154001073704e-25
3.563057715055872450e+02 3.903407717823696877e-25
3.587780459468463619e+02 3.905028102004434995e-25
3.612674745893606314e+02 3.906717901888424625e-25
3.637741764598115992e+02 3.908484976622290119e-25
3.662982714107614584e+02 3.910351514651286535e-25
3.688398801263868449e+02 3.912409081506400495e-25
3.713991241282458873e+02 3.915486948471694838e-25
3.739761257810910138e+02 4.022110366241214923e-25
3.765710082987187093e+02 3.918981188113301833e-25
3.791838957498594596e+02 3.920436454668648883e-25
3.818149130641124316e+02 3.922499441871694131e-25
3.844641860379156242e+02 3.924718760791769375e-25
3.871318413405634260e+02 3.927033538388885812e-25
3.898180065202618039e+02 3.929428719377593726e-25
3.925228100102253848e+02 3.931899510030728533e-25
3.952463811348213767e+02 3.934444297990753549e-25
3.979888501157492442e+02 3.937062680836564274e-25
4.007503480782701786e+02 3.939754787858832852e-25
4.035310070574753354e+02 3.942521009537943951e-25
4.063309600045972161e+02 3.945361877090136762e-25
4.091503407933698213e+02 3.948278004053082445e-25
4.119892842264259230e+02 3.951270055960322911e-25
4.148479260417452679e+02 3.954338733695613267e-25
4.177264029191435384e+02 3.957484763929752735e-25
4.206248524868058780e+02 3.960708893408814435e-25
4.235434133278704962e+02 3.964011885434656982e-25
4.264822249870512110e+02 3.967394517638227326e-25
4.294414279773124008e+02 3.970857580539838685e-25
4.324211637865862485e+02 3.974401876605734853e-25
4.354215748845361418e+02 3.978028219622069665e-25
4.384428047293717441e+02 3.981737434279970341e-25
4.414849977747045386e+02 3.985530355899648053e-25
4.445482994764578280e+02 3.989407830254752428e-25
4.476328562998199914e+02 3.993370713460972802e-25
4.507388157262458321e+02 3.997419871915704131e-25
4.538663262605115847e+02 4.001556182271080877e-25
4.570155374378115312e+02 4.005780531432746415e-25
4.601865998309110068e+02 4.010093816579443375e-25
4.633796650573440843e+02 4.014496945195391628e-25
4.665948857866619051e+02 4.018990835117585404e-25
4.698324157477349559e+02 4.023576414589813223e-25
4.730924097361000236e+02 4.028254622329075624e-25
4.763750236213644484e+02 4.033026407597787611e-25
4.796804143546572732e+02 4.037892730285777645e-25
4.830087399761322331e+02 4.042854561002484978e-25
4.863601596225273056e+02 4.047912881179830553e-25
4.897348335347697343e+02 4.053068683190693529e-25
4.931329230656409663e+02 4.058322970486949666e-25
4.965545906874899629e+02 4.063676757766995343e-25
4.999999999999999432e+02 4.069131071182690128e-25
5.034693157380134494e+02 4.074686948609224104e-25
5.069627037794076045e+02 4.080345440009263520e-25
5.104803311530232008e+02 4.086107607950835492e-25
5.140223660466548381e+02 4.091974528373325578e-25
5.175889778150880147e+02 4.097947291783745320e-25
5.211803369882004517e+02 4.104027005216225764e-25
5.247966152791137802e+02 4.110214795618431181e-25
5.284379855924019012e+02 4.116511816060953687e-25
5.321046220323622720e+02 4.122919257917737037e-25
5.357966999113355087e+02 4.129438376763658071e-25
5.395143957580917231e+02 4.136070553243196424e-25
5.432578873262691559e+02 4.142817456089439799e-25
5.470273536028711305e+02 4.149681564903668886e-25
5.508229748168283777e+02 4.156668367664085686e-25
5.546449324476112679e+02 4.163801184052508573e-25
5.584934092339112794e+02 4.171467775040629425e-25
5.623685891823758993e+02 4.178919753032845599e-25
5.662706575764057106e+02 4.185792699542510243e-25
5.701998009850165090e+02 4.193324882137133397e-25
5.741562072717555338e+02 4.201011044425841350e-25
5.781400656036876171e+02 4.208828519026728102e-25
5.821515664604382891e+02 4.216774211892476707e-25
5.861909016432991848e+02 4.224848144540585645e-25
5.902582642844026850e+02 4.233051149010556402e-25
5.943538488559515827e+02 4.241384338531494641e-25
5.984778511795212808e+02 4.249848946930529684e-25
6.026304684354212213e+02 4.258446270114646781e-25
6.068118991721202065e+02 4.267177641774572530e-25
6.110223433157442514e+02 4.276044422268448066e-25
6.152620021796307128e+02 4.285047993149390410e-25
6.195310784739577912e+02 4.294189754320210236e-25
6.238297763154347422e+02 4.303471122499591022e-25
6.281583012370599590e+02 4.312893530379756430e-25
6.325168601979518144e+02 4.322458426169582289e-25
6.369056615932391878e+02 4.332167273359931184e-25
6.413249152640298689e+02 4.342021550624205634e-25
6.457748325074419427e+02 4.352022751804386343e-25
6.502556260867041829e+02 4.362172385952211238e-25
6.547675102413337527e+02 4.372471977410930179e-25
6.593107006973741591e+02 4.382923065925326641e-25
6.638854146777144933e+02 4.393527206777603941e-25
6.684918709124732459e+02 4.404285970946035653e-25
6.731302896494547667e+02 4.415200945290586261e-25
6.778008926646843975e+02 4.426273732770961696e-25
6.825039032730068129e+02 4.437505952712207687e-25
6.872395463387682639e+02 4.448899241144684768e-25
6.920080482865656677e+02 4.460455251264909822e-25
6.968096371120709591e+02 4.472175654115333440e-25
7.016445423929365006e+02 4.484062139674315222e-25
7.065129952997667715e+02 4.496116418772194263e-25
7.114152286071758908e+02 4.508340226803813473e-25
7.163514767049153988e+02 4.520735331720839745e-25
7.213219756090785495e+02 4.533303553472882991e-25
7.263269629733905504e+02 4.546046819176576696e-25
7.313666781005648545e+02 4.558967356786260987e-25
7.364413619537507429e+02 4.572068642381449116e-25
7.415512571680520750e+02 4.585364204837561057e-25
7.466966080621258470e+02 4.600638050915013364e-25
7.518776606498690853e+02 4.612481172993384855e-25
7.570946626521758844e+02 4.626279062207999250e-25
7.623478635087872135e+02 4.640291009057195835e-25
7.676375143902112086e+02 4.654495789292659415e-25
7.729638682097383935e+02 4.668892943433058603e-25
7.783271796355309107e+02 4.683483879124379135e-25
7.837277051027973584e+02 4.698270394337215911e-25
7.891657028260589186e+02 4.713254416537714541e-25
7.946414328114889258e+02 4.728438381550833242e-25
8.001551568693499803e+02 4.743822946596497626e-25
8.057071386265098454e+02 4.759411530619484248e-25
8.112976435390434062e+02 4.775205756913600718e-25
8.169269389049309211e+02 4.791207725221781385e-25
8.225952938768310787e+02 4.807419559678030318e-25
8.283029794749566008e+02 4.823843407714501768e-25
8.340502686000294261e+02 4.840481440011908074e-25
8.398374360463265020e+02 4.857335850648978267e-25
8.456647585148242570e+02 4.874408857344729286e-25
8.515325146264220848e+02 4.891702701758068269e-25
8.574409849352695119e+02 4.909219649837767523e-25
8.633904519421778332e+02 4.926961992223870134e-25
8.693812001081250855e+02 4.944932044720730014e-25
8.754135158678624293e+02 4.963132148884302654e-25
8.814876876436027260e+02 4.981564672823509012e-25
8.876040058588170041e+02 5.000232012441500608e-25
8.937627629521176686e+02 5.019136593683134928e-25
8.999642533912381168e+02 5.038280877368254627e-25
9.062087736871186507e+02 5.057667371710843795e-25
9.124966224080760639e+02 5.077298672674668291e-25
9.188281001940850956e+02 5.097177640137702562e-25
9.252035097711509479e+02 5.117308699427506741e-25
9.316231559657798016e+02 5.137743376895319919e-25
9.380873457195606306e+02 5.158342917212101728e-25
9.445963881038330783e+02 5.179214717401556135e-25
9.511505943344717480e+02 5.200365478162788399e-25
9.577502777867638315e+02 5.221780661962814114e-25
9.643957540103887141e+02 5.243461865116372499e-25
9.710873407445130852e+02 5.265411628625769628e-25
9.778253579329743843e+02 5.287632683404401879e-25
9.846101277395855504e+02 5.310127835401078256e-25
9.914419745635356094e+02 5.332899938460997527e-25
9.983212250548965585e+02 5.355951886255930830e-25
1.005248208130249395e+03 5.379286609652082273e-25
1.012223254988401777e+03 5.402907075943853043e-25
1.019246699126230965e+03 5.426816288826961160e-25
1.026318876354625900e+03 5.451017288701784216e-25
1.033440124814540923e+03 5.475513153143589264e-25
1.040610784993169545e+03 5.500306997475674475e-25
1.047831199740216334e+03 5.525401975422606037e-25
1.055101714284297032e+03 5.550801279854581594e-25
1.062422676249441338e+03 5.576508143674883475e-25
1.069794435671710517e+03 5.602525840990862087e-25
1.077217345015942101e+03 5.628857688957268098e-25
1.084691759192592144e+03 5.655507051473236350e-25
1.092218035574712985e+03 5.682477349042668594e-25
1.099796534015037196e+03 5.709772095140316711e-25
1.107427616863179537e+03 5.737395105900075988e-25
1.115111648982969200e+03 5.765353601996768031e-25
1.122848997769886864e+03 5.793689299515627093e-25
1.130640033168638411e+03 5.822265275608870445e-25
1.138485127690839818e+03 5.851233215668666432e-25
1.146384656432824158e+03 5.880548138914067237e-25
1.154338997093584794e+03 5.910212930064923708e-25
1.162348529992823842e+03 5.940231265769694030e-25
1.170413638089145707e+03 5.970606971523113366e-25
1.178534706998363845e+03 6.001343947184558453e-25
1.186712125011933040e+03 6.032446152048731192e-25
1.194946283115524921e+03 6.063917601228994053e-25
1.203237575007711939e+03 6.095762365011202671e-25
1.211586397118798914e+03 6.127984569179373798e-25
1.219993148629774851e+03 6.160588395723905956e-25
1.228458231491394827e+03 6.193578083733325984e-25
1.236982050443406933e+03 6.226957930412707954e-25
1.245565013033894047e+03 6.260732292239837070e-25
1.254207529638769074e+03 6.294905586363226016e-25
1.262910013481392070e+03 6.329482292593410653e-25
1.271672880652324011e+03 6.364466957194092868e-25
1.280496550129229490e+03 6.399864203732485160e-25
1.289381443796900385e+03 6.435678783685224067e-25
1.298327986467434812e+03 6.471916080488068435e-25
1.307336605900545919e+03 6.509491553697752554e-25
1.316407732824009827e+03 6.545673842920895551e-25
1.325541800954269320e+03 6.583204006724604354e-25
1.334739247017160324e+03 6.621176589816418977e-25
1.344000510768802087e+03 6.659595914949520469e-25
1.353326035016620381e+03 6.698467044178012490e-25
1.362716265640513711e+03 6.737795179749361660e-25
1.372171651614182565e+03 6.777585612970545746e-25
1.381692645026584842e+03 6.817843715844764005e-25
1.391279701103562729e+03 6.858574939855716130e-25
1.400933278229597590e+03 6.899784816506695899e-25
1.410653837969735150e+03 6.941478958421673058e-25
1.420441845091651885e+03 6.983663060691233436e-25
1.430297767587870794e+03 7.026342902392171715e-25
1.440222076698148840e+03 7.069524348357140322e-25
1.450215246931995580e+03 7.113213351556047613e-25
1.460277756091372339e+03 7.157415957603057502e-25
1.470410085293531665e+03 7.202138319659538983e-25
1.480612718994017087e+03 7.247386802559775413e-25
1.490886145009836582e+03 7.293172404735323397e-25
1.501230854542774523e+03 7.339487384634735092e-25
1.511647342202888012e+03 7.386350543517066000e-25
1.522136106032151247e+03 7.433766480530963349e-25
1.532697647528263133e+03 7.481740967294014971e-25
1.543332471668637027e+03 7.530280737621585321e-25
1.554041086934531677e+03 7.579392682525452807e-25
1.564824005335374977e+03 7.629083807511768860e-25
1.575681742433239378e+03 7.679361227438111268e-25
1.586614817367487831e+03 7.730232166701565109e-25
1.597623752879606627e+03 7.781703960637792457e-25
1.608709075338185585e+03 7.833784057323176342e-25
1.619871314764097406e+03 7.886480019616116277e-25
1.631111004855834835e+03 7.939799527558509042e-25
1.642428683015021534e+03 7.993750381848752246e-25
1.653824890372120990e+03 8.048340512359238644e-25
1.665300171812294138e+03 8.103578028901803426e-25
1.676855076001464113e+03 8.159473128918290513e-25
1.688490155412545391e+03 8.216028025005010728e-25
1.700205966351852794e+03 8.273256202639151069e-25
1.712003068985712616e+03 8.331165657096156214e-25
1.723882027367231785e+03 8.389764571175879658e-25
1.735843409463279386e+03 8.449061731713605227e-25
1.747887787181637350e+03 8.509066091885935026e-25
1.760015736398339186e+03 8.569786750462627214e-25
1.772227836985217436e+03 8.631232950685786017e-25
1.784524672837614617e+03 8.693414081919636832e-25
1.796906831902312661e+03 8.756339681978864614e-25
1.809374906205639945e+03 8.820019439782479720e-25
1.821929491881772037e+03 8.884463198511045128e-25
1.834571189201246852e+03 8.949680960651196564e-25
1.847300602599651029e+03 9.015682906152702936e-25
1.860118340706532763e+03 9.082479706789177534e-25
1.873025016374496317e+03 9.150081439689332692e-25
1.886021246708498438e+03 9.218497514216316131e-25
1.899107653095367823e+03 9.287740807630723661e-25
1.912284861233499214e+03 9.357821549079530693e-25
1.925553501162784187e+03 9.428750876766357782e-25
1.938914207294728385e+03 9.500540132101903919e-25
1.952367618442779758e+03 9.573200842125739925e-25
1.965914377852884854e+03 9.646744719939345873e-25
1.979555133234229061e+03 9.721183667347997913e-25
1.993290536790218994e+03 9.796529778076457961e-25
2.007121245249660660e+03 9.872795341472478853e-25
2.021047919898152713e+03 9.949992847850627382e-25
2.035071226609719133e+03 1.002813500693222009e-24
2.049191835878630627e+03 1.010723534593211395e-24
2.063410422851475687e+03 1.018730505712914737e-24
2.077727667359437419e+03 1.026835907538664168e-24
2.092144253950789789e+03 1.035041072025738774e-24
2.106660871923644208e+03 1.043347359480565651e-24
2.121278215358888247e+03 1.051756166270955229e-24
2.135996983153388101e+03 1.060268912334800548e-24
2.150817879053397064e+03 1.068887040898150372e-24
2.165741611688199100e+03 1.077612018777994488e-24
2.180768894604002526e+03 1.086445336780379771e-24
2.195900446298042880e+03 1.095388510158935076e-24
2.211136990252948181e+03 1.104443079296756594e-24
2.226479254971327464e+03 1.113610613104841739e-24
2.241927974010592607e+03 1.122893699745020365e-24
2.257483886018050725e+03 1.132290937348337275e-24
2.273147734766199392e+03 1.141806993624477213e-24
2.288920269188307884e+03 1.151442534707170680e-24
2.304802243414216719e+03 1.161199256512892049e-24
2.320794416806388199e+03 1.171078884860229868e-24
2.336897553996231636e+03 1.181083174271296250e-24
2.353112424920640478e+03 1.191213908313012923e-24
2.369439804858825028e+03 1.201472900090597167e-24
2.385880474469372530e+03 1.211861992819877319e-24
2.402435219827564197e+03 1.222383060763048355e-24
2.419104832462978266e+03 1.233038020148130223e-24
2.435890109397314973e+03 1.243828778288593196e-24
2.452791853182522573e+03 1.254757313287170280e-24
2.469810871939159824e+03 1.265825643764222348e-24
2.486947979395030870e+03 1.277035795147961743e-24
2.504203994924105700e+03 1.288389835672681631e-24
2.521579743585678898e+03 1.299889868529952113e-24
2.539076056163837620e+03 1.311538032162851975e-24
2.556693769207162859e+03 1.323336500864367679e-24
2.574433725068745844e+03 1.335287485473749233e-24
2.592296771946456374e+03 1.347393234579287404e-24
2.610283763923487186e+03 1.359656091678136748e-24
2.628395561009212088e+03 1.372078202982108381e-24
2.646633029180280118e+03 1.384662107436004247e-24
2.664997040422043483e+03 1.397410153551824598e-24
2.683488472770237877e+03 1.410324783169924566e-24
2.702108210352957030e+03 1.423408481130859586e-24
2.720857143432946032e+03 1.436663774484465046e-24
2.739736168450142941e+03 1.450093233157668398e-24
2.758746188064561011e+03 1.463699470762726200e-24
2.777888111199438299e+03 1.477485145794649333e-24
2.797162853084688322e+03 1.491453022370391639e-24
2.816571335300678584e+03 1.505605663455610373e-24
2.836114485822271490e+03 1.519946050556654013e-24
2.855793239063214060e+03 1.534476967995566662e-24
2.875608535920806389e+03 1.549201307204223238e-24
2.895561323820878897e+03 1.564122010100621492e-24
2.915652556763111988e+03 1.579242069116268092e-24
2.935883195366627206e+03 1.594564528074894626e-24
2.956254206915937175e+03 1.610092483248610075e-24
2.976766565407184771e+03 1.625829087644935319e-24
2.997421251594703790e+03 1.641777534872649468e-24
3.018219253037934777e+03 1.657941088774297244e-24
3.039161564148614616e+03 1.674323067927543185e-24
3.060249186238348102e+03 1.690926842200698426e-24
3.081483127566470557e+03 1.707755842045672472e-24
3.102864403388249684e+03 1.724813557383349620e-24
3.124394036003446672e+03 1.742103538611442751e-24
3.146073054805171523e+03 1.759629397846987187e-24
3.167902496329123551e+03 1.777394823145354725e-24
3.189883404303140651e+03 1.795403510930373848e-24
3.212016829697095091e+03 1.813659305470645549e-24
3.234303830773163099e+03 1.832166063594332495e-24
3.256745473136400960e+03 1.850927721070362029e-24
3.279342829785714002e+03 1.869948282604315005e-24
3.302096981165152101e+03 1.889231822497554129e-24
3.325009015215558520e+03 1.908782485862260095e-24
3.348080027426610741e+03 1.928604491489782541e-24
3.371311120889170525e+03 1.948702124321341221e-24
3.394703406348052340e+03 1.969079751442282626e-24
3.418258002255118754e+03 1.989741814369647591e-24
3.441976034822747806e+03 2.010692828456019334e-24
3.465858638077703290e+03 2.031937388046935494e-24
3.489906953915329723e+03 2.053480166577406132e-24
3.514122132154172050e+03 2.075325917750497063e-24
3.538505330590944141e+03 2.097479481054266840e-24
3.563057715055871995e+03 2.119945759436231805e-24
3.587780459468463505e+03 2.142729767393219813e-24
3.612674745893606541e+03 2.165836586305295885e-24
3.637741764598112240e+03 2.189271386340978211e-24
3.662982714107614811e+03 2.213039424319466860e-24
3.688398801263864698e+03 2.237146044217480945e-24
3.713991241282458759e+03 2.261596678252132834e-24
3.739761257810910138e+03 2.286396847136865963e-24
3.765710082987183341e+03 2.311552155453368644e-24
3.791838957498594937e+03 2.337068307478399509e-24
3.818149130641120337e+03 2.362951089330315767e-24
3.844641860379156242e+03 2.389206378681150050e-24
3.871318413405634146e+03 2.415840142708528249e-24
3.898180065202614060e+03 2.442858437913900977e-24
3.925228100102254302e+03 2.470267409890262216e-24
3.952463811348209674e+03 2.498073285528671729e-24
3.979888501157492556e+03 2.526282388920185783e-24
4.007503480782701899e+03 2.554901120728970680e-24
4.035310070574748806e+03 2.583935965963731006e-24
4.063309600045972275e+03 2.613393489474227678e-24
4.091503407933694234e+03 2.643280333504710530e-24
4.119892842264259343e+03 2.673603209953311518e-24
4.148479260417452679e+03 2.704368903345997314e-24
4.177264029191431291e+03 2.735584259502639377e-24
4.206248524868058666e+03 2.767256180846802887e-24
4.235434133278700756e+03 2.799391619861648100e-24
4.264822249870511769e+03 2.831997570603960591e-24
4.294414279773124690e+03 2.865081062433828186e-24
4.324211637865858393e+03 2.898649130250445152e-24
4.354215748845361304e+03 2.932708840771050274e-24
4.384428047293712552e+03 2.967267238351735787e-24
4.414849977747045159e+03 3.002331348339966451e-24
4.445482994764578507e+03 3.037908154287045563e-24
4.476328562998200141e+03 3.074004670117946583e-24
4.507388157262457753e+03 3.110627445721472648e-24
4.538663262605111413e+03 3.147783479629411267e-24
4.570155374378115084e+03 3.185479246471091048e-24
4.601865998309110182e+03 3.223721131408575444e-24
4.633796650573441184e+03 3.262515295436680230e-24
4.665948857866618710e+03 3.301867632319012370e-24
4.698324157477344670e+03 3.341783698770441443e-24
4.730924097361000349e+03 3.382268690784490780e-24
4.763750236213644712e+03 3.423327340105428588e-24
4.796804143546572959e+03 3.464963856114774429e-24
4.830087399761322558e+03 3.507181836034193288e-24
4.863601596225267713e+03 3.549984165891463024e-24
4.897348335347696775e+03 3.593372911324931608e-24
4.931329230656409891e+03 3.637349191061561576e-24
4.965545906874899629e+03 3.681913033778599236e-24
5.000000000000000000e+03 3.727063217335285389e-24
