5.000000000000000000e+00 1.446556232611700266e-23
5.034693157380139006e+00 1.399307833586311651e-23
5.069627037794075974e+00 1.354411130065459798e-23
5.104803311530234922e+00 1.311697334300193277e-23
5.140223660466546995e+00 1.271011741351953718e-23
5.175889778150882137e+00 1.232212568346012825e-23
5.211803369882009207e+00 1.195169881429491077e-23
5.247966152791137873e+00 1.159764598665951360e-23
5.284379855924021818e+00 1.125887573149253136e-23
5.321046220323622400e+00 1.093438742228501505e-23
5.357966999113356721e+00 1.062326345116784300e-23
5.395143957580921246e+00 1.032466203770567296e-23
5.432578873262690955e+00 1.003781062056699291e-23
5.470273536028714467e+00 9.761999757760920655e-24
5.508229748168283813e+00 9.496577587798717810e-24
5.546449324476114384e+00 9.240944712508211711e-24
5.584934092339116418e+00 8.994549565866323332e-24
5.623685891823758887e+00 8.756884120529078763e-24
5.662706575764059558e+00 8.527480031943554025e-24
5.701998009850164806e+00 8.305905091153639233e-24
5.741562072717556475e+00 8.091759994038261402e-24
5.781400656036880470e+00 7.884675402502691397e-24
5.821515664604382856e+00 7.684309286185208943e-24
5.861909016432995223e+00 7.490344480211068779e-24
5.902582642844026672e+00 7.300438121010717418e-24
5.943538488559517496e+00 7.114514120268667692e-24
5.984778511795218137e+00 6.934458456426221288e-24
6.026304684354212071e+00 6.760018724956538719e-24
6.068118991721204836e+00 6.590958702767559426e-24
6.110223433157442763e+00 6.427057003080870782e-24
6.152620021796308514e+00 6.268105826286475866e-24
6.195310784739581855e+00 6.113909871734475177e-24
6.238297763154347919e+00 5.964285297705843394e-24
6.281583012370603569e+00 5.819058821402167253e-24
6.325168601979518357e+00 5.678066863766918140e-24
6.369056615932393584e+00 5.541154797140281184e-24
6.413249152640303485e+00 5.408176233017148881e-24
6.457748325074419427e+00 5.278992416679027485e-24
6.502556260867045523e+00 5.153471633416377217e-24
6.547675102413337278e+00 5.031488690345357292e-24
6.593107006973743189e+00 4.912924452593134531e-24
6.638854146777149801e+00 4.797665380495116271e-24
6.684918709124731961e+00 4.683907939998091229e-24
6.731302896494550936e+00 4.573268327527505623e-24
6.778008926646843513e+00 4.465690350894335618e-24
6.825039032730071398e+00 4.361077804731831027e-24
6.872395463387687364e+00 4.259338445299831220e-24
6.920080482865659022e+00 4.160383739625663827e-24
6.968096371120712895e+00 4.064128657643492460e-24
7.016445423929364544e+00 3.970491451627043622e-24
7.065129952997670770e+00 3.879393459517038559e-24
7.114152286071764308e+00 3.790758944910632783e-24
7.163514767049155907e+00 3.704514929891546930e-24
7.213219756090789581e+00 3.620591037925522278e-24
7.263269629733905219e+00 3.538919383788853961e-24
7.313666781005652595e+00 3.459434422235304073e-24
7.364413619537513611e+00 3.382072847768785140e-24
7.415512571680523024e+00 3.306773482146233550e-24
7.466966080621261881e+00 3.233477177445339238e-24
7.518776606498691173e+00 3.162126728351877759e-24
7.570946626521762646e+00 3.092666777188930458e-24
7.623478635087869826e+00 3.025043746840292070e-24
7.676375143902114395e+00 2.959205766364028142e-24
7.729638682097387914e+00 2.895102586970205494e-24
7.783271796355308858e+00 2.832685536310992118e-24
7.837277051027977670e+00 2.771907450557399914e-24
7.891657028260587126e+00 2.712722611035162433e-24
7.946414328114890679e+00 2.655086705109476726e-24
8.001551568693503924e+00 2.598956763900765141e-24
8.057071386265098667e+00 2.544291118603273279e-24
8.112976435390438112e+00 2.491049357270807217e-24
8.169269389049306440e+00 2.439192280153714340e-24
8.225952938768314127e+00 2.388681856325341074e-24
8.283029794749570129e+00 2.339481190048714683e-24
8.340502686000293764e+00 2.291554475680210071e-24
8.398374360463268573e+00 2.244866973118719540e-24
8.456647585148241220e+00 2.199384966789588689e-24
8.515325146264222766e+00 2.155075729134708510e-24
8.574409849352699453e+00 2.111907498379703074e-24
8.633904519421777835e+00 2.069849441709707301e-24
8.693812001081255403e+00 2.028871629257105933e-24
8.754135158678622020e+00 1.988945003984829379e-24
8.814876876436029463e+00 1.950041355147473792e-24
8.876040058588174020e+00 1.912133296806816533e-24
8.937627629521175621e+00 1.875194230455414656e-24
8.999642533912386000e+00 1.839198332608047969e-24
9.062087736871186294e+00 1.804120526716153400e-24
9.124966224080763411e+00 1.769936458185589796e-24
9.188281001940856285e+00 1.736622475247373503e-24
9.252035097711509337e+00 1.704155602872321431e-24
9.316231559657802919e+00 1.672513529021638196e-24
9.380873457195605170e+00 1.641674577584088429e-24
9.445963881038332843e+00 1.611617691067721329e-24
9.511505943344722880e+00 1.582322411670558928e-24
9.577502777867637818e+00 1.553768861121018955e-24
9.643957540103892612e+00 1.525937726186426173e-24
9.710873407445131278e+00 1.498810237802663024e-24
9.778253579329746259e+00 1.472368154816300696e-24
9.846101277395861828e+00 1.446593748962572933e-24
9.914419745635354886e+00 1.421469785249484138e-24
9.983212250548969990e+00 1.396979513050022099e-24
1.005248208130249488e+01 1.373745801327757725e-24
1.012223254988401777e+01 1.351276529868767594e-24
1.019246699126231981e+01 1.329346982202367439e-24
1.026318876354625864e+01 1.307943965766134591e-24
1.033440124814541505e+01 1.287054641715269822e-24
1.040610784993169524e+01 1.266666510735028699e-24
1.047831199740216412e+01 1.246767406867072646e-24
1.055101714284298176e+01 1.227345484439061846e-24
1.062422676249441267e+01 1.208389207222034208e-24
1.069794435671711241e+01 1.189887340376090356e-24
1.077217345015942129e+01 1.171828941175822730e-24
1.084691759192592109e+01 1.154203349149321232e-24
1.092218035574714108e+01 1.137000176023272992e-24
1.099796534015037253e+01 1.120209299623340918e-24
1.107427616863180120e+01 1.103820855617925937e-24
1.115111648982969150e+01 1.087825225858696959e-24
1.122848997769887447e+01 1.072213036530618255e-24
1.130640033168639569e+01 1.056975144957854455e-24
1.138485127690839782e+01 1.042102636045939270e-24
1.146384656432824833e+01 1.027586814930120314e-24
1.154338997093584673e+01 1.013419198698913310e-24
1.162348529992824453e+01 9.995915122617738473e-25
1.170413638089146957e+01 9.860956790450305703e-25
1.178534706998363824e+01 9.729238186574698478e-25
1.186712125011933594e+01 9.600682380637079340e-25
1.194946283115524999e+01 9.475214283124483792e-25
1.203237575007712579e+01 9.352760569320812387e-25
1.211586397118800207e+01 9.233249656513102632e-25
1.219993148629774993e+01 9.116611625063274872e-25
1.228458231491395480e+01 9.002778183798988845e-25
1.236982050443406855e+01 8.891682638456482133e-25
1.245565013033894708e+01 8.783259820974417820e-25
1.254207529638770424e+01 8.677446062703345187e-25
1.262910013481392113e+01 8.574179154900706781e-25
1.271672880652324622e+01 8.473398304668387768e-25
1.280496550129229583e+01 8.375044090634622802e-25
1.289381443796900939e+01 8.279058447689125578e-25
1.298327986467436013e+01 8.185384610688345694e-25
1.307336605900545834e+01 8.093967093491256998e-25
1.316407732824010424e+01 8.004751647479111707e-25
1.325541800954269256e+01 7.917685242680542307e-25
1.334739247017160935e+01 7.832716032039147843e-25
1.344000510768803558e+01 7.749793313955188184e-25
1.353326035016620388e+01 7.668867524038588407e-25
1.362716265640514379e+01 7.589890189591227057e-25
1.372171651614182508e+01 7.512813920552900298e-25
1.381692645026585531e+01 7.437592373086191184e-25
1.391279701103562694e+01 7.364180233774786748e-25
1.400933278229597434e+01 7.292533184367897151e-25
1.410653837969735847e+01 7.222607901993566577e-25
1.420441845091651878e+01 7.154362014302270741e-25
1.430297767587871505e+01 7.087754096282834219e-25
1.440222076698148790e+01 7.022743636855272213e-25
1.450215246931995594e+01 6.959291037281239341e-25
1.460277756091373114e+01 6.897357575407964609e-25
1.470410085293531743e+01 6.836905395375511761e-25
1.480612718994017740e+01 6.777897490362650028e-25
1.490886145009836561e+01 6.720297683942138959e-25
1.501230854542774473e+01 6.664070616330370382e-25
1.511647342202888744e+01 6.609181724987564335e-25
1.522136106032151126e+01 6.555597236451905515e-25
1.532697647528264007e+01 6.503284137602205337e-25
1.543332471668636963e+01 6.452210173771220639e-25
1.554041086934531712e+01 6.402343831117012862e-25
1.564824005335375823e+01 6.353654317626301800e-25
1.575681742433239485e+01 6.306111554136320760e-25
1.586614817367488683e+01 6.259686160326538551e-25
1.597623752879606585e+01 6.214349441681542752e-25
1.608709075338185457e+01 6.170073371675214275e-25
1.619871314764099068e+01 6.126830587964932158e-25
1.631111004855834778e+01 6.084594372019286685e-25
1.642428683015022273e+01 6.043338640708982178e-25
1.653824890372121104e+01 6.003037934657070853e-25
1.665300171812294039e+01 5.963667401468758983e-25
1.676855076001465861e+01 5.925202791129718454e-25
1.688490155412545590e+01 5.887620439401408047e-25
1.700205966351853704e+01 5.850897258225123673e-25
1.712003068985712417e+01 5.815010723508666246e-25
1.723882027367231728e+01 5.779938866892496917e-25
1.735843409463281262e+01 5.745660259867334431e-25
1.747887787181637265e+01 5.712154008009382978e-25
1.760015736398340280e+01 5.679399738274184164e-25
1.772227836985217664e+01 5.647377586164188753e-25
1.784524672837614645e+01 5.616068189792731511e-25
1.796906831902314394e+01 5.585452675792542891e-25
1.809374906205639988e+01 5.555512652226235151e-25
1.821929491881772734e+01 5.526230195954227002e-25
1.834571189201246710e+01 5.497587844944271105e-25
1.847300602599650787e+01 5.469568586104243565e-25
1.860118340706534568e+01 5.442155848681452038e-25
1.873025016374496232e+01 5.415333490630238560e-25
1.886021246708499532e+01 5.389085794599067753e-25
1.899107653095367709e+01 5.363397454252993423e-25
1.912284861233499456e+01 5.338253565937988433e-25
1.925553501162785963e+01 5.313639621876862894e-25
1.938914207294728342e+01 5.289541497942020798e-25
1.952367618442780639e+01 5.265945448094013496e-25
1.965914377852884698e+01 5.242838093939616949e-25
1.979555133234229203e+01 5.220206416121010512e-25
1.993290536790221168e+01 5.198037746282509148e-25
2.007121245249660646e+01 5.176319759456408981e-25
2.021047919898153822e+01 5.155040465297446216e-25
2.035071226609719020e+01 5.134188199133440906e-25
2.049191835878630386e+01 5.113751616520025075e-25
2.063410422851477577e+01 5.093719682639013454e-25
2.077727667359437191e+01 5.074081667024177984e-25
2.092144253950791111e+01 5.054827134664369121e-25
2.106660871923644152e+01 5.035945939422631944e-25
2.121278215358888275e+01 5.017428216294562904e-25
2.135996983153390261e+01 4.999264374391249563e-25
2.150817879053397164e+01 4.981445090116248634e-25
2.165741611688200052e+01 4.963961300825485567e-25
2.180768894604002384e+01 4.946804196456173567e-25
2.195900446298042752e+01 4.929965215707255924e-25
2.211136990252950341e+01 4.913436036893438238e-25
2.226479254971327393e+01 4.897208572819099078e-25
2.241927974010593871e+01 4.881274964875884897e-25
2.257483886018050612e+01 4.865627577041058316e-25
2.273147734766199335e+01 4.850258988273408840e-25
2.288920269188310286e+01 4.835161989384638828e-25
2.304802243414216534e+01 4.820329575452223367e-25
2.320794416806389648e+01 4.805754940610782867e-25
2.336897553996231380e+01 4.791431473213315765e-25
2.353112424920640322e+01 4.777352750007343090e-25
2.369439804858827614e+01 4.763512531479430126e-25
2.385880474469372459e+01 4.749904755637122518e-25
2.402435219827565405e+01 4.736523534811335312e-25
2.419104832462978294e+01 4.723363149032480864e-25
2.435890109397316294e+01 4.710418042853946979e-25
2.452791853182525017e+01 4.697682820109820066e-25
2.469810871939160180e+01 4.685152238902564366e-25
2.486947979395032249e+01 4.672821208159362581e-25
2.504203994924105814e+01 4.660684782908936405e-25
2.521579743585680333e+01 4.648738160171259717e-25
2.539076056163837691e+01 4.636976674836195489e-25
2.556693769207162603e+01 4.625395795845672886e-25
2.574433725068747236e+01 4.613991122500452074e-25
2.592296771946456246e+01 4.602758380315155736e-25
2.610283763923488465e+01 4.591693417624961263e-25
2.628395561009211789e+01 4.580792202112374941e-25
2.646633029180280161e+01 4.570050817051315363e-25
2.664997040422045060e+01 4.559465458503735722e-25
2.683488472770237721e+01 4.549032431041687634e-25
2.702108210352958650e+01 4.538748145722939862e-25
2.720857143432946046e+01 4.528609116295677158e-25
2.739736168450142983e+01 4.518611956395371434e-25
2.758746188064564109e+01 4.508753376423438346e-25
2.777888111199438370e+01 4.499030181057977400e-25
2.797162853084689971e+01 4.489439266020610551e-25
2.816571335300678314e+01 4.479977615870600934e-25
2.836114485822271192e+01 4.470642300980710895e-25
2.855793239063217115e+01 4.461430475257900077e-25
2.875608535920806474e+01 4.452339373536226804e-25
2.895561323820880162e+01 4.443366309151382630e-25
2.915652556763112102e+01 4.434508671785729260e-25
2.935883195366627163e+01 4.425763925050785129e-25
2.956254206915940230e+01 4.417129604302308342e-25
2.976766565407184473e+01 4.408603314530636044e-25
2.997421251594705538e+01 4.400182728229591221e-25
3.018219253037934635e+01 4.391865583527564231e-25
3.039161564148614758e+01 4.383649682046373724e-25
3.060249186238350916e+01 4.375532887270342613e-25
3.081483127566470870e+01 4.367513122165318658e-25
3.102864403388251446e+01 4.359588368118265602e-25
3.124394036003446828e+01 4.351756662658162378e-25
3.146073054805171409e+01 4.344016097993410793e-25
3.167902496329126549e+01 4.336364819353860439e-25
3.189883404303140679e+01 4.328801023177496618e-25
3.212016829697096654e+01 4.321322956124864553e-25
3.234303830773163213e+01 4.313928912979351787e-25
3.256745473136400904e+01 4.306617235553801193e-25
3.279342829785717583e+01 4.299386311150507765e-25
3.302096981165151846e+01 4.292234571364513939e-25
3.325009015215560737e+01 4.285160490447051464e-25
3.348080027426610883e+01 4.278162584362274221e-25
3.371311120889170354e+01 4.271239409358475150e-25
3.394703406348055807e+01 4.264389560823278726e-25
3.418258002255118555e+01 4.257611672052891947e-25
3.441976034822749142e+01 4.250904413221087421e-25
3.465858638077703091e+01 4.244266490201383746e-25
3.489906953915329524e+01 4.237696643523754775e-25
3.514122132154175659e+01 4.231193647336402708e-25
3.538505330590944453e+01 4.224756308468001959e-25
3.563057715055874297e+01 4.218383465348398815e-25
3.587780459468464045e+01 4.212073987145422977e-25
3.612674745893606598e+01 4.205826772866884260e-25
3.637741764598116134e+01 4.199640750387688471e-25
3.662982714107614868e+01 4.193514875689507457e-25
3.688398801263866744e+01 4.187448131985798050e-25
3.713991241282458589e+01 4.181439528902479750e-25
3.739761257810909711e+01 4.175488101770508447e-25
3.765710082987187235e+01 4.169592910756483555e-25
3.791838957498595164e+01 4.163753040241196293e-25
3.818149130641122468e+01 4.157967598056340794e-25
3.844641860379156384e+01 4.152235714755671789e-25
3.871318413405634118e+01 4.146556543069421870e-25
3.898180065202618039e+01 4.140929257121368060e-25
3.925228100102253848e+01 4.135353051901134959e-25
3.952463811348211919e+01 4.129827142619444812e-25
3.979888501157492442e+01 4.124350764102865110e-25
4.007503480782702354e+01 4.118923170260107526e-25
4.035310070574752928e+01 4.113543633506398431e-25
4.063309600045972303e+01 4.108211444248724866e-25
4.091503407933696224e+01 4.102925910331662426e-25
4.119892842264259514e+01 4.097686356581991044e-25
4.148479260417452963e+01 4.092492124278930909e-25
4.177264029191434958e+01 4.087342570704129253e-25
4.206248524868058780e+01 4.082237068686294499e-25
4.235434133278702973e+01 4.077175006146755198e-25
4.264822249870512394e+01 4.072155785682851055e-25
4.294414279773126708e+01 4.067178824141266133e-25
4.324211637865862912e+01 4.062243552207654590e-25
4.354215748845361134e+01 4.057349414044357455e-25
4.384428047293715025e+01 4.052495866879733112e-25
4.414849977747045529e+01 4.047682380660181588e-25
4.445482994764580553e+01 4.042908437692494887e-25
4.476328562998200056e+01 4.038173532292468204e-25
4.507388157262457895e+01 4.033477170452556913e-25
4.538663262605113857e+01 4.028818869523656008e-25
4.570155374378115454e+01 4.024198157898137695e-25
4.601865998309111916e+01 4.019614574698068504e-25
4.633796650573440701e+01 4.015067669508444624e-25
4.665948857866618482e+01 4.010557002043366657e-25
4.698324157477347285e+01 4.006082141919959456e-25
4.730924097361000236e+01 4.001642668357916686e-25
4.763750236213646616e+01 3.997238169929894238e-25
4.796804143546572874e+01 3.992868244315767172e-25
4.830087399761322331e+01 3.988532498043831313e-25
4.863601596225270640e+01 3.984230546265391196e-25
4.897348335347697201e+01 3.979962012522110441e-25
4.931329230656412221e+01 3.975726528532250407e-25
4.965545906874899629e+01 3.971523733954952807e-25
4.999999999999999289e+01 3.967353276206150864e-25
5.034693157380139894e+01 3.963214810232248998e-25
5.069627037794075619e+01 3.959107998337629589e-25
5.104803311530231724e+01 3.955032509974596729e-25
5.140223660466548239e+01 3.950988021573250507e-25
5.175889778150880716e+01 3.946974216358968550e-25
5.211803369882010628e+01 3.942990784167541173e-25
5.247966152791137517e+01 3.939037421303761700e-25
5.284379855924019154e+01 3.935113830349638594e-25
5.321046220323622578e+01 3.931219720029445491e-25
5.357966999113354944e+01 3.927354805042233001e-25
5.395143957580922489e+01 3.923518805926879655e-25
5.432578873262691133e+01 3.919711448902041010e-25
5.470273536028711447e+01 3.915932465748037718e-25
5.508229748168283635e+01 3.912181593650374266e-25
5.546449324476112963e+01 3.908458575088530327e-25
5.584934092339118195e+01 3.904763157697559157e-25
5.623685891823758709e+01 3.901095094143983399e-25
5.662706575764056538e+01 3.897454142020922621e-25
5.701998009850164806e+01 3.893840063716282288e-25
5.741562072717555054e+01 3.890252626311628186e-25
5.781400656036881713e+01 3.886691601470452471e-25
5.821515664604383034e+01 3.883156765334251702e-25
5.861909016432991848e+01 3.879647898418732068e-25
5.902582642844026850e+01 3.876164785519349233e-25
5.943538488559515542e+01 3.872707215614182197e-25
5.984778511795219202e+01 3.869274981767123990e-25
6.026304684354212071e+01 3.865867881046034663e-25
6.068118991721201638e+01 3.862485714431326397e-25
6.110223433157442230e+01 3.859128286732153056e-25
6.152620021796307270e+01 3.855795406504322565e-25
6.195310784739583454e+01 3.852486885973392489e-25
6.238297763154347564e+01 3.849202540958847894e-25
6.281583012370606411e+01 3.845942190796422292e-25
6.325168601979518002e+01 3.842705658268609853e-25
6.369056615932391452e+01 3.839492769534758847e-25
6.413249152640305795e+01 3.836303354065098862e-25
6.457748325074419427e+01 3.833137244572372491e-25
6.502556260867048366e+01 3.829994276952363583e-25
6.547675102413337811e+01 3.826874290220347537e-25
6.593107006973741591e+01 3.823777126450658498e-25
6.638854146777151755e+01 3.820702630724935001e-25
6.684918709124731606e+01 3.817650651069177760e-25
6.731302896494554489e+01 3.814621038406447040e-25
6.778008926646843690e+01 3.811613646499992609e-25
6.825039032730067845e+01 3.808628331906624721e-25
6.872395463387690029e+01 3.805664953926482859e-25
6.920080482865657245e+01 3.802723374555457598e-25
6.968096371120716981e+01 3.799803458439684281e-25
7.016445423929364722e+01 3.796905072832378497e-25
7.065129952997666862e+01 3.794028087551775428e-25
7.114152286071765730e+01 3.791172374936809118e-25
7.163514767049153420e+01 3.788337809811013314e-25
7.213219756090792600e+01 3.785524269442562011e-25
7.263269629733905219e+01 3.782731633505716446e-25
7.313666781005647977e+01 3.779959784046524544e-25
7.364413619537515387e+01 3.777208605448990095e-25
7.415512571680521603e+01 3.774477984398389530e-25
7.466966080621266144e+01 3.771767809852310213e-25
7.518776606498691706e+01 3.769077973007095592e-25
7.570946626521758560e+01 3.766408367269559405e-25
7.623478635087872135e+01 3.763758888225677584e-25
7.676375143902112086e+01 3.761129433615797258e-25
7.729638682097392177e+01 3.758519903304604257e-25
7.783271796355309391e+01 3.755930199256641140e-25
7.837277051027973584e+01 3.753360225511783447e-25
7.891657028260588902e+01 3.750809888159719992e-25
7.946414328114889258e+01 3.748279095317977087e-25
8.001551568693507477e+01 3.745767757109414714e-25
8.057071386265099022e+01 3.743275785640933087e-25
8.112976435390434915e+01 3.740803094982312834e-25
8.169269389049308927e+01 3.738349601147786372e-25
8.225952938768311640e+01 3.735915222076289139e-25
8.283029794749575103e+01 3.733499877613171474e-25
8.340502686000294830e+01 3.731103489493897817e-25
8.398374360463265020e+01 3.728725981326273326e-25
8.456647585148242285e+01 3.726367278576530801e-25
8.515325146264220280e+01 3.724027308551853926e-25
8.574409849352703361e+01 3.721706000388364731e-25
8.633904519421778900e+01 3.719403285035497321e-25
8.693812001081251140e+01 3.717119095244435788e-25
8.754135158678624862e+01 3.714853365555318310e-25
8.814876876436026976e+01 3.712606032285278795e-25
8.876040058588178283e+01 3.710377033517880745e-25
8.937627629521176686e+01 3.708166309092693014e-25
8.999642533912381737e+01 3.705973800594938561e-25
9.062087736871187360e+01 3.703799451347572270e-25
9.124966224080760924e+01 3.701643206400967361e-25
9.188281001940860904e+01 3.699505012526326190e-25
9.252035097711508627e+01 3.697384818207960563e-25
9.316231559657798300e+01 3.695282573635843874e-25
9.380873457195606591e+01 3.693198230700011435e-25
9.445963881038331067e+01 3.691131742984263778e-25
9.511505943344727143e+01 3.689083065761300748e-25
9.577502777867637462e+01 3.687052155988085650e-25
9.643957540103887993e+01 3.685038972301208472e-25
9.710873407445130567e+01 3.683043475013605065e-25
9.778253579329744127e+01 3.681065626111585803e-25
9.846101277395865736e+01 3.679105389251607108e-25
9.914419745635355241e+01 3.677162729759146003e-25
9.983212250548965017e+01 3.675237614625751738e-25
1.005248208130249452e+02 3.673330012509088489e-25
1.012223254988401777e+02 3.671439893731853539e-25
1.019246699126232016e+02 3.669567230281575239e-25
1.026318876354625900e+02 3.667711995810966572e-25
1.033440124814540866e+02 3.665874165639100653e-25
1.040610784993169489e+02 3.664053716752580708e-25
1.047831199740216306e+02 3.662250627807206432e-25
1.055101714284298140e+02 3.660464879130346097e-25
1.062422676249441338e+02 3.658696452724345490e-25
1.069794435671710602e+02 3.656945332268890378e-25
1.077217345015942129e+02 3.655211503125900420e-25
1.084691759192592002e+02 3.653494952343284786e-25
1.092218035574714037e+02 3.651795668660213965e-25
1.099796534015037253e+02 3.650113642512167511e-25
1.107427616863179480e+02 3.648448866037334972e-25
1.115111648982969115e+02 3.646801333083281772e-25
1.122848997769886807e+02 3.645171039213799218e-25
1.130640033168639604e+02 3.643557981716738532e-25
1.138485127690839818e+02 3.641962159613108988e-25
1.146384656432825437e+02 3.640383573665106632e-25
1.154338997093584709e+02 3.638822226386625317e-25
1.162348529992823813e+02 3.637278122054041860e-25
1.170413638089146957e+02 3.635751266716602176e-25
1.178534706998363788e+02 3.634241668209352181e-25
1.186712125011934233e+02 3.632749336165851034e-25
1.194946283115525034e+02 3.631274282031839015e-25
1.203237575007711939e+02 3.629816519080920273e-25
1.211586397118800136e+02 3.628376062429811193e-25
1.219993148629774993e+02 3.626952929055990716e-25
1.228458231491396191e+02 3.625547137816181778e-25
1.236982050443406962e+02 3.624158709466408635e-25
1.245565013033894104e+02 3.622787666683036843e-25
1.254207529638770353e+02 3.621434034086730375e-25
1.262910013481392184e+02 3.620097838266843136e-25
1.271672880652325262e+02 3.618779107809485722e-25
1.280496550129229547e+02 3.617477873326600542e-25
1.289381443796900157e+02 3.616194167488769128e-25
1.298327986467436119e+02 3.614928025060793340e-25
1.307336605900545976e+02 3.613679482940447190e-25
1.316407732824011134e+02 3.612448580201822738e-25
1.325541800954269434e+02 3.611235358142241958e-25
1.334739247017160153e+02 3.610039860335960758e-25
1.344000510768803451e+02 3.608862132692333454e-25
1.353326035016620494e+02 3.607702223522246562e-25
1.362716265640515019e+02 3.606560183611937556e-25
1.372171651614182508e+02 3.605436066306765821e-25
1.381692645026584785e+02 3.604329927606490608e-25
1.391279701103562729e+02 3.603241826273520287e-25
1.400933278229597363e+02 3.602171823957070267e-25
1.410653837969736628e+02 3.601119985336161418e-25
1.420441845091651771e+02 3.600086378285148050e-25
1.430297767587870794e+02 3.599071074066380515e-25
1.440222076698148612e+02 3.598074147555313293e-25
1.450215246931995523e+02 3.597095677505968812e-25
1.460277756091373931e+02 3.596135746864316893e-25
1.470410085293531779e+02 3.595194443141688442e-25
1.480612718994017030e+02 3.594271858861695641e-25
1.490886145009836525e+02 3.593368092098782396e-25
1.501230854542774296e+02 3.592483247131686691e-25
1.511647342202889490e+02 3.591617435240478110e-25
1.522136106032151304e+02 3.590770775688266889e-25
1.532697647528263190e+02 3.589943396935363308e-25
1.543332471668637140e+02 3.589135438157689457e-25
1.554041086934531677e+02 3.588347051155853696e-25
1.564824005335376569e+02 3.587578402781877006e-25
1.575681742433239378e+02 3.586829678048587229e-25
1.586614817367487831e+02 3.586101084154908453e-25
1.597623752879606513e+02 3.585392855754150731e-25
1.608709075338185528e+02 3.584705261925698092e-25
1.619871314764099282e+02 3.584038615516590061e-25
1.631111004855834778e+02 3.583393285831051133e-25
1.642428683015021704e+02 3.582769716118626502e-25
1.653824890372121104e+02 3.582168448067505557e-25
1.665300171812293968e+02 3.581590156728019156e-25
1.676855076001465932e+02 3.581035701289502528e-25
1.688490155412545448e+02 3.580506200553744853e-25
1.700205966351852851e+02 3.580003147914774867e-25
1.712003068985712559e+02 3.579528591489558065e-25
1.723882027367231728e+02 3.579085425469283938e-25
1.735843409463281262e+02 3.578677879046997065e-25
1.747887787181637407e+02 3.578312372973624338e-25
1.760015736398339357e+02 3.577999098597724045e-25
1.772227836985217664e+02 3.577755112989188304e-25
1.784524672837614503e+02 3.577610881355394624e-25
1.796906831902314536e+02 3.577625489400093587e-25
1.809374906205640059e+02 3.577926714661122273e-25
1.821929491881772094e+02 3.578836340530919246e-25
1.834571189201246852e+02 3.581375793065397466e-25
1.847300602599650858e+02 3.590414077119269847e-25
1.860118340706534639e+02 3.669823567425402372e-25
1.873025016374496374e+02 3.901036575298901164e-25
1.886021246708498609e+02 3.595819914597429622e-25
1.899107653095367994e+02 3.580894771424569618e-25
1.912284861233499385e+02 3.577100791963489005e-25
1.925553501162786176e+02 3.575547570380854479e-25
1.938914207294728271e+02 3.574739630954069449e-25
1.952367618442779644e+02 3.574257495600060477e-25
1.965914377852884911e+02 3.573946997514129541e-25
1.979555133234229061e+02 3.573740936004509399e-25
1.993290536790221097e+02 3.573606346622429994e-25
2.007121245249660717e+02 3.573525601860736219e-25
2.021047919898154817e+02 3.573488641899457713e-25
2.035071226609719020e+02 3.573489433104236956e-25
2.049191835878630457e+02 3.573524217520290206e-25
2.063410422851477790e+02 3.573590589209963109e-25
2.077727667359437476e+02 3.573686979887473944e-25
2.092144253950791892e+02 3.573812359216396111e-25
2.106660871923644152e+02 3.573966053311124013e-25
2.121278215358888133e+02 3.574147631102096813e-25
2.135996983153390261e+02 3.574356831095123695e-25
2.150817879053397235e+02 3.574593512945865520e-25
2.165741611688201260e+02 3.574857624709606663e-25
2.180768894604002526e+02 3.575149180241469708e-25
2.195900446298042823e+02 3.575468243318250551e-25
2.211136990252950341e+02 3.575814916298881744e-25
2.226479254971327464e+02 3.576189331907784832e-25
2.241927974010595221e+02 3.576591647201122605e-25
2.257483886018050612e+02 3.577022039083331847e-25
2.273147734766199335e+02 3.577480700938590461e-25
2.288920269188310215e+02 3.577967840075809776e-25
2.304802243414216605e+02 3.578483675772976540e-25
2.320794416806390643e+02 3.579028437769284781e-25
2.336897553996231522e+02 3.579602365093604162e-25
2.353112424920640535e+02 3.580205705150117565e-25
2.369439804858827756e+02 3.580838712999323087e-25
2.385880474469372530e+02 3.581501650792634110e-25
2.402435219827566755e+02 3.582194787324239531e-25
2.419104832462978152e+02 3.582918397677384195e-25
2.435890109397315086e+02 3.583672762943918444e-25
2.452791853182525017e+02 3.584458170002683450e-25
2.469810871939160108e+02 3.585274911344870408e-25
2.486947979395033599e+02 3.586123284937705899e-25
2.504203994924105814e+02 3.587003594118904887e-25
2.521579743585679125e+02 3.587916147515949621e-25
2.539076056163837620e+02 3.588861258987287363e-25
2.556693769207162745e+02 3.589839247578433940e-25
2.574433725068748231e+02 3.590850437494448810e-25
2.592296771946456033e+02 3.591895158083262786e-25
2.610283763923487186e+02 3.592973743828327523e-25
2.628395561009211860e+02 3.594086534351051913e-25
2.646633029180280232e+02 3.595233874419202279e-25
2.664997040422045984e+02 3.596416113961885337e-25
2.683488472770237649e+02 3.597633608089713431e-25
2.702108210352957371e+02 3.598886717119624457e-25
2.720857143432946259e+02 3.600175806603590555e-25
2.739736168450143055e+02 3.601501247360308244e-25
2.758746188064563967e+02 3.602863415511245232e-25
2.777888111199438299e+02 3.604262692518534953e-25
2.797162853084688550e+02 3.605699465225748320e-25
2.816571335300678243e+02 3.607174125901486188e-25
2.836114485822271263e+02 3.608687072284524777e-25
2.855793239063216902e+02 3.610238707632471945e-25
2.875608535920806617e+02 3.611829440771435044e-25
2.895561323820878670e+02 3.613459686148893828e-25
2.915652556763112102e+02 3.615129863889274703e-25
2.935883195366627092e+02 3.616840399850970009e-25
2.956254206915940017e+02 3.618591725688390807e-25
2.976766565407184544e+02 3.620384278915330614e-25
2.997421251594703904e+02 3.622218502974523906e-25
3.018219253037934777e+02 3.624094847310684724e-25
3.039161564148614616e+02 3.626013767449860346e-25
3.060249186238351058e+02 3.627975725086288387e-25
3.081483127566470444e+02 3.629981188178936562e-25
3.102864403388250025e+02 3.632030631058285790e-25
3.124394036003446899e+02 3.634124534551143359e-25
3.146073054805171409e+02 3.636263386121843210e-25
3.167902496329126620e+02 3.638447680043544860e-25
3.189883404303140537e+02 3.640677917602565075e-25
3.212016829697095091e+02 3.642954607352638225e-25
3.234303830773163213e+02 3.645278265435103950e-25
3.256745473136401188e+02 3.647649415994706607e-25
3.279342829785717299e+02 3.650068591728576844e-25
3.302096981165151988e+02 3.652536334629448923e-25
3.325009015215558748e+02 3.655053197018945051e-25
3.348080027426610741e+02 3.657619743014625390e-25
3.371311120889170638e+02 3.660236550671861825e-25
3.394703406348055523e+02 3.662904215194941391e-25
3.418258002255118981e+02 3.665623353899879904e-25
3.441976034822747579e+02 3.668394614136040279e-25
3.465858638077702949e+02 3.671218686414582412e-25
3.489906953915329382e+02 3.674096327100781021e-25
3.514122132154175802e+02 3.677028399639687461e-25
3.538505330590944027e+02 3.680015954005121861e-25
3.563057715055872450e+02 3.683060391237130118e-25
3.587780459468463619e+02 3.686163836333664244e-25
3.612674745893606314e+02 3.689330087921238288e-25
3.637741764598115992e+02 3.692567451658496164e-25
3.662982714107614584e+02 3.695899380271963270e-25
3.688398801263868449e+02 3.699422658597948971e-25
3.713991241282458873e+02 3.704013738706333845e-25
3.739761257810910138e+02 3.817837749712758386e-25
3.765710082987187093e+02 3.710350087972155556e-25
3.791838957498594596e+02 3.713194705224363540e-25
3.818149130641124316e+02 3.716670773132936689e-25
3.844641860379156242e+02 3.720301394877206294e-25
3.871318413405634260e+02 3.724022256287435738e-25
3.898180065202618039e+02 3.727817444865691884e-25
3.925228100102253848e+02 3.731681886765325979e-25
3.952463811348213767e+02 3.735613867578947118e-25
3.979888501157492442e+02 3.739612949960169170e-25
4.007503480782701786e+02 3.743679257283947171e-25
4.035310070574753354e+02 3.747813187941153646e-25
4.063309600045972161e+02 3.752015288131442651e-25
4.091503407933698213e+02 3.756286190176217889e-25
4.119892842264259230e+02 3.760626580494383884e-25
4.148479260417452679e+02 3.765037182023592960e-25
4.177264029191435384e+02 3.769518744119832068e-25
4.206248524868058780e+02 3.774072036523456001e-25
4.235434133278704962e+02 3.778697845639738681e-25
4.264822249870512110e+02 3.783396972184245472e-25
4.294414279773124008e+02 3.788170229658996690e-25
4.324211637865862485e+02 3.793018443352513135e-25
4.354215748845361418e+02 3.797942449674950512e-25
4.384428047293717441e+02 3.802943095716049730e-25
4.414849977747045386e+02 3.808021238949901396e-25
4.445482994764578280e+02 3.813177747045525002e-25
4.476328562998199914e+02 3.818413497745328774e-25
4.507388157262458321e+02 3.823729378797475131e-25
4.538663262605115847e+02 3.829126287923526579e-25
4.570155374378115312e+02 3.834605132813300623e-25
4.601865998309110068e+02 3.840166831141717913e-25
4.633796650573440843e+02 3.845812310599225045e-25
4.665948857866619051e+02 3.851542508937955673e-25
4.698324157477349559e+02 3.857358374025060759e-25
4.730924097361000236e+02 3.863260863909096456e-25
4.763750236213644484e+02 3.869250946892554401e-25
4.796804143546572732e+02 3.875329601614687694e-25
4.830087399761322331e+02 3.881497817145041673e-25
4.863601596225273056e+02 3.887756593088152353e-25
4.897348335347697343e+02 3.894106939704515814e-25
4.931329230656409663e+02 3.900549878051917977e-25
4.965545906874899629e+02 3.907086440157389682e-25
4.999999999999999432e+02 3.913717669230050609e-25
5.034693157380134494e+02 3.920444619939163276e-25
5.069627037794076045e+02 3.927268358789834813e-25
5.104803311530232008e+02 3.934189964657884800e-25
5.140223660466548381e+02 3.941210529581479637e-25
5.175889778150880147e+02 3.948331159998000563e-25
5.211803369882004517e+02 3.955552978770534843e-25
5.247966152791137802e+02 3.962877128690513274e-25
5.284379855924019012e+02 3.970304778900486423e-25
5.321046220323622720e+02 3.977837137493073998e-25
5.357966999113355087e+02 3.985475478297592416e-25
5.395143957580917231e+02 3.993221203835568154e-25
5.432578873262691559e+02 4.001076013920253687e-25
5.470273536028711305e+02 4.009042446302862351e-25
5.508229748168283777e+02 4.017126149152667370e-25
5.546449324476112679e+02 4.025351209127032824e-25
5.584934092339112794e+02 4.034118532658587489e-25
5.623685891823758993e+02 4.042654051798491379e-25
5.662706575764057106e+02 4.050581497169379326e-25
5.701998009850165090e+02 4.059180723184274275e-25
5.741562072717555338e+02 4.067929378994640291e-25
5.781400656036876171e+02 4.076804002857583827e-25
5.821515664604382891e+02 4.085801364959757771e-25
5.861909016432991848e+02 4.094921455070803102e-25
5.902582642844026850e+02 4.104165099992669394e-25
5.943538488559515827e+02 4.113533416464417267e-25
5.984778511795212808e+02 4.123027645192842598e-25
6.026304684354212213e+02 4.132649090379118218e-25
6.068118991721202065e+02 4.142399094613084227e-25
6.110223433157442514e+02 4.152279027387815499e-25
6.152620021796307128e+02 4.162290279446405322e-25
6.195310784739577912e+02 4.172434259843416861e-25
6.238297763154347422e+02 4.182712394361445435e-25
6.281583012370599590e+02 4.193126124642114116e-25
6.325168601979518144e+02 4.203676907715300174e-25
6.369056615932391878e+02 4.214366215757938336e-25
6.413249152640298689e+02 4.225195535992481947e-25
6.457748325074419427e+02 4.236166370673669479e-25
6.502556260867041829e+02 4.247280237132184039e-25
6.547675102413337527e+02 4.258538667860198139e-25
6.593107006973741591e+02 4.269943210626022964e-25
6.638854146777144933e+02 4.281495428615377997e-25
6.684918709124732459e+02 4.293196900596021755e-25
6.731302896494547667e+02 4.305049221110023183e-25
6.778008926646843975e+02 4.317054000699218710e-25
6.825039032730068129e+02 4.329212866179273245e-25
6.872395463387682639e+02 4.341527460989772707e-25
6.920080482865656677e+02 4.353999445667799468e-25
6.968096371120709591e+02 4.366630498545231016e-25
7.016445423929365006e+02 4.379422316865168465e-25
7.065129952997667715e+02 4.392376618742438892e-25
7.114152286071758908e+02 4.405495146959660572e-25
7.163514767049153988e+02 4.418779677136141684e-25
7.213219756090785495e+02 4.432232037594197689e-25
7.263269629733905504e+02 4.445854165728067241e-25
7.313666781005648545e+02 4.459648305872276391e-25
7.364413619537507429e+02 4.473617977068103888e-25
7.415512571680520750e+02 4.487776967594238927e-25
7.466966080621258470e+02 4.503947554689364830e-25
7.518776606498690853e+02 4.516604535992213768e-25
7.570946626521758844e+02 4.531249050690079211e-25
7.623478635087872135e+02 4.546102950735043551e-25
7.676375143902112086e+02 4.561144524844927814e-25
7.729638682097383935e+02 4.576373269356411370e-25
7.783271796355309107e+02 4.591790587061398172e-25
7.837277051027973584e+02 4.607398278960501647e-25
7.891657028260589186e+02 4.623198277892321069e-25
7.946414328114889258e+02 4.639193034550738210e-25
8.001551568693499803e+02 4.655383186489573703e-25
8.057071386265098454e+02 4.671772185776551676e-25
8.112976435390434062e+02 4.688361653939525395e-25
8.169269389049309211e+02 4.705153697775653457e-25
8.225952938768310787e+02 4.722150448594532141e-25
8.283029794749566008e+02 4.739354061103633903e-25
8.340502686000294261e+02 4.756766713357215620e-25
8.398374360463265020e+02 4.774390606908045524e-25
8.456647585148242570e+02 4.792227967053563656e-25
8.515325146264220848e+02 4.810281043140262350e-25
8.574409849352695119e+02 4.828552108919089610e-25
8.633904519421778332e+02 4.847043462952921364e-25
8.693812001081250855e+02 4.865757429096524075e-25
8.754135158678624293e+02 4.884696357092242931e-25
8.814876876436027260e+02 4.903862623382613744e-25
8.876040058588170041e+02 4.923258632369019851e-25
8.937627629521176686e+02 4.942886818690752500e-25
8.999642533912381168e+02 4.962749652126752502e-25
9.062087736871186507e+02 4.982849650293026533e-25
9.124966224080760639e+02 5.003189419574122667e-25
9.188281001940850956e+02 5.023771833800016577e-25
9.252035097711509479e+02 5.044601354305680742e-25
9.316231559657798016e+02 5.065730211324584229e-25
9.380873457195606306e+02 5.087017647106598368e-25
9.445963881038330783e+02 5.108572569529733293e-25
9.511505943344717480e+02 5.130401735638559055e-25
9.577502777867638315e+02 5.152490375524061811e-25
9.643957540103887141e+02 5.174840079971538007e-25
9.710873407445130852e+02 5.197453397442856888e-25
9.778253579329743843e+02 5.220333068706728245e-25
9.846101277395855504e+02 5.243481910351653408e-25
9.914419745635356094e+02 5.266902787263505714e-25
9.983212250548965585e+02 5.290598604438306026e-25
1.005248208130249395e+03 5.314572304308098897e-25
1.012223254988401777e+03 5.338826865958327721e-25
1.019246699126230965e+03 5.363365305094473649e-25
1.026318876354625900e+03 5.388190674343115306e-25
1.033440124814540923e+03 5.413306063721822552e-25
1.040610784993169545e+03 5.438714601212963955e-25
1.047831199740216334e+03 5.464419453418245914e-25
1.055101714284297032e+03 5.490423826305084540e-25
1.062422676249441338e+03 5.516730966097204250e-25
1.069794435671710517e+03 5.543344160451287414e-25
1.077217345015942101e+03 5.570266740312285554e-25
1.084691759192592144e+03 5.597502083640233268e-25
1.092218035574712985e+03 5.625053625360358836e-25
1.099796534015037196e+03 5.652924894076925504e-25
1.107427616863179537e+03 5.681119723794033470e-25
1.115111648982969200e+03 5.709645385863105382e-25
1.122848997769886864e+03 5.738543976152701417e-25
1.130640033168638411e+03 5.767677238544244748e-25
1.138485127690839818e+03 5.797198296162899707e-25
1.146384656432824158e+03 5.827061715539624046e-25
1.154338997093584794e+03 5.857270388942453957e-25
1.162348529992823842e+03 5.887828007889474638e-25
1.170413638089145707e+03 5.918738413899156883e-25
1.178534706998363845e+03 5.950005523288127112e-25
1.186712125011933040e+03 5.981633312089706174e-25
1.194946283115524921e+03 6.013625812392535563e-25
1.203237575007711939e+03 6.045987111677589419e-25
1.211586397118798914e+03 6.078721353135918002e-25
1.219993148629774851e+03 6.111832736372226972e-25
1.228458231491394827e+03 6.145325518293371128e-25
1.236982050443406933e+03 6.179204014124294682e-25
1.245565013033894047e+03 6.213472598562513646e-25
1.254207529638769074e+03 6.248135707175897090e-25
1.262910013481392070e+03 6.283197838397605026e-25
1.271672880652324011e+03 6.318663557333015950e-25
1.280496550129229490e+03 6.354537506674122088e-25
1.289381443796900385e+03 6.390824457641668188e-25
1.298327986467434812e+03 6.427529817468961031e-25
1.307336605900545919e+03 6.465575251352459519e-25
1.316407732824009827e+03 6.502210830824461929e-25
1.325541800954269320e+03 6.540196221816862171e-25
1.334739247017160324e+03 6.578619803750339795e-25
1.344000510768802087e+03 6.617485914482771427e-25
1.353326035016620381e+03 6.656799635824792444e-25
1.362716265640513711e+03 6.696566190378914234e-25
1.372171651614182565e+03 6.736790890049372700e-25
1.381692645026584842e+03 6.777479127609911466e-25
1.391279701103562729e+03 6.818636375466777034e-25
1.400933278229597590e+03 6.860268186188048480e-25
1.410653837969735150e+03 6.902380193598423097e-25
1.420441845091651885e+03 6.944978114120240554e-25
1.430297767587870794e+03 6.988067748288955011e-25
1.440222076698148840e+03 7.031654982519786493e-25
1.450215246931995580e+03 7.075745791489041025e-25
1.460277756091372339e+03 7.120346242651443579e-25
1.470410085293531665e+03 7.165462511204923200e-25
1.480612718994017087e+03 7.211100984720100591e-25
1.490886145009836582e+03 7.257272706875122753e-25
1.501230854542774523e+03 7.303969888298199219e-25
1.511647342202888012e+03 7.351211413650223962e-25
1.522136106032151247e+03 7.399001894298826968e-25
1.532697647528263133e+03 7.447347119779446157e-25
1.543332471668637027e+03 7.496253846108355755e-25
1.554041086934531677e+03 7.545728986830794050e-25
1.564824005335374977e+03 7.595779570097405140e-25
1.575681742433239378e+03 7.646412733482589115e-25
1.586614817367487831e+03 7.697635724159623170e-25
1.597623752879606627e+03 7.749455900292431303e-25
1.608709075338185585e+03 7.801880732832187837e-25
1.619871314764097406e+03 7.854917807553951389e-25
1.631111004855834835e+03 7.908574827454744967e-25
1.642428683015021534e+03 7.962859616227038012e-25
1.653824890372120990e+03 8.017780126795219429e-25
1.665300171812294138e+03 8.073344492255585589e-25
1.676855076001464113e+03 8.129562940554247078e-25
1.688490155412545391e+03 8.186437684957748537e-25
1.700205966351852794e+03 8.243982252750664764e-25
1.712003068985712616e+03 8.302204660115227355e-25
1.723882027367231785e+03 8.361113111083465499e-25
1.735843409463279386e+03 8.420716415415694765e-25
1.747887787181637350e+03 8.481023549302026068e-25
1.760015736398339186e+03 8.542043634525685972e-25
1.772227836985217436e+03 8.603785937324616533e-25
1.784524672837614617e+03 8.666259870033506824e-25
1.796906831902312661e+03 8.729474993406678140e-25
1.809374906205639945e+03 8.793441019267415004e-25
1.821929491881772037e+03 8.858167813662046095e-25
1.834571189201246852e+03 8.923665401906515988e-25
1.847300602599651029e+03 8.989943986782213020e-25
1.860118340706532763e+03 9.057014263763438598e-25
1.873025016374496317e+03 9.124886331453151771e-25
1.886021246708498438e+03 9.193569618443325012e-25
1.899107653095367823e+03 9.263077030177789753e-25
1.912284861233499214e+03 9.333418816135995765e-25
1.925553501162784187e+03 9.404606136806469792e-25
1.938914207294728385e+03 9.476650355869311510e-25
1.952367618442779758e+03 9.549563022556563666e-25
1.965914377852884854e+03 9.623355872073320073e-25
1.979555133234229061e+03 9.698040828233626588e-25
1.993290536790218994e+03 9.773630006671549648e-25
2.007121245249660660e+03 9.850135718541088819e-25
2.021047919898152713e+03 9.927570475859900642e-25
2.035071226609719133e+03 1.000594700997756936e-24
2.049191835878630627e+03 1.008527887094894677e-24
2.063410422851475687e+03 1.016557726823328325e-24
2.077727667359437419e+03 1.024685716145617353e-24
2.092144253950789789e+03 1.032913189077549466e-24
2.106660871923644208e+03 1.041241507988742893e-24
2.121278215358888247e+03 1.049672071325673846e-24
2.135996983153388101e+03 1.058206301092247688e-24
2.150817879053397064e+03 1.066845642565986840e-24
2.165741611688199100e+03 1.075591564600160568e-24
2.180768894604002526e+03 1.084445560021433596e-24
2.195900446298042880e+03 1.093409146088016315e-24
2.211136990252948181e+03 1.102483865171552162e-24
2.226479254971327464e+03 1.111671288160225373e-24
2.241927974010592607e+03 1.120974006876599493e-24
2.257483886018050725e+03 1.130390616217601371e-24
2.273147734766199392e+03 1.139925790988820278e-24
2.288920269188307884e+03 1.149580197501575256e-24
2.304802243414216719e+03 1.159355533547270515e-24
2.320794416806388199e+03 1.169253526802849971e-24
2.336897553996231636e+03 1.179275933628853901e-24
2.353112424920640478e+03 1.189424539409952497e-24
2.369439804858825028e+03 1.199701159047909628e-24
2.385880474469372530e+03 1.210107637533472772e-24
2.402435219827564197e+03 1.220645850882190140e-24
2.419104832462978266e+03 1.231317717067792175e-24
2.435890109397314973e+03 1.242125145069367707e-24
2.452791853182522573e+03 1.253070114686349840e-24
2.469810871939159824e+03 1.264154646220677727e-24
2.486947979395030870e+03 1.275380766721074143e-24
2.504203994924105700e+03 1.286750546029036270e-24
2.521579743585678898e+03 1.298266088917803370e-24
2.539076056163837620e+03 1.309929535385546379e-24
2.556693769207162859e+03 1.321743061253109355e-24
2.574433725068745844e+03 1.333708878859794323e-24
2.592296771946456374e+03 1.345829238266119744e-24
2.610283763923487186e+03 1.358106484477365633e-24
2.628395561009212088e+03 1.370542764914662488e-24
2.646633029180280118e+03 1.383140620105034630e-24
2.664997040422043483e+03 1.395902399848339045e-24
2.683488472770237877e+03 1.408830547301015440e-24
2.702108210352957030e+03 1.421927548588711002e-24
2.720857143432946032e+03 1.435195932012807750e-24
2.739736168450142941e+03 1.448638268717286172e-24
2.758746188064561011e+03 1.462257173496114990e-24
2.777888111199438299e+03 1.476055305990155855e-24
2.797162853084688322e+03 1.490035431482387804e-24
2.816571335300678584e+03 1.504200113831145113e-24
2.836114485822271490e+03 1.518552335749818307e-24
2.855793239063214060e+03 1.533094882494054267e-24
2.875608535920806389e+03 1.547830646443642881e-24
2.895561323820878897e+03 1.562762570422858842e-24
2.915652556763111988e+03 1.577893647725819264e-24
2.935883195366627206e+03 1.593226922993902425e-24
2.956254206915937175e+03 1.608765493270683224e-24
2.976766565407184771e+03 1.624512512290287930e-24
2.997421251594703790e+03 1.640471174327939234e-24
3.018219253037934777e+03 1.656644743854330407e-24
3.039161564148614616e+03 1.673036540021673279e-24
3.060249186238348102e+03 1.689649933214315862e-24
3.081483127566470557e+03 1.706488354346498775e-24
3.102864403388249684e+03 1.723555293744184972e-24
3.124394036003446672e+03 1.740854302150961854e-24
3.146073054805171523e+03 1.758388991968648086e-24
3.167902496329123551e+03 1.776163051483299985e-24
3.189883404303140651e+03 1.794180177245520532e-24
3.212016829697095091e+03 1.812444213640405512e-24
3.234303830773163099e+03 1.830959017505221063e-24
3.256745473136400960e+03 1.849728524553351686e-24
3.279342829785714002e+03 1.868756739359712119e-24
3.302096981165152101e+03 1.888047736016676130e-24
3.325009015215558520e+03 1.907605659346132045e-24
3.348080027426610741e+03 1.927434727765688418e-24
3.371311120889170525e+03 1.947539225750748550e-24
3.394703406348052340e+03 1.967923519834280180e-24
3.418258002255118754e+03 1.988592050885143332e-24
3.441976034822747806e+03 2.009549333507047937e-24
3.465858638077703290e+03 2.030799961194183522e-24
3.489906953915329723e+03 2.052348606422703161e-24
3.514122132154172050e+03 2.074200021824681606e-24
3.538505330590944141e+03 2.096359045702482704e-24
3.563057715055871995e+03 2.118830579685514167e-24
3.587780459468463505e+03 2.141619636839709473e-24
3.612674745893606541e+03 2.164731296971167647e-24
3.637741764598112240e+03 2.188170728536404048e-24
3.662982714107614811e+03 2.211943186496368256e-24
3.688398801263864698e+03 2.236054012816134596e-24
3.713991241282458759e+03 2.260508637540533466e-24
3.739761257810910138e+03 2.285312579042022324e-24
3.765710082987183341e+03 2.310471439381822412e-24
3.791838957498594937e+03 2.335990920135133410e-24
3.818149130641120337e+03 2.361876804519627766e-24
3.844641860379156242e+03 2.388134967102026242e-24
3.871318413405634146e+03 2.414771371738372092e-24
3.898180065202614060e+03 2.441792071380901388e-24
3.925228100102254302e+03 2.469203207833720560e-24
3.952463811348209674e+03 2.497011003943377712e-24
3.979888501157492556e+03 2.525221779494269722e-24
4.007503480782701899e+03 2.553841930558750248e-24
4.035310070574748806e+03 2.582877937256944828e-24
4.063309600045972275e+03 2.612336359235477816e-24
4.091503407933694234e+03 2.642223833203035984e-24
4.119892842264259343e+03 2.672547065168751610e-24
4.148479260417452679e+03 2.703312833398335305e-24
4.177264029191431291e+03 2.734527977055419194e-24
4.206248524868058666e+03 2.766199391488052698e-24
4.235434133278700756e+03 2.798334021659213207e-24
4.264822249870511769e+03 2.830938853633252985e-24
4.294414279773124690e+03 2.864020908277247785e-24
4.324211637865858393e+03 2.897587211458125076e-24
4.354215748845361304e+03 2.931644820301867402e-24
4.384428047293712552e+03 2.966200768962902625e-24
4.414849977747045159e+03 3.001262071944458530e-24
4.445482994764578507e+03 3.036835701266995556e-24
4.476328562998200141e+03 3.072928658624947458e-24
4.507388157262457753e+03 3.109547480762841663e-24
4.538663262605111413e+03 3.146699152430371877e-24
4.570155374378115084e+03 3.184390133449826690e-24
4.601865998309110182e+03 3.222626793253681364e-24
4.633796650573441184e+03 3.261415276084381278e-24
4.665948857866618710e+03 3.300761457858607312e-24
4.698324157477344670e+03 3.340670876265099192e-24
4.730924097361000349e+03 3.381148707018684756e-24
4.763750236213644712e+03 3.422199660227797268e-24
4.796804143546572959e+03 3.463827922186874755e-24
4.830087399761322558e+03 3.506037065469477963e-24
4.863601596225267713e+03 3.548829949776034674e-24
4.897348335347696775e+03 3.592208612610954897e-24
4.931329230656409891e+03 3.636174142621519571e-24
4.965545906874899629e+03 3.680726536308500950e-24
5.000000000000000000e+03 3.725864537094210718e-24
