5.000000000000000000e+00 1.447485505852314493e-23
5.034693157380139006e+00 1.400231746266068419e-23
5.069627037794075974e+00 1.355328979918815457e-23
5.104803311530234922e+00 1.312608457537188789e-23
5.140223660466546995e+00 1.271915512527070775e-23
5.175889778150882137e+00 1.233108399932569515e-23
5.211803369882009207e+00 1.196057223139535825e-23
5.247966152791137873e+00 1.160642936559263190e-23
5.284379855924021818e+00 1.126756428566379093e-23
5.321046220323622400e+00 1.094297670586299746e-23
5.357966999113356721e+00 1.063174934598397936e-23
5.395143957580921246e+00 1.033304073937302657e-23
5.432578873262690955e+00 1.004607862407678742e-23
5.470273536028714467e+00 9.770153842809683039e-24
5.508229748168283813e+00 9.504614803986970769e-24
5.546449324476114384e+00 9.248862364614964812e-24
5.584934092339116418e+00 9.002345199285723623e-24
5.623685891823758887e+00 8.764555507032283943e-24
5.662706575764059558e+00 8.535025155791183571e-24
5.701998009850164806e+00 8.313322135652798964e-24
5.741562072717556475e+00 8.099047328588575165e-24
5.781400656036880470e+00 7.891831570157268331e-24
5.821515664604382856e+00 7.691332991730701710e-24
5.861909016432995223e+00 7.497234578800222950e-24
5.902582642844026672e+00 7.307195501030052210e-24
5.943538488559517496e+00 7.121139646998929693e-24
5.984778511795218137e+00 6.940951135776120782e-24
6.026304684354212071e+00 6.766377675807377982e-24
6.068118991721204836e+00 6.597183148801597135e-24
6.110223433157442763e+00 6.433146264953216569e-24
6.152620021796308514e+00 6.274059314143871051e-24
6.195310784739581855e+00 6.119727078017319146e-24
6.238297763154347919e+00 5.969965790257660246e-24
6.281583012370603569e+00 5.824602236821711372e-24
6.325168601979518357e+00 5.683472901018615227e-24
6.369056615932393584e+00 5.546423211371850900e-24
6.413249152640303485e+00 5.413306829597672352e-24
6.457748325074419427e+00 5.283985045388968764e-24
6.502556260867045523e+00 5.158326182815938253e-24
6.547675102413337278e+00 5.036205082281284096e-24
6.593107006973743189e+00 4.917502636819670454e-24
6.638854146777149801e+00 4.802105329431587403e-24
6.684918709124731961e+00 4.688211199022148218e-24
6.731302896494550936e+00 4.577434849639493758e-24
6.778008926646843513e+00 4.469720053537372788e-24
6.825039032730071398e+00 4.364970605876368501e-24
6.872395463387687364e+00 4.263094258669187177e-24
6.920080482865659022e+00 4.164002469960866157e-24
6.968096371120712895e+00 4.067610195989596376e-24
7.016445423929364544e+00 3.973835670664087934e-24
7.065129952997670770e+00 3.882600208927426846e-24
7.114152286071764308e+00 3.793828046767480975e-24
7.163514767049155907e+00 3.707446174085126460e-24
7.213219756090789581e+00 3.623384177635333718e-24
7.263269629733905219e+00 3.541574130975869938e-24
7.313666781005652595e+00 3.461950443201574625e-24
7.364413619537513611e+00 3.384449758757003263e-24
7.415512571680523024e+00 3.309010845007477222e-24
7.466966080621261881e+00 3.235574495371774189e-24
7.518776606498691173e+00 3.164083441690820623e-24
7.570946626521762646e+00 3.094482259350033474e-24
7.623478635087869826e+00 3.026717300299680002e-24
7.676375143902114395e+00 2.960736618784288597e-24
7.729638682097387914e+00 2.896489887455791064e-24
7.783271796355308858e+00 2.833928351793899608e-24
7.837277051027977670e+00 2.773004762343625617e-24
7.891657028260587126e+00 2.713673311523374665e-24
7.946414328114890679e+00 2.655889594687428256e-24
8.001551568693503924e+00 2.599610548045974578e-24
8.057071386265098667e+00 2.544794405196788322e-24
8.112976435390438112e+00 2.491400654135611481e-24
8.169269389049306440e+00 2.439389992842357729e-24
8.225952938768314127e+00 2.388724286158656474e-24
8.283029794749570129e+00 2.339366532428187170e-24
8.340502686000293764e+00 2.291280818684687553e-24
8.398374360463268573e+00 2.244432296395032984e-24
8.456647585148241220e+00 2.198787140753526364e-24
8.515325146264222766e+00 2.154312514489620932e-24
8.574409849352699453e+00 2.110976545965455284e-24
8.633904519421777835e+00 2.068748292687050381e-24
8.693812001081255403e+00 2.027597715642096409e-24
8.754135158678622020e+00 1.987495649530578923e-24
8.814876876436029463e+00 1.948413776587426618e-24
8.876040058588174020e+00 1.910324605462188696e-24
8.937627629521175621e+00 1.873201434197641465e-24
8.999642533912386000e+00 1.837018338197657014e-24
9.062087736871186294e+00 1.801750142502999604e-24
9.124966224080763411e+00 1.767372397171870802e-24
9.188281001940856285e+00 1.733861358514364317e-24
9.252035097711509337e+00 1.701193963356866751e-24
9.316231559657802919e+00 1.669347815653089522e-24
9.380873457195605170e+00 1.638301159753275710e-24
9.445963881038332843e+00 1.608032863430176244e-24
9.511505943344722880e+00 1.578522399274505403e-24
9.577502777867637818e+00 1.549749824836936570e-24
9.643957540103892612e+00 1.521695768442723130e-24
9.710873407445131278e+00 1.494341408591860316e-24
9.778253579329746259e+00 1.467668457967001779e-24
9.846101277395861828e+00 1.441659148660027321e-24
9.914419745635354886e+00 1.416296212771165622e-24
9.983212250548969990e+00 1.391562873729516446e-24
1.005248208130249488e+01 1.368084627770675075e-24
1.012223254988401777e+01 1.345367741324063277e-24
1.019246699126231981e+01 1.323186667324963781e-24
1.026318876354625864e+01 1.301528211796564220e-24
1.033440124814541505e+01 1.280379541681566250e-24
1.040610784993169524e+01 1.259728170693532387e-24
1.047831199740216412e+01 1.239561953201899557e-24
1.055101714284298176e+01 1.219869071158094927e-24
1.062422676249441267e+01 1.200638023235956161e-24
1.069794435671711241e+01 1.181857616752031421e-24
1.077217345015942129e+01 1.163516958335302534e-24
1.084691759192592109e+01 1.145605443983765883e-24
1.092218035574714108e+01 1.128112748896094585e-24
1.099796534015037253e+01 1.111028821269151366e-24
1.107427616863180120e+01 1.094343873898558695e-24
1.115111648982969150e+01 1.078048372323817320e-24
1.122848997769887447e+01 1.062133032845668821e-24
1.130640033168639569e+01 1.046588809079281632e-24
1.138485127690839782e+01 1.031406888207512310e-24
1.146384656432824833e+01 1.016578683391163522e-24
1.154338997093584673e+01 1.002095825221781138e-24
1.162348529992824453e+01 9.879501573471506311e-25
1.170413638089146957e+01 9.741337268511795139e-25
1.178534706998363824e+01 9.606387816665999274e-25
1.186712125011933594e+01 9.474577614085424868e-25
1.194946283115524999e+01 9.345832938143327046e-25
1.203237575007712579e+01 9.220081867861665719e-25
1.211586397118800207e+01 9.097254258185626615e-25
1.219993148629774993e+01 8.977281657272350838e-25
1.228458231491395480e+01 8.860097268627102867e-25
1.236982050443406855e+01 8.745635916304152526e-25
1.245565013033894708e+01 8.633833970308803291e-25
1.254207529638770424e+01 8.524629316538835429e-25
1.262910013481392113e+01 8.417961313818729126e-25
1.271672880652324622e+01 8.313770746269762972e-25
1.280496550129229583e+01 8.211999775406695207e-25
1.289381443796900939e+01 8.112591921861162865e-25
1.298327986467436013e+01 8.015492005307478183e-25
1.307336605900545834e+01 7.920646120432658806e-25
1.316407732824010424e+01 7.828001592041098978e-25
1.325541800954269256e+01 7.737506953275014802e-25
1.334739247017160935e+01 7.649111906710645957e-25
1.344000510768803558e+01 7.562767283717253088e-25
1.353326035016620388e+01 7.478425033821450625e-25
1.362716265640514379e+01 7.396038175986455698e-25
1.372171651614182508e+01 7.315560787361369254e-25
1.381692645026585531e+01 7.236947964075252762e-25
1.391279701103562694e+01 7.160155803292956243e-25
1.400933278229597434e+01 7.085141365393455284e-25
1.410653837969735847e+01 7.011862672740024976e-25
1.420441845091651878e+01 6.940278662226200609e-25
1.430297767587871505e+01 6.870349180812197875e-25
1.440222076698148790e+01 6.802034950075396567e-25
1.450215246931995594e+01 6.735297563697433959e-25
1.460277756091373114e+01 6.670099449834338423e-25
1.470410085293531743e+01 6.606403859889668490e-25
1.480612718994017740e+01 6.544174850240551346e-25
1.490886145009836561e+01 6.483377262647820599e-25
1.501230854542774473e+01 6.423976709876799998e-25
1.511647342202888744e+01 6.365939555578196916e-25
1.522136106032151126e+01 6.309232905954848405e-25
1.532697647528264007e+01 6.253824580190562866e-25
1.543332471668636963e+01 6.199683108875427815e-25
1.554041086934531712e+01 6.146777716210590493e-25
1.564824005335375823e+01 6.095078300880164710e-25
1.575681742433239485e+01 6.044555427454396174e-25
1.586614817367488683e+01 5.995180312667347357e-25
1.597623752879606585e+01 5.946924812797951858e-25
1.608709075338185457e+01 5.899761406145526972e-25
1.619871314764099068e+01 5.853663190228234538e-25
1.631111004855834778e+01 5.808603861752792193e-25
1.642428683015022273e+01 5.764557709153420635e-25
1.653824890372121104e+01 5.721499601822245391e-25
1.665300171812294039e+01 5.679404974024759660e-25
1.676855076001465861e+01 5.638249821628274767e-25
1.688490155412545590e+01 5.598010686300651420e-25
1.700205966351853704e+01 5.558664647092054782e-25
1.712003068985712417e+01 5.520189309317248280e-25
1.723882027367231728e+01 5.482562797650800406e-25
1.735843409463281262e+01 5.445763741199354297e-25
1.747887787181637265e+01 5.409771269245420756e-25
1.760015736398340280e+01 5.374564999707766020e-25
1.772227836985217664e+01 5.340125027456542407e-25
1.784524672837614645e+01 5.306431919928445517e-25
1.796906831902314394e+01 5.273466704127025058e-25
1.809374906205639988e+01 5.241210861015427106e-25
1.821929491881772734e+01 5.209646314047378570e-25
1.834571189201246710e+01 5.178755422909763529e-25
1.847300602599650787e+01 5.148520972510412151e-25
1.860118340706534568e+01 5.118926167850824844e-25
1.873025016374496232e+01 5.089954621410569434e-25
1.886021246708499532e+01 5.061590350729559285e-25
1.899107653095367709e+01 5.033817765686918637e-25
1.912284861233499456e+01 5.006621661428705330e-25
1.925553501162785963e+01 4.979987212897646827e-25
1.938914207294728342e+01 4.953899963547752514e-25
1.952367618442780639e+01 4.928345821129998394e-25
1.965914377852884698e+01 4.903311048235415341e-25
1.979555133234229203e+01 4.878782254748224352e-25
1.993290536790221168e+01 4.854746390875956766e-25
2.007121245249660646e+01 4.831190740589938652e-25
2.021047919898153822e+01 4.808102913786756519e-25
2.035071226609719020e+01 4.785470838209298625e-25
2.049191835878630386e+01 4.763282755080125900e-25
2.063410422851477577e+01 4.741527209159702769e-25
2.077727667359437191e+01 4.720193044475777494e-25
2.092144253950791111e+01 4.699269396119427110e-25
2.106660871923644152e+01 4.678745684483630834e-25
2.121278215358888275e+01 4.658611608209213877e-25
2.135996983153390261e+01 4.638857137864106872e-25
2.150817879053397164e+01 4.619472509789403353e-25
2.165741611688200052e+01 4.600448220420367477e-25
2.180768894604002384e+01 4.581775018375447031e-25
2.195900446298042752e+01 4.563443901411400526e-25
2.211136990252950341e+01 4.545446107588860213e-25
2.226479254971327393e+01 4.527773110735408784e-25
2.241927974010593871e+01 4.510416615030105367e-25
2.257483886018050612e+01 4.493368549442803987e-25
2.273147734766199335e+01 4.476621060398170667e-25
2.288920269188310286e+01 4.460166509246194991e-25
2.304802243414216534e+01 4.443997464870558567e-25
2.320794416806389648e+01 4.428106698832826738e-25
2.336897553996231380e+01 4.412487180886542650e-25
2.353112424920640322e+01 4.397132073385710118e-25
2.369439804858827614e+01 4.382034726931162029e-25
2.385880474469372459e+01 4.367188674284447523e-25
2.402435219827565405e+01 4.352587627533563591e-25
2.419104832462978294e+01 4.338225471504670147e-25
2.435890109397316294e+01 4.324096260892386894e-25
2.452791853182525017e+01 4.310194215115726272e-25
2.469810871939160180e+01 4.296513713394622615e-25
2.486947979395032249e+01 4.283049291510395529e-25
2.504203994924105814e+01 4.269795637146172024e-25
2.521579743585680333e+01 4.256747585870000075e-25
2.539076056163837691e+01 4.243900117083804887e-25
2.556693769207162603e+01 4.231248350278681744e-25
2.574433725068747236e+01 4.218787541407433405e-25
2.592296771946456246e+01 4.206513078739187432e-25
2.610283763923488465e+01 4.194420479518299623e-25
2.628395561009211789e+01 4.182505386514218396e-25
2.646633029180280161e+01 4.170763564244888682e-25
2.664997040422045060e+01 4.159190896224761693e-25
2.683488472770237721e+01 4.147783380580167932e-25
2.702108210352958650e+01 4.136537128117582328e-25
2.720857143432946046e+01 4.125448358435951256e-25
2.739736168450142983e+01 4.114513397111067197e-25
2.758746188064564109e+01 4.103728672517105021e-25
2.777888111199438370e+01 4.093090713327342836e-25
2.797162853084689971e+01 4.082596145185840192e-25
2.816571335300678314e+01 4.072241688494526345e-25
2.836114485822271192e+01 4.062024155289130244e-25
2.855793239063217115e+01 4.051940446923459415e-25
2.875608535920806474e+01 4.041987551380265162e-25
2.895561323820880162e+01 4.032162540773671549e-25
2.915652556763112102e+01 4.022462569138154561e-25
2.935883195366627163e+01 4.012884869919437469e-25
2.956254206915940230e+01 4.003426753712829144e-25
2.976766565407184473e+01 3.994085606074956369e-25
2.997421251594705538e+01 3.984858885304987949e-25
3.018219253037934635e+01 3.975744120506192642e-25
3.039161564148614758e+01 3.966738909340350508e-25
3.060249186238350916e+01 3.957840916337938462e-25
3.081483127566470870e+01 3.949047870373876455e-25
3.102864403388251446e+01 3.940357563594470110e-25
3.124394036003446828e+01 3.931767848993101940e-25
3.146073054805171409e+01 3.923276638882152974e-25
3.167902496329126549e+01 3.914881903142669628e-25
3.189883404303140679e+01 3.906581667297701835e-25
3.212016829697096654e+01 3.898374011496936276e-25
3.234303830773163213e+01 3.890257068262514232e-25
3.256745473136400904e+01 3.882229021345051040e-25
3.279342829785717583e+01 3.874288104081414011e-25
3.302096981165151846e+01 3.866432598127134063e-25
3.325009015215560737e+01 3.858660831699841552e-25
3.348080027426610883e+01 3.850971178585067592e-25
3.371311120889170354e+01 3.843362056602704684e-25
3.394703406348055807e+01 3.835831926383073733e-25
3.418258002255118555e+01 3.828379290046750220e-25
3.441976034822749142e+01 3.821002690100377358e-25
3.465858638077703091e+01 3.813700708169525889e-25
3.489906953915329524e+01 3.806471963876456048e-25
3.514122132154175659e+01 3.799315113721724238e-25
3.538505330590944453e+01 3.792228850075122141e-25
3.563057715055874297e+01 3.785211900006538761e-25
3.587780459468464045e+01 3.778263024355364258e-25
3.612674745893606598e+01 3.771381016759629410e-25
3.637741764598116134e+01 3.764564702598843598e-25
3.662982714107614868e+01 3.757812938172218188e-25
3.688398801263866744e+01 3.751124609747755422e-25
3.713991241282458589e+01 3.744498632671376149e-25
3.739761257810909711e+01 3.737933950598693402e-25
3.765710082987187235e+01 3.731429534545825500e-25
3.791838957498595164e+01 3.724984382215051680e-25
3.818149130641122468e+01 3.718597517159319380e-25
3.844641860379156384e+01 3.712267987986874915e-25
3.871318413405634118e+01 3.705994867766616246e-25
3.898180065202618039e+01 3.699777253168600434e-25
3.925228100102253848e+01 3.693614263888517934e-25
3.952463811348211919e+01 3.687505041939485259e-25
3.979888501157492442e+01 3.681448750988618927e-25
4.007503480782702354e+01 3.675444575771113977e-25
4.035310070574752928e+01 3.669491721457073116e-25
4.063309600045972303e+01 3.663589413086612352e-25
4.091503407933696224e+01 3.657736894958068986e-25
4.119892842264259514e+01 3.651933430128411009e-25
4.148479260417452963e+01 3.646178299827415709e-25
4.177264029191434958e+01 3.640470802962358142e-25
4.206248524868058780e+01 3.634810255614474809e-25
4.235434133278702973e+01 3.629195990537888069e-25
4.264822249870512394e+01 3.623627356697566140e-25
4.294414279773126708e+01 3.618103718798716238e-25
4.324211637865862912e+01 3.612624456830949906e-25
4.354215748845361134e+01 3.607188965668426671e-25
4.384428047293715025e+01 3.601796654612778218e-25
4.414849977747045529e+01 3.596446947008537609e-25
4.445482994764580553e+01 3.591139279845455769e-25
4.476328562998200056e+01 3.585873103368184094e-25
4.507388157262457895e+01 3.580647880706320670e-25
4.538663262605113857e+01 3.575463087521663698e-25
4.570155374378115454e+01 3.570318211654453359e-25
4.601865998309111916e+01 3.565212752776322262e-25
4.633796650573440701e+01 3.560146222093282916e-25
4.665948857866618482e+01 3.555118141973351327e-25
4.698324157477347285e+01 3.550128045694258812e-25
4.730924097361000236e+01 3.545175477108424639e-25
4.763750236213646616e+01 3.540259990363660857e-25
4.796804143546572874e+01 3.535381149628905590e-25
4.830087399761322331e+01 3.530538528804961890e-25
4.863601596225270640e+01 3.525731711271644764e-25
4.897348335347697201e+01 3.520960289628439113e-25
4.931329230656412221e+01 3.516223865454133638e-25
4.965545906874899629e+01 3.511522049043389339e-25
4.999999999999999289e+01 3.506854459199543028e-25
5.034693157380139894e+01 3.502220722981939405e-25
5.069627037794075619e+01 3.497620475511261851e-25
5.104803311530231724e+01 3.493053359734293963e-25
5.140223660466548239e+01 3.488519026232611068e-25
5.175889778150880716e+01 3.484017133017404570e-25
5.211803369882010628e+01 3.479547345321747298e-25
5.247966152791137517e+01 3.475109335441193725e-25
5.284379855924019154e+01 3.470702782518546487e-25
5.321046220323622578e+01 3.466327372391088955e-25
5.357966999113354944e+01 3.461982797402438184e-25
5.395143957580922489e+01 3.457668756250251808e-25
5.432578873262691133e+01 3.453384953805805274e-25
5.470273536028711447e+01 3.449131100980517669e-25
5.508229748168283635e+01 3.444906914549265280e-25
5.546449324476112963e+01 3.440712117025337003e-25
5.584934092339118195e+01 3.436546436503416765e-25
5.623685891823758709e+01 3.432409606519347052e-25
5.662706575764056538e+01 3.428301365932080346e-25
5.701998009850164806e+01 3.424221458773604309e-25
5.741562072717555054e+01 3.420169634135236587e-25
5.781400656036881713e+01 3.416145646040709531e-25
5.821515664604383034e+01 3.412149253328438464e-25
5.861909016432991848e+01 3.408180219533398740e-25
5.902582642844026850e+01 3.404238312780830282e-25
5.943538488559515542e+01 3.400323305675250259e-25
5.984778511795219202e+01 3.396434975190552628e-25
6.026304684354212071e+01 3.392573102577376419e-25
6.068118991721201638e+01 3.388737473258683274e-25
6.110223433157442230e+01 3.384927876734972188e-25
6.152620021796307270e+01 3.381144106490014048e-25
6.195310784739583454e+01 3.377385959904042294e-25
6.238297763154347564e+01 3.373653238166775062e-25
6.281583012370606411e+01 3.369945746189048311e-25
6.325168601979518002e+01 3.366263292523168739e-25
6.369056615932391452e+01 3.362605689284013312e-25
6.413249152640305795e+01 3.358972752072114284e-25
6.457748325074419427e+01 3.355364299896999974e-25
6.502556260867048366e+01 3.351780155107610551e-25
6.547675102413337811e+01 3.348220143320716859e-25
6.593107006973741591e+01 3.344684093351321507e-25
6.638854146777151755e+01 3.341171837152734370e-25
6.684918709124731606e+01 3.337683209744602948e-25
6.731302896494554489e+01 3.334218049158847436e-25
6.778008926646843690e+01 3.330776196373728800e-25
6.825039032730067845e+01 3.327357495260524500e-25
6.872395463387690029e+01 3.323961792525084841e-25
6.920080482865657245e+01 3.320588937653611915e-25
6.968096371120716981e+01 3.317238782859236140e-25
7.016445423929364722e+01 3.313911183033170795e-25
7.065129952997666862e+01 3.310605995694682798e-25
7.114152286071765730e+01 3.307323080940540480e-25
7.163514767049153420e+01 3.304062301403284452e-25
7.213219756090792600e+01 3.300823522203542942e-25
7.263269629733905219e+01 3.297606610906609221e-25
7.313666781005647977e+01 3.294411437481413172e-25
7.364413619537515387e+01 3.291237874260964989e-25
7.415512571680521603e+01 3.288085795900553496e-25
7.466966080621266144e+01 3.284955079341790714e-25
7.518776606498691706e+01 3.281845603775459348e-25
7.570946626521758560e+01 3.278757250606037202e-25
7.623478635087872135e+01 3.275689903416531063e-25
7.676375143902112086e+01 3.272643447937965280e-25
7.729638682097392177e+01 3.269617772014017751e-25
7.783271796355309391e+01 3.266612765572576174e-25
7.837277051027973584e+01 3.263628320595510393e-25
7.891657028260588902e+01 3.260664331088719331e-25
7.946414328114889258e+01 3.257720693055820124e-25
8.001551568693507477e+01 3.254797304470817874e-25
8.057071386265099022e+01 3.251894065252326508e-25
8.112976435390434915e+01 3.249010877238623045e-25
8.169269389049308927e+01 3.246147644163818116e-25
8.225952938768311640e+01 3.243304271635308061e-25
8.283029794749575103e+01 3.240480667110404627e-25
8.340502686000294830e+01 3.237676739876094885e-25
8.398374360463265020e+01 3.234892401027975085e-25
8.456647585148242285e+01 3.232127563451122242e-25
8.515325146264220280e+01 3.229382141800689295e-25
8.574409849352703361e+01 3.226656052483908104e-25
8.633904519421778900e+01 3.223949213642498822e-25
8.693812001081251140e+01 3.221261545136826433e-25
8.754135158678624862e+01 3.218592968529165109e-25
8.814876876436026976e+01 3.215943407068779080e-25
8.876040058588178283e+01 3.213312785677469559e-25
8.937627629521176686e+01 3.210701030935766815e-25
8.999642533912381737e+01 3.208108071069539186e-25
9.062087736871187360e+01 3.205533835937737627e-25
9.124966224080760924e+01 3.202978257020238526e-25
9.188281001940860904e+01 3.200441267406492383e-25
9.252035097711508627e+01 3.197922801785576643e-25
9.316231559657798300e+01 3.195422796435231461e-25
9.380873457195606591e+01 3.192941189212826297e-25
9.445963881038331067e+01 3.190477919546558407e-25
9.511505943344727143e+01 3.188032928426958979e-25
9.577502777867637462e+01 3.185606158398991143e-25
9.643957540103887993e+01 3.183197553555384552e-25
9.710873407445130567e+01 3.180807059529384973e-25
9.778253579329744127e+01 3.178434623488798753e-25
9.846101277395865736e+01 3.176080194130840845e-25
9.914419745635355241e+01 3.173743721676692640e-25
9.983212250548965017e+01 3.171425157866996058e-25
1.005248208130249452e+02 3.169124455957795795e-25
1.012223254988401777e+02 3.166841570717515181e-25
1.019246699126232016e+02 3.164576458423388832e-25
1.026318876354625900e+02 3.162329076859470732e-25
1.033440124814540866e+02 3.160099385314448098e-25
1.040610784993169489e+02 3.157887344580369909e-25
1.047831199740216306e+02 3.155692916951808455e-25
1.055101714284298140e+02 3.153516066225158625e-25
1.062422676249441338e+02 3.151356757699093419e-25
1.069794435671710602e+02 3.149214958175204035e-25
1.077217345015942129e+02 3.147090635959128989e-25
1.084691759192592002e+02 3.144983760862323785e-25
1.092218035574714037e+02 3.142894304204542768e-25
1.099796534015037253e+02 3.140822238816612560e-25
1.107427616863179480e+02 3.138767539043677521e-25
1.115111648982969115e+02 3.136730180749871423e-25
1.122848997769886807e+02 3.134710141322377958e-25
1.130640033168639604e+02 3.132707399677276065e-25
1.138485127690839818e+02 3.130721936265305364e-25
1.146384656432825437e+02 3.128753733078872285e-25
1.154338997093584709e+02 3.126802773659084208e-25
1.162348529992823813e+02 3.124869043104402205e-25
1.170413638089146957e+02 3.122952528079746068e-25
1.178534706998363788e+02 3.121053216826577387e-25
1.186712125011934233e+02 3.119171099173353188e-25
1.194946283115525034e+02 3.117306166548273156e-25
1.203237575007711939e+02 3.115458411991643448e-25
1.211586397118800136e+02 3.113627830170584608e-25
1.219993148629774993e+02 3.111814417395070637e-25
1.228458231491396191e+02 3.110018171634209128e-25
1.236982050443406962e+02 3.108239092535097851e-25
1.245565013033894104e+02 3.106477181443965282e-25
1.254207529638770353e+02 3.104732441427676184e-25
1.262910013481392184e+02 3.103004877298736110e-25
1.271672880652325262e+02 3.101294495642623033e-25
1.280496550129229547e+02 3.099601304846738938e-25
1.289381443796900157e+02 3.097925315134318245e-25
1.298327986467436119e+02 3.096266538600014525e-25
1.307336605900545976e+02 3.094624989250936728e-25
1.316407732824011134e+02 3.093000683051601283e-25
1.325541800954269434e+02 3.091393637973981987e-25
1.334739247017160153e+02 3.089803874054551321e-25
1.344000510768803451e+02 3.088231413457280985e-25
1.353326035016620494e+02 3.086676280545776839e-25
1.362716265640515019e+02 3.085138501964435309e-25
1.372171651614182508e+02 3.083618106730753674e-25
1.381692645026584785e+02 3.082115126341594755e-25
1.391279701103562729e+02 3.080629594894118193e-25
1.400933278229597363e+02 3.079161549225793761e-25
1.410653837969736628e+02 3.077711029076338113e-25
1.420441845091651771e+02 3.076278077275814542e-25
1.430297767587870794e+02 3.074862739965339849e-25
1.440222076698148612e+02 3.073465066854985967e-25
1.450215246931995523e+02 3.072085111529571045e-25
1.460277756091373931e+02 3.070722931810585885e-25
1.470410085293531779e+02 3.069378590189161124e-25
1.480612718994017030e+02 3.068052154344938695e-25
1.490886145009836525e+02 3.066743697772929912e-25
1.501230854542774296e+02 3.065453300545238098e-25
1.511647342202889490e+02 3.064181050243067655e-25
1.522136106032151304e+02 3.062927043103467931e-25
1.532697647528263190e+02 3.061691385442825194e-25
1.543332471668637140e+02 3.060474195435354827e-25
1.554041086934531677e+02 3.059275605354563336e-25
1.564824005335376569e+02 3.058095764421346269e-25
1.575681742433239378e+02 3.056934842457042623e-25
1.586614817367487831e+02 3.055793034616175759e-25
1.597623752879606513e+02 3.054670567579406263e-25
1.608709075338185528e+02 3.053567707754658019e-25
1.619871314764099282e+02 3.052484772269435427e-25
1.631111004855834778e+02 3.051422143902144578e-25
1.642428683015021704e+02 3.050380291666663400e-25
1.653824890372121104e+02 3.049359799646030648e-25
1.665300171812293968e+02 3.048361408105477460e-25
1.676855076001465932e+02 3.047386073278226151e-25
1.688490155412545448e+02 3.046435056230615930e-25
1.700205966351852851e+02 3.045510058252804607e-25
1.712003068985712559e+02 3.044613432971124529e-25
1.723882027367231728e+02 3.043748529436881600e-25
1.735843409463281262e+02 3.042920267886382049e-25
1.747887787181637407e+02 3.042136148424112994e-25
1.760015736398339357e+02 3.041408110499885852e-25
1.772227836985217664e+02 3.040756177675024756e-25
1.784524672837614503e+02 3.040216161615815719e-25
1.796906831902314536e+02 3.039857574324669784e-25
1.809374906205640059e+02 3.039830806533913993e-25
1.821929491881772094e+02 3.040514640136995706e-25
1.834571189201246852e+02 3.043111229598344368e-25
1.847300602599650858e+02 3.053346614929603614e-25
1.860118340706534639e+02 3.145949979978740665e-25
1.873025016374496374e+02 3.412475437355858187e-25
1.886021246708498609e+02 3.058479290841964961e-25
1.899107653095367994e+02 3.040496189666110588e-25
1.912284861233499385e+02 3.035598374628563465e-25
1.925553501162786176e+02 3.033332786070447068e-25
1.938914207294728271e+02 3.031938733434222026e-25
1.952367618442779644e+02 3.030922073696082028e-25
1.965914377852884911e+02 3.030101108732122496e-25
1.979555133234229061e+02 3.029396580693804264e-25
1.993290536790221097e+02 3.028769565194981660e-25
2.007121245249660717e+02 3.028199207507644640e-25
2.021047919898154817e+02 3.027673569156214057e-25
2.035071226609719020e+02 3.027185455104727120e-25
2.049191835878630457e+02 3.026730351053014642e-25
2.063410422851477790e+02 3.026305334971431350e-25
2.077727667359437476e+02 3.025908470923966887e-25
2.092144253950791892e+02 3.025538455846811757e-25
2.106660871923644152e+02 3.025194405625814941e-25
2.121278215358888133e+02 3.024875721150172240e-25
2.135996983153390261e+02 3.024582001972756975e-25
2.150817879053397235e+02 3.024312989216380941e-25
2.165741611688201260e+02 3.024068526955537941e-25
2.180768894604002526e+02 3.023848535563063036e-25
2.195900446298042823e+02 3.023652992977781050e-25
2.211136990252950341e+02 3.023481921323624323e-25
2.226479254971327464e+02 3.023335377208206205e-25
2.241927974010595221e+02 3.023213444596489407e-25
2.257483886018050612e+02 3.023116229509609538e-25
2.273147734766199335e+02 3.023043856039984155e-25
2.288920269188310215e+02 3.022996463324293120e-25
2.304802243414216605e+02 3.022974203222952662e-25
2.320794416806390643e+02 3.022977238528333204e-25
2.336897553996231522e+02 3.023005741568175655e-25
2.353112424920640535e+02 3.023059893112664974e-25
2.369439804858827756e+02 3.023139881512455314e-25
2.385880474469372530e+02 3.023245902016110961e-25
2.402435219827566755e+02 3.023378156227515596e-25
2.419104832462978152e+02 3.023536851672997412e-25
2.435890109397315086e+02 3.023722201455315927e-25
2.452791853182525017e+02 3.023934423977114999e-25
2.469810871939160108e+02 3.024173742719572189e-25
2.486947979395033599e+02 3.024440386065996546e-25
2.504203994924105814e+02 3.024734587161119181e-25
2.521579743585679125e+02 3.025056583801216228e-25
2.539076056163837620e+02 3.025406618347279297e-25
2.556693769207162745e+02 3.025784937658684538e-25
2.574433725068748231e+02 3.026191793043563356e-25
2.592296771946456033e+02 3.026627440222961317e-25
2.610283763923487186e+02 3.027092139306482451e-25
2.628395561009211860e+02 3.027586154777918840e-25
2.646633029180280232e+02 3.028109755488587945e-25
2.664997040422045984e+02 3.028663214658864890e-25
2.683488472770237649e+02 3.029246809884559971e-25
2.702108210352957371e+02 3.029860823149298083e-25
2.720857143432946259e+02 3.030505540841631807e-25
2.739736168450143055e+02 3.031181253775124454e-25
2.758746188064563967e+02 3.031888257213461565e-25
2.777888111199438299e+02 3.032626850897900995e-25
2.797162853084688550e+02 3.033397339077916130e-25
2.816571335300678243e+02 3.034200030544932109e-25
2.836114485822271263e+02 3.035035238668351972e-25
2.855793239063216902e+02 3.035903281434173948e-25
2.875608535920806617e+02 3.036804481486778900e-25
2.895561323820878670e+02 3.037739166172976926e-25
2.915652556763112102e+02 3.038707667589126771e-25
2.935883195366627092e+02 3.039710322631112708e-25
2.956254206915940017e+02 3.040747473048228095e-25
2.976766565407184544e+02 3.041819465501071227e-25
2.997421251594703904e+02 3.042926651624049496e-25
3.018219253037934777e+02 3.044069388093815197e-25
3.039161564148614616e+02 3.045248036704373651e-25
3.060249186238351058e+02 3.046462964451502987e-25
3.081483127566470444e+02 3.047714543627147711e-25
3.102864403388250025e+02 3.049003151929160751e-25
3.124394036003446899e+02 3.050329172588129192e-25
3.146073054805171409e+02 3.051692994518124542e-25
3.167902496329126620e+02 3.053095012499469600e-25
3.189883404303140537e+02 3.054535627403468184e-25
3.212016829697095091e+02 3.056015246475606973e-25
3.234303830773163213e+02 3.057534283697939753e-25
3.256745473136401188e+02 3.059093160265160792e-25
3.279342829785717299e+02 3.060692305219322657e-25
3.302096981165151988e+02 3.062332156318857148e-25
3.325009015215558748e+02 3.064013161251026088e-25
3.348080027426610741e+02 3.065735779365148717e-25
3.371311120889170638e+02 3.067500484211375608e-25
3.394703406348055523e+02 3.069307767357815005e-25
3.418258002255118981e+02 3.071158144300782031e-25
3.441976034822747579e+02 3.073052163913244588e-25
3.465858638077702949e+02 3.074990424115178290e-25
3.489906953915329382e+02 3.076973598978972030e-25
3.514122132154175802e+02 3.079002487989449965e-25
3.538505330590944027e+02 3.081078110996524306e-25
3.563057715055872450e+02 3.083201904891816724e-25
3.587780459468463619e+02 3.085376169369081978e-25
3.612674745893606314e+02 3.087605202233524413e-25
3.637741764598115992e+02 3.089898686767799025e-25
3.662982714107614584e+02 3.092284412235296013e-25
3.688398801263868449e+02 3.094877836023148103e-25
3.713991241282458873e+02 3.098726466095612389e-25
3.739761257810910138e+02 3.232332712421574461e-25
3.765710082987187093e+02 3.102957041590544222e-25
3.791838957498594596e+02 3.104652142748849645e-25
3.818149130641124316e+02 3.107079893511515994e-25
3.844641860379156242e+02 3.109669813786730624e-25
3.871318413405634260e+02 3.112344725608781710e-25
3.898180065202618039e+02 3.115085325386812307e-25
3.925228100102253848e+02 3.117885267763072153e-25
3.952463811348213767e+02 3.120742221878144255e-25
3.979888501157492442e+02 3.123655381132090975e-25
4.007503480782701786e+02 3.126624606497361026e-25
4.035310070574753354e+02 3.129650084814757701e-25
4.063309600045972161e+02 3.132732176634789621e-25
4.091503407933698213e+02 3.135871342416579987e-25
4.119892842264259230e+02 3.139068104200888416e-25
4.148479260417452679e+02 3.142323024562630674e-25
4.177264029191435384e+02 3.145636694502897010e-25
4.206248524868058780e+02 3.149009726208362469e-25
4.235434133278704962e+02 3.152442748577239215e-25
4.264822249870512110e+02 3.155936404376059214e-25
4.294414279773124008e+02 3.159491348393961678e-25
4.324211637865862485e+02 3.163108246219323030e-25
4.354215748845361418e+02 3.166787773419533688e-25
4.384428047293717441e+02 3.170530614985528760e-25
4.414849977747045386e+02 3.174337464954303296e-25
4.445482994764578280e+02 3.178209026154131692e-25
4.476328562998199914e+02 3.182146010034638499e-25
4.507388157262458321e+02 3.186149136558082648e-25
4.538663262605115847e+02 3.190219134134218529e-25
4.570155374378115312e+02 3.194356739588088826e-25
4.601865998309110068e+02 3.198562698151112343e-25
4.633796650573440843e+02 3.202837763472478027e-25
4.665948857866619051e+02 3.207182697644388258e-25
4.698324157477349559e+02 3.211598271240266544e-25
4.730924097361000236e+02 3.216085263364328944e-25
4.763750236213644484e+02 3.220644461710944237e-25
4.796804143546572732e+02 3.225276662635414756e-25
4.830087399761322331e+02 3.229982671236125072e-25
4.863601596225273056e+02 3.234763301451771910e-25
4.897348335347697343e+02 3.239619376176558461e-25
4.931329230656409663e+02 3.244551727400025866e-25
4.965545906874899629e+02 3.249561196383115173e-25
4.999999999999999432e+02 3.254648633883571601e-25
5.034693157380134494e+02 3.259814900459207841e-25
5.069627037794076045e+02 3.265060866889158072e-25
5.104803311530232008e+02 3.270387414784607427e-25
5.140223660466548381e+02 3.275795437510844253e-25
5.175889778150880147e+02 3.281285841643998374e-25
5.211803369882004517e+02 3.286859549378638565e-25
5.247966152791137802e+02 3.292517502713780032e-25
5.284379855924019012e+02 3.298260671156991273e-25
5.321046220323622720e+02 3.304090066868725856e-25
5.357966999113355087e+02 3.310006776901274822e-25
5.395143957580917231e+02 3.316012039018632156e-25
5.432578873262691559e+02 3.322107444806808912e-25
5.470273536028711305e+02 3.328295591086435158e-25
5.508229748168283777e+02 3.334582818138532480e-25
5.546449324476112679e+02 3.340997679852302092e-25
5.584934092339112794e+02 3.348022788747835745e-25
5.623685891823758993e+02 3.354725018433335659e-25
5.662706575764057106e+02 3.360650242188426827e-25
5.701998009850165090e+02 3.367340377722856645e-25
5.741562072717555338e+02 3.374165463571552915e-25
5.781400656036876171e+02 3.381096726357587800e-25
5.821515664604382891e+02 3.388129770557599876e-25
5.861909016432991848e+02 3.395264076055333264e-25
5.902582642844026850e+02 3.402500126679033190e-25
5.943538488559515827e+02 3.409838750788564489e-25
5.984778511795212808e+02 3.417280921193644800e-25
6.026304684354212213e+02 3.424827682220230982e-25
6.068118991721202065e+02 3.432480119401981906e-25
6.110223433157442514e+02 3.440239345587452089e-25
6.152620021796307128e+02 3.448106494076041773e-25
6.195310784739577912e+02 3.456082715025018538e-25
6.238297763154347422e+02 3.464169173488325745e-25
6.281583012370599590e+02 3.472367048316898846e-25
6.325168601979518144e+02 3.480677531536028526e-25
6.369056615932391878e+02 3.489101827999933880e-25
6.413249152640298689e+02 3.497641155213149724e-25
6.457748325074419427e+02 3.506296743256542997e-25
6.502556260867041829e+02 3.515069834781841204e-25
6.547675102413337527e+02 3.523961685054187147e-25
6.593107006973741591e+02 3.532973562029938285e-25
6.638854146777144933e+02 3.542106746463873198e-25
6.684918709124732459e+02 3.551362532044349557e-25
6.731302896494547667e+02 3.560742225559948355e-25
6.778008926646843975e+02 3.570247147104984304e-25
6.825039032730068129e+02 3.579878630342716466e-25
6.872395463387682639e+02 3.589638022857700845e-25
6.920080482865656677e+02 3.599526686658828966e-25
6.968096371120709591e+02 3.609545998948921725e-25
7.016445423929365006e+02 3.619697353401709314e-25
7.065129952997667715e+02 3.629982162458810086e-25
7.114152286071758908e+02 3.640401861848403395e-25
7.163514767049153988e+02 3.650957920396517984e-25
7.213219756090785495e+02 3.661651864003978269e-25
7.263269629733905504e+02 3.672485343824950410e-25
7.313666781005648545e+02 3.683460375810022338e-25
7.364413619537507429e+02 3.694580512646992445e-25
7.415512571680520750e+02 3.705861736871078448e-25
7.466966080621258470e+02 3.719510131958330355e-25
7.518776606498690853e+02 3.728833865774129074e-25
7.570946626521758844e+02 3.740494144710615422e-25
7.623478635087872135e+02 3.752336878693719312e-25
7.676375143902112086e+02 3.764335017544741888e-25
7.729638682097383935e+02 3.776487190089791403e-25
7.783271796355309107e+02 3.788794326541122688e-25
7.837277051027973584e+02 3.801257831554908992e-25
7.891657028260589186e+02 3.813879261479529307e-25
7.946414328114889258e+02 3.826660792299593064e-25
8.001551568693499803e+02 3.839602393595866837e-25
8.057071386265098454e+02 3.852707438704623196e-25
8.112976435390434062e+02 3.865977073241645868e-25
8.169269389049309211e+02 3.879413022516227709e-25
8.225952938768310787e+02 3.893017032815607687e-25
8.283029794749566008e+02 3.906790869926907042e-25
8.340502686000294261e+02 3.920736318944242140e-25
8.398374360463265020e+02 3.934855184319548075e-25
8.456647585148242570e+02 3.949149290024242660e-25
8.515325146264220848e+02 3.963620479779854290e-25
8.574409849352695119e+02 3.978270617345667243e-25
8.633904519421778332e+02 3.993101586867944062e-25
8.693812001081250855e+02 4.008115293313498386e-25
8.754135158678624293e+02 4.023313663040834585e-25
8.814876876436027260e+02 4.038698644631226867e-25
8.876040058588170041e+02 4.054272210258362129e-25
8.937627629521176686e+02 4.070036358295504233e-25
8.999642533912381168e+02 4.085993119105106743e-25
9.062087736871186507e+02 4.102144570296781027e-25
9.124966224080760639e+02 4.118492886290853838e-25
9.188281001940850956e+02 4.135040555257432087e-25
9.252035097711509479e+02 4.151791983002014445e-25
9.316231559657798016e+02 4.168809611181239574e-25
9.380873457195606306e+02 4.185921359902951016e-25
9.445963881038330783e+02 4.203258511650264856e-25
9.511505943344717480e+02 4.220828220693829992e-25
9.577502777867638315e+02 4.238611462579261446e-25
9.643957540103887141e+02 4.256609082367543356e-25
9.710873407445130852e+02 4.274823076165159899e-25
9.778253579329743843e+02 4.293255660788584372e-25
9.846101277395855504e+02 4.311909131979907583e-25
9.914419745635356094e+02 4.330785830738741914e-25
9.983212250548965585e+02 4.349888133146647229e-25
1.005248208130249395e+03 4.369218446886245979e-25
1.012223254988401777e+03 4.388779210056256024e-25
1.019246699126230965e+03 4.408572890891024106e-25
1.026318876354625900e+03 4.428601987882977464e-25
1.033440124814540923e+03 4.448869030104463167e-25
1.040610784993169545e+03 4.469376577652397221e-25
1.047831199740216334e+03 4.490127222185207425e-25
1.055101714284297032e+03 4.511123587565929804e-25
1.062422676249441338e+03 4.532368330677582000e-25
1.069794435671710517e+03 4.553864142580780005e-25
1.077217345015942101e+03 4.575613750492117194e-25
1.084691759192592144e+03 4.597619922036237799e-25
1.092218035574712985e+03 4.619885477073870447e-25
1.099796534015037196e+03 4.642413332115324591e-25
1.107427616863179537e+03 4.665206757869696572e-25
1.115111648982969200e+03 4.688273193327383079e-25
1.122848997769886864e+03 4.711662474745262513e-25
1.130640033168638411e+03 4.735204758503926355e-25
1.138485127690839818e+03 4.759085067396358663e-25
1.146384656432824158e+03 4.783246573870247033e-25
1.154338997093584794e+03 4.807691288509222542e-25
1.162348529992823842e+03 4.832422175334041140e-25
1.170413638089145707e+03 4.857442360687327487e-25
1.178534706998363845e+03 4.882755041279687227e-25
1.186712125011933040e+03 4.908363465458535117e-25
1.194946283115524921e+03 4.934270928377687519e-25
1.203237575007711939e+03 4.960480770812668885e-25
1.211586397118798914e+03 4.986996379165538635e-25
1.219993148629774851e+03 5.013821185930013145e-25
1.228458231491394827e+03 5.040958670377934248e-25
1.236982050443406933e+03 5.068412359391221685e-25
1.245565013033894047e+03 5.096185828456973153e-25
1.254207529638769074e+03 5.124282702952691056e-25
1.262910013481392070e+03 5.152706660149725282e-25
1.271672880652324011e+03 5.181461433422748775e-25
1.280496550129229490e+03 5.210550825117581958e-25
1.289381443796900385e+03 5.239978768236654686e-25
1.298327986467434812e+03 5.269749944985135581e-25
1.307336605900545919e+03 5.300986602781597286e-25
1.316407732824009827e+03 5.330332588972473770e-25
1.325541800954269320e+03 5.361151969554079296e-25
1.334739247017160324e+03 5.392330784749630870e-25
1.344000510768802087e+03 5.423872272304668782e-25
1.353326035016620381e+03 5.455780547939414183e-25
1.362716265640513711e+03 5.488059869091741340e-25
1.372171651614182565e+03 5.520714571580888150e-25
1.381692645026584842e+03 5.553749058784281082e-25
1.391279701103562729e+03 5.587167799586526206e-25
1.400933278229597590e+03 5.620975328467541881e-25
1.410653837969735150e+03 5.655176246276654848e-25
1.420441845091651885e+03 5.689775221293269904e-25
1.430297767587870794e+03 5.724776990493504554e-25
1.440222076698148840e+03 5.760186361111996723e-25
1.450215246931995580e+03 5.796008212945262978e-25
1.460277756091372339e+03 5.832247503251331633e-25
1.470410085293531665e+03 5.868909284395835991e-25
1.480612718994017087e+03 5.905998830973994914e-25
1.490886145009836582e+03 5.943527065173456026e-25
1.501230854542774523e+03 5.981481874872955209e-25
1.511647342202888012e+03 6.019883678761585679e-25
1.522136106032151247e+03 6.058735427858399345e-25
1.532697647528263133e+03 6.098041471141486127e-25
1.543332471668637027e+03 6.137807296596571189e-25
1.554041086934531677e+03 6.178038542710195280e-25
1.564824005335374977e+03 6.218740945328677843e-25
1.575681742433239378e+03 6.259920330591415077e-25
1.586614817367487831e+03 6.301582614391546599e-25
1.597623752879606627e+03 6.343733803312478220e-25
1.608709075338185585e+03 6.386379996042027364e-25
1.619871314764097406e+03 6.429527385070564248e-25
1.631111004855834835e+03 6.473182258814902421e-25
1.642428683015021534e+03 6.517351005042400851e-25
1.653824890372120990e+03 6.562040120471926994e-25
1.665300171812294138e+03 6.607256272168578590e-25
1.676855076001464113e+03 6.653008636318458092e-25
1.688490155412545391e+03 6.699296544102232650e-25
1.700205966351852794e+03 6.746133099229565607e-25
1.712003068985712616e+03 6.793524617970886498e-25
1.723882027367231785e+03 6.841477591787991230e-25
1.735843409463279386e+03 6.889999197119843300e-25
1.747887787181637350e+03 6.939096757619590091e-25
1.760015736398339186e+03 6.988777717725719512e-25
1.772227836985217436e+03 7.039049640283472888e-25
1.784524672837614617e+03 7.089920207553831457e-25
1.796906831902312661e+03 7.141397223029787384e-25
1.809374906205639945e+03 7.193488613639307419e-25
1.821929491881772037e+03 7.246202432547761021e-25
1.834571189201246852e+03 7.299546864252330120e-25
1.847300602599651029e+03 7.353530245738035738e-25
1.860118340706532763e+03 7.408161450759303346e-25
1.873025016374496317e+03 7.463448556654109257e-25
1.886021246708498438e+03 7.519398753651433235e-25
1.899107653095367823e+03 7.576023413818133175e-25
1.912284861233499214e+03 7.633330591783287570e-25
1.925553501162784187e+03 7.691329384543594002e-25
1.938914207294728385e+03 7.750029064850336173e-25
1.952367618442779758e+03 7.809439058395374852e-25
1.965914377852884854e+03 7.869568943049172234e-25
1.979555133234229061e+03 7.930428450790964681e-25
1.993290536790218994e+03 7.992027470314812578e-25
2.007121245249660660e+03 8.054376050212777507e-25
2.021047919898152713e+03 8.117484404143219173e-25
2.035071226609719133e+03 8.181362932028768807e-25
2.049191835878630627e+03 8.246022951706398939e-25
2.063410422851475687e+03 8.311472833504464068e-25
2.077727667359437419e+03 8.377725448063500001e-25
2.092144253950789789e+03 8.444791597558038320e-25
2.106660871923644208e+03 8.512682341606386766e-25
2.121278215358888247e+03 8.581409090200951445e-25
2.135996983153388101e+03 8.650983449009596842e-25
2.150817879053397064e+03 8.721417214306647854e-25
2.165741611688199100e+03 8.792722375032892217e-25
2.180768894604002526e+03 8.864911115999357290e-25
2.195900446298042880e+03 8.937995821799724442e-25
2.211136990252948181e+03 9.011989083428995909e-25
2.226479254971327464e+03 9.086903738159857610e-25
2.241927974010592607e+03 9.162765009012051690e-25
2.257483886018050725e+03 9.239549114357532446e-25
2.273147734766199392e+03 9.317306546196296360e-25
2.288920269188307884e+03 9.396038646612831625e-25
2.304802243414216719e+03 9.475759264960333552e-25
2.320794416806388199e+03 9.556482502380518046e-25
2.336897553996231636e+03 9.638222695102289699e-25
2.353112424920640478e+03 9.720994416570080842e-25
2.369439804858825028e+03 9.804812481404345484e-25
2.385880474469372530e+03 9.889691950282448786e-25
2.402435219827564197e+03 9.975648139234698634e-25
2.419104832462978266e+03 1.006269675123711051e-24
2.435890109397314973e+03 1.015085325048680323e-24
2.452791853182522573e+03 1.024013383677284795e-24
2.469810871939159824e+03 1.033055507218004645e-24
2.486947979395030870e+03 1.042213346565122602e-24
2.504203994924105700e+03 1.051488591165968875e-24
2.521579743585678898e+03 1.060882959154608243e-24
2.539076056163837620e+03 1.070398197460252771e-24
2.556693769207162859e+03 1.080036082282153264e-24
2.574433725068745844e+03 1.089798419680536261e-24
2.592296771946456374e+03 1.099687046781857852e-24
2.610283763923487186e+03 1.109703901540728440e-24
2.628395561009212088e+03 1.119850664452365458e-24
2.646633029180280118e+03 1.130129481184392257e-24
2.664997040422043483e+03 1.140542247767369136e-24
2.683488472770237877e+03 1.151090957976239575e-24
2.702108210352957030e+03 1.161777641364641994e-24
2.720857143432946032e+03 1.172604361989294144e-24
2.739736168450142941e+03 1.183573218914930192e-24
2.758746188064561011e+03 1.194686346885652911e-24
2.777888111199438299e+03 1.205945917466746079e-24
2.797162853084688322e+03 1.217354213128502026e-24
2.816571335300678584e+03 1.228913251061395234e-24
2.836114485822271490e+03 1.240625542054223270e-24
2.855793239063214060e+03 1.252493335780813424e-24
2.875608535920806389e+03 1.264518993251469491e-24
2.895561323820878897e+03 1.276704917075495283e-24
2.915652556763111988e+03 1.289053551123273064e-24
2.935883195366627206e+03 1.301567381224780682e-24
2.956254206915937175e+03 1.314248936078278456e-24
2.976766565407184771e+03 1.327100792110642014e-24
2.997421251594703790e+03 1.340125553312165556e-24
3.018219253037934777e+03 1.353325887133934342e-24
3.039161564148614616e+03 1.366704505086939153e-24
3.060249186238348102e+03 1.380264158103304300e-24
3.081483127566470557e+03 1.394007647493983501e-24
3.102864403388249684e+03 1.407937823150237543e-24
3.124394036003446672e+03 1.422057584338768412e-24
3.146073054805171523e+03 1.436369880777208652e-24
3.167902496329123551e+03 1.450877729601135739e-24
3.189883404303140651e+03 1.465584132129129015e-24
3.212016829697095091e+03 1.480492244264387616e-24
3.234303830773163099e+03 1.495605210294314107e-24
3.256745473136400960e+03 1.510926243736760463e-24
3.279342829785714002e+03 1.526458614606462737e-24
3.302096981165152101e+03 1.542205649740064693e-24
3.325009015215558520e+03 1.558170733799939845e-24
3.348080027426610741e+03 1.574357312300415520e-24
3.371311120889170525e+03 1.590768881896103934e-24
3.394703406348052340e+03 1.607409009485704856e-24
3.418258002255118754e+03 1.624281322276978621e-24
3.441976034822747806e+03 1.641389506570343098e-24
3.465858638077703290e+03 1.658737313594932237e-24
3.489906953915329723e+03 1.676328559151002046e-24
3.514122132154172050e+03 1.694167124584627554e-24
3.538505330590944141e+03 1.712256963086922651e-24
3.563057715055871995e+03 1.730602071899406733e-24
3.587780459468463505e+03 1.749206550791141810e-24
3.612674745893606541e+03 1.768074546930731619e-24
3.637741764598112240e+03 1.787210281328546524e-24
3.662982714107614811e+03 1.806618045852498944e-24
3.688398801263864698e+03 1.826302203514339779e-24
3.713991241282458759e+03 1.846267189496887656e-24
3.739761257810910138e+03 1.866517511209956752e-24
3.765710082987183341e+03 1.887057742411061545e-24
3.791838957498594937e+03 1.907892542438329359e-24
3.818149130641120337e+03 1.929026634248745645e-24
3.844641860379156242e+03 1.950464816296421540e-24
3.871318413405634146e+03 1.972211960086888613e-24
3.898180065202614060e+03 1.994273010112514994e-24
3.925228100102254302e+03 2.016652983832461362e-24
3.952463811348209674e+03 2.039356962512447993e-24
3.979888501157492556e+03 2.062390111227933113e-24
4.007503480782701899e+03 2.085757654277347789e-24
4.035310070574748806e+03 2.109464885558663212e-24
4.063309600045972275e+03 2.133517164109086117e-24
4.091503407933694234e+03 2.157919912390104727e-24
4.119892842264259343e+03 2.182678608342734593e-24
4.148479260417452679e+03 2.207798790853474755e-24
4.177264029191431291e+03 2.233286048019649962e-24
4.206248524868058666e+03 2.259146013917243852e-24
4.235434133278700756e+03 2.285384363510574218e-24
4.264822249870511769e+03 2.312006805647367883e-24
4.294414279773124690e+03 2.339019079291814487e-24
4.324211637865858393e+03 2.366426921569563649e-24
4.354215748845361304e+03 2.394236105125994114e-24
4.384428047293712552e+03 2.422452377680373039e-24
4.414849977747045159e+03 2.451081472897272965e-24
4.445482994764578507e+03 2.480129090191171856e-24
4.476328562998200141e+03 2.509600991921861501e-24
4.507388157262457753e+03 2.539502407799084069e-24
4.538663262605111413e+03 2.569839164198648245e-24
4.570155374378115084e+03 2.600616505816661187e-24
4.601865998309110182e+03 2.631839642478473726e-24
4.633796650573441184e+03 2.663513600787336647e-24
4.665948857866618710e+03 2.695643190249390200e-24
4.698324157477344670e+03 2.728232939148726999e-24
4.730924097361000349e+03 2.761287089799288219e-24
4.763750236213644712e+03 2.794809499209928011e-24
4.796804143546572959e+03 2.828803599033458907e-24
4.830087399761322558e+03 2.863272320846942634e-24
4.863601596225267713e+03 2.898218014810648621e-24
4.897348335347696775e+03 2.933642361199931123e-24
4.931329230656409891e+03 2.969546266748573959e-24
4.965545906874899629e+03 3.005929747485939521e-24
5.000000000000000000e+03 3.042791797750770377e-24
