5.000000000000000000e+00 7.284568188744755481e-24
5.034693157380139006e+00 7.046495714003665310e-24
5.069627037794075974e+00 6.820231110817712312e-24
5.104803311530234922e+00 6.604931207326132946e-24
5.140223660466546995e+00 6.399822999166953132e-24
5.175889778150882137e+00 6.204197861785232956e-24
5.211803369882009207e+00 6.017406202501862609e-24
5.247966152791137873e+00 5.838852493239985896e-24
5.284379855924021818e+00 5.667990704567904643e-24
5.321046220323622400e+00 5.504320070466340833e-24
5.357966999113356721e+00 5.347381194640098479e-24
5.395143957580921246e+00 5.196752472579982334e-24
5.432578873262690955e+00 5.052046804292656995e-24
5.470273536028714467e+00 4.912908560507288494e-24
5.508229748168283813e+00 4.779010828134230620e-24
5.546449324476114384e+00 4.650052865616167307e-24
5.584934092339116418e+00 4.525757799997627017e-24
5.623685891823758887e+00 4.405870491916855306e-24
5.662706575764059558e+00 4.290155618063107117e-24
5.701998009850164806e+00 4.178395907003835143e-24
5.741562072717556475e+00 4.070390532183785855e-24
5.781400656036880470e+00 3.965953649908388110e-24
5.821515664604382856e+00 3.864913076615411184e-24
5.861909016432995223e+00 3.767109073394873945e-24
5.902582642844026672e+00 3.671374962447319657e-24
5.943538488559517496e+00 3.577670834061693838e-24
5.984778511795218137e+00 3.486932390898188923e-24
6.026304684354212071e+00 3.399032437312451830e-24
6.068118991721204836e+00 3.313851894481616565e-24
6.110223433157442763e+00 3.231279129568354604e-24
6.152620021796308514e+00 3.151209332562173143e-24
6.195310784739581855e+00 3.073543973109303395e-24
6.238297763154347919e+00 2.998190281274012225e-24
6.281583012370603569e+00 2.925060797908292516e-24
6.325168601979518357e+00 2.854072947307261641e-24
6.369056615932393584e+00 2.785148660999015658e-24
6.413249152640303485e+00 2.718214021484712069e-24
6.457748325074419427e+00 2.653198959139174221e-24
6.502556260867045523e+00 2.590036954893343184e-24
6.547675102413337278e+00 2.528664780534661080e-24
6.593107006973743189e+00 2.469022266075473194e-24
6.638854146777149801e+00 2.411052067650861354e-24
6.684918709124731961e+00 2.353856149448410470e-24
6.731302896494550936e+00 2.298237734648051369e-24
6.778008926646843513e+00 2.244168136499995697e-24
6.825039032730071398e+00 2.191598798265406942e-24
6.872395463387687364e+00 2.140483167662846127e-24
6.920080482865659022e+00 2.090776570416655275e-24
6.968096371120712895e+00 2.042436105242045973e-24
7.016445423929364544e+00 1.995420532549088162e-24
7.065129952997670770e+00 1.949690175079213335e-24
7.114152286071764308e+00 1.905206836824396281e-24
7.163514767049155907e+00 1.861933718425918219e-24
7.213219756090789581e+00 1.819835337628704849e-24
7.263269629733905219e+00 1.778877473171268632e-24
7.313666781005652595e+00 1.739027088197462061e-24
7.364413619537513611e+00 1.700252279132026499e-24
7.415512571680523024e+00 1.662522218496008819e-24
7.466966080621261881e+00 1.625807105506767437e-24
7.518776606498691173e+00 1.590078121305289438e-24
7.570946626521762646e+00 1.555307380617499213e-24
7.623478635087869826e+00 1.521467897327124512e-24
7.676375143902114395e+00 1.488533546453701859e-24
7.729638682097387914e+00 1.456479021384854866e-24
7.783271796355308858e+00 1.425279810190927221e-24
7.837277051027977670e+00 1.394912160939959971e-24
7.891657028260587126e+00 1.365353049318639753e-24
7.946414328114890679e+00 1.336580158340282200e-24
8.001551568693503924e+00 1.308571846580264328e-24
8.057071386265098667e+00 1.281307125692229294e-24
8.112976435390438112e+00 1.254765638191116804e-24
8.169269389049306440e+00 1.228927634556416883e-24
8.225952938768314127e+00 1.203773951008851513e-24
8.283029794749570129e+00 1.179285992160659327e-24
8.340502686000293764e+00 1.155445708013223509e-24
8.398374360463268573e+00 1.132235581178289969e-24
8.456647585148241220e+00 1.109638605968594336e-24
8.515325146264222766e+00 1.087638269760027825e-24
8.574409849352699453e+00 1.066218541461511621e-24
8.633904519421777835e+00 1.045363852785580343e-24
8.693812001081255403e+00 1.025059084909996405e-24
8.754135158678622020e+00 1.005289553135927109e-24
8.814876876436029463e+00 9.860409933515344803e-25
8.876040058588174020e+00 9.672995510226840193e-25
8.937627629521175621e+00 9.490517623574982085e-25
8.999642533912386000e+00 9.312845478467863861e-25
9.062087736871186294e+00 9.139851980783287961e-25
9.124966224080763411e+00 8.971413611204478000e-25
9.188281001940856285e+00 8.807410328190851845e-25
9.252035097711509337e+00 8.647725436948425058e-25
9.316231559657802919e+00 8.492245519458068861e-25
9.380873457195605170e+00 8.340860299164506021e-25
9.445963881038332843e+00 8.193462554009244847e-25
9.511505943344722880e+00 8.049948021727032023e-25
9.577502777867637818e+00 7.910215299350220484e-25
9.643957540103892612e+00 7.774165770809540628e-25
9.710873407445131278e+00 7.641703503448472495e-25
9.778253579329746259e+00 7.512735167437078104e-25
9.846101277395861828e+00 7.387169961466628670e-25
9.914419745635354886e+00 7.264919516178788327e-25
9.983212250548969990e+00 7.145897850241576105e-25
1.005248208130249488e+01 7.033142363771730433e-25
1.012223254988401777e+01 6.924239483478568735e-25
1.019246699126231981e+01 6.818087176107848062e-25
1.026318876354625864e+01 6.714617238950737032e-25
1.033440124814541505e+01 6.613763223045403849e-25
1.040610784993169524e+01 6.515460364319618110e-25
1.047831199740216412e+01 6.419645553876172062e-25
1.055101714284298176e+01 6.326257274837500603e-25
1.062422676249441267e+01 6.235235550194204937e-25
1.069794435671711241e+01 6.146521904301527556e-25
1.077217345015942129e+01 6.060059318543111510e-25
1.084691759192592109e+01 5.975792184283922761e-25
1.092218035574714108e+01 5.893666255001621374e-25
1.099796534015037253e+01 5.813628617640396935e-25
1.107427616863180120e+01 5.735627653580577789e-25
1.115111648982969150e+01 5.659612983353078279e-25
1.122848997769887447e+01 5.585535458647742547e-25
1.130640033168639569e+01 5.513347099807010073e-25
1.138485127690839782e+01 5.443001079730881717e-25
1.146384656432824833e+01 5.374451689567295912e-25
1.154338997093584673e+01 5.307654300061791747e-25
1.162348529992824453e+01 5.242565342765324353e-25
1.170413638089146957e+01 5.179142266576246098e-25
1.178534706998363824e+01 5.117343527559674190e-25
1.186712125011933594e+01 5.057128547833359864e-25
1.194946283115524999e+01 4.998457700916803408e-25
1.203237575007712579e+01 4.941292276493983480e-25
1.211586397118800207e+01 4.885594470424687531e-25
1.219993148629774993e+01 4.831327348156159128e-25
1.228458231491395480e+01 4.778454829109941380e-25
1.236982050443406855e+01 4.726941672435418052e-25
1.245565013033894708e+01 4.676753444280942203e-25
1.254207529638770424e+01 4.627856505746288262e-25
1.262910013481392113e+01 4.580217994764528005e-25
1.271672880652324622e+01 4.533805805804180939e-25
1.280496550129229583e+01 4.488588569420428444e-25
1.289381443796900939e+01 4.444535645315781246e-25
1.298327986467436013e+01 4.401617096154458683e-25
1.307336605900545834e+01 4.359803677815835158e-25
1.316407732824010424e+01 4.319066820012361224e-25
1.325541800954269256e+01 4.279378617327529453e-25
1.334739247017160935e+01 4.240711812341529048e-25
1.344000510768803558e+01 4.203039777909965969e-25
1.353326035016620388e+01 4.166336512838747178e-25
1.362716265640514379e+01 4.130576620273825093e-25
1.372171651614182508e+01 4.095735302810782934e-25
1.381692645026585531e+01 4.061788344922012893e-25
1.391279701103562694e+01 4.028712104774993052e-25
1.400933278229597434e+01 3.996483497055782099e-25
1.410653837969735847e+01 3.965079991923148483e-25
1.420441845091651878e+01 3.934479593288468139e-25
1.430297767587871505e+01 3.904660836040526045e-25
1.440222076698148790e+01 3.875602769420843543e-25
1.450215246931995594e+01 3.847284954780951293e-25
1.460277756091373114e+01 3.819687447761027524e-25
1.470410085293531743e+01 3.792790791961931388e-25
1.480612718994017740e+01 3.766576009384765059e-25
1.490886145009836561e+01 3.741024590186586945e-25
1.501230854542774473e+01 3.716118484588008273e-25
1.511647342202888744e+01 3.691840092188902233e-25
1.522136106032151126e+01 3.668172256271850449e-25
1.532697647528264007e+01 3.645098248861671308e-25
1.543332471668636963e+01 3.622601767763877659e-25
1.554041086934531712e+01 3.600666926517820724e-25
1.564824005335375823e+01 3.579278243732946057e-25
1.575681742433239485e+01 3.558420636864278210e-25
1.586614817367488683e+01 3.538079413726380990e-25
1.597623752879606585e+01 3.518240264428135979e-25
1.608709075338185457e+01 3.498889251194362865e-25
1.619871314764099068e+01 3.480012804372336819e-25
1.631111004855834778e+01 3.461597711125912297e-25
1.642428683015022273e+01 3.443631109415914278e-25
1.653824890372121104e+01 3.426100480559496875e-25
1.665300171812294039e+01 3.408993639563029779e-25
1.676855076001465861e+01 3.392298730807039419e-25
1.688490155412545590e+01 3.376004218494703895e-25
1.700205966351853704e+01 3.360098880195814846e-25
1.712003068985712417e+01 3.344571799278273040e-25
1.723882027367231728e+01 3.329412359101414446e-25
1.735843409463281262e+01 3.314610233920529933e-25
1.747887787181637265e+01 3.300155384226527466e-25
1.760015736398340280e+01 3.286038049107226344e-25
1.772227836985217664e+01 3.272248738605148381e-25
1.784524672837614645e+01 3.258778229098950550e-25
1.796906831902314394e+01 3.245617555206259441e-25
1.809374906205639988e+01 3.232758004756208199e-25
1.821929491881772734e+01 3.220191111421330020e-25
1.834571189201246710e+01 3.207908649527273053e-25
1.847300602599650787e+01 3.195902626988456336e-25
1.860118340706534568e+01 3.184165280682852168e-25
1.873025016374496232e+01 3.172689068867554222e-25
1.886021246708499532e+01 3.161466667760365577e-25
1.899107653095367709e+01 3.150490964041458932e-25
1.912284861233499456e+01 3.139755049694092406e-25
1.925553501162785963e+01 3.129252217544554846e-25
1.938914207294728342e+01 3.118975954547512963e-25
1.952367618442780639e+01 3.108919937957406488e-25
1.965914377852884698e+01 3.099078029476356531e-25
1.979555133234229203e+01 3.089444270232409640e-25
1.993290536790221168e+01 3.080012876051733036e-25
2.007121245249660646e+01 3.070778232956424415e-25
2.021047919898153822e+01 3.061734892224001490e-25
2.035071226609719020e+01 3.052877565419335363e-25
2.049191835878630386e+01 3.044201120948952868e-25
2.063410422851477577e+01 3.035700578489948235e-25
2.077727667359437191e+01 3.027371105705540750e-25
2.092144253950791111e+01 3.019208013481254414e-25
2.106660871923644152e+01 3.011206752176499261e-25
2.121278215358888275e+01 3.003362907431101786e-25
2.135996983153390261e+01 2.995672196316437980e-25
2.150817879053397164e+01 2.988130463606911726e-25
2.165741611688200052e+01 2.980733678290101250e-25
2.180768894604002384e+01 2.973477929269666973e-25
2.195900446298042752e+01 2.966359422998241550e-25
2.211136990252950341e+01 2.959374478929021614e-25
2.226479254971327393e+01 2.952519526674246664e-25
2.241927974010593871e+01 2.945791102872424887e-25
2.257483886018050612e+01 2.939185848045317481e-25
2.273147734766199335e+01 2.932700502823069056e-25
2.288920269188310286e+01 2.926331906051689741e-25
2.304802243414216534e+01 2.920076991082583387e-25
2.320794416806389648e+01 2.913932783075182006e-25
2.336897553996231380e+01 2.907896396476858533e-25
2.353112424920640322e+01 2.901965032122001919e-25
2.369439804858827614e+01 2.896135974837565904e-25
2.385880474469372459e+01 2.890406590428212535e-25
2.402435219827565405e+01 2.884774323926844582e-25
2.419104832462978294e+01 2.879236696458354474e-25
2.435890109397316294e+01 2.873791303539157378e-25
2.452791853182525017e+01 2.868435812550025290e-25
2.469810871939160180e+01 2.863167960320649551e-25
2.486947979395032249e+01 2.857985551377796573e-25
2.504203994924105814e+01 2.852886455683822923e-25
2.521579743585680333e+01 2.847868606645516010e-25
2.539076056163837691e+01 2.842929999131998923e-25
2.556693769207162603e+01 2.838068687634020157e-25
2.574433725068747236e+01 2.833282784487238441e-25
2.592296771946456246e+01 2.828570457925368075e-25
2.610283763923488465e+01 2.823929930454394021e-25
2.628395561009211789e+01 2.819359477204959532e-25
2.646633029180280161e+01 2.814857424183229635e-25
2.664997040422045060e+01 2.810422146920643021e-25
2.683488472770237721e+01 2.806052068535033291e-25
2.702108210352958650e+01 2.801745658718140317e-25
2.720857143432946046e+01 2.797501432013858616e-25
2.739736168450142983e+01 2.793317946508536439e-25
2.758746188064564109e+01 2.789193802402335959e-25
2.777888111199438370e+01 2.785127640844800506e-25
2.797162853084689971e+01 2.781118142477002338e-25
2.816571335300678314e+01 2.777164026398566422e-25
2.836114485822271192e+01 2.773264048810021754e-25
2.855793239063217115e+01 2.769417001964841253e-25
2.875608535920806474e+01 2.765621712994267003e-25
2.895561323820880162e+01 2.761877042813747399e-25
2.915652556763112102e+01 2.758181885143026686e-25
2.935883195366627163e+01 2.754535165427660115e-25
2.956254206915940230e+01 2.750935839859171911e-25
2.976766565407184473e+01 2.747382894430878454e-25
2.997421251594705538e+01 2.743875343990730041e-25
3.018219253037934635e+01 2.740412231403785854e-25
3.039161564148614758e+01 2.736992626610361503e-25
3.060249186238350916e+01 2.733615625893163865e-25
3.081483127566470870e+01 2.730280350848182973e-25
3.102864403388251446e+01 2.726985947888423551e-25
3.124394036003446828e+01 2.723731587263404977e-25
3.146073054805171409e+01 2.720516462409623510e-25
3.167902496329126549e+01 2.717339789225580844e-25
3.189883404303140679e+01 2.714200805288558648e-25
3.212016829697096654e+01 2.711098769405227999e-25
3.234303830773163213e+01 2.708032960719583703e-25
3.256745473136400904e+01 2.705002678226417748e-25
3.279342829785717583e+01 2.702007240108861655e-25
3.302096981165151846e+01 2.699045983215043538e-25
3.325009015215560737e+01 2.696118262362532023e-25
3.348080027426610883e+01 2.693223449920706064e-25
3.371311120889170354e+01 2.690360935202315855e-25
3.394703406348055807e+01 2.687530123970385908e-25
3.418258002255118555e+01 2.684730437912246533e-25
3.441976034822749142e+01 2.681961314195615284e-25
3.465858638077703091e+01 2.679222204967553514e-25
3.489906953915329524e+01 2.676512576909134931e-25
3.514122132154175659e+01 2.673831910793249876e-25
3.538505330590944453e+01 2.671179701084281085e-25
3.563057715055874297e+01 2.668555455482760332e-25
3.587780459468464045e+01 2.665958694557271104e-25
3.612674745893606598e+01 2.663388951364068268e-25
3.637741764598116134e+01 2.660845771037828799e-25
3.662982714107614868e+01 2.658328710468734749e-25
3.688398801263866744e+01 2.655837337933798740e-25
3.713991241282458589e+01 2.653371232753261905e-25
3.739761257810909711e+01 2.650929984990208251e-25
3.765710082987187235e+01 2.648513195089080399e-25
3.791838957498595164e+01 2.646120473611838042e-25
3.818149130641122468e+01 2.643751440919339739e-25
3.844641860379156384e+01 2.641405726867507475e-25
3.871318413405634118e+01 2.639082970576342940e-25
3.898180065202618039e+01 2.636782820105967249e-25
3.925228100102253848e+01 2.634504932234444253e-25
3.952463811348211919e+01 2.632248972189658995e-25
3.979888501157492442e+01 2.630014613398357478e-25
4.007503480782702354e+01 2.627801537262833497e-25
4.035310070574752928e+01 2.625609432922379515e-25
4.063309600045972303e+01 2.623437997039590969e-25
4.091503407933696224e+01 2.621286933570798657e-25
4.119892842264259514e+01 2.619155953577072197e-25
4.148479260417452963e+01 2.617044775005163450e-25
4.177264029191434958e+01 2.614953122501672796e-25
4.206248524868058780e+01 2.612880727224029643e-25
4.235434133278702973e+01 2.610827326654125605e-25
4.264822249870512394e+01 2.608792664425284947e-25
4.294414279773126708e+01 2.606776490147413933e-25
4.324211637865862912e+01 2.604778559237609795e-25
4.354215748845361134e+01 2.602798632770754940e-25
4.384428047293715025e+01 2.600836477311236669e-25
4.414849977747045529e+01 2.598891864769752683e-25
4.445482994764580553e+01 2.596964572256288876e-25
4.476328562998200056e+01 2.595054381936364188e-25
4.507388157262457895e+01 2.593161080894156681e-25
4.538663262605113857e+01 2.591284461003004014e-25
4.570155374378115454e+01 2.589424318794694434e-25
4.601865998309111916e+01 2.587580455332779260e-25
4.633796650573440701e+01 2.585752676102560377e-25
4.665948857866618482e+01 2.583940790875632425e-25
4.698324157477347285e+01 2.582144613616834158e-25
4.730924097361000236e+01 2.580363962361952025e-25
4.763750236213646616e+01 2.578598659115962317e-25
4.796804143546572874e+01 2.576848529752498839e-25
4.830087399761322331e+01 2.575113403908964845e-25
4.863601596225270640e+01 2.573393114894000043e-25
4.897348335347697201e+01 2.571687499593877271e-25
4.931329230656412221e+01 2.569996398384144808e-25
4.965545906874899629e+01 2.568319655035211219e-25
4.999999999999999289e+01 2.566657116636398321e-25
5.034693157380139894e+01 2.565008633505206332e-25
5.069627037794075619e+01 2.563374059115971007e-25
5.104803311530231724e+01 2.561753250015818549e-25
5.140223660466548239e+01 2.560146065754939505e-25
5.175889778150880716e+01 2.558552368812856347e-25
5.211803369882010628e+01 2.556972024523883351e-25
5.247966152791137517e+01 2.555404901019362070e-25
5.284379855924019154e+01 2.553850869150374419e-25
5.321046220323622578e+01 2.552309802433014689e-25
5.357966999113354944e+01 2.550781576980792648e-25
5.395143957580922489e+01 2.549266071450155813e-25
5.432578873262691133e+01 2.547763166975656799e-25
5.470273536028711447e+01 2.546272747122725998e-25
5.508229748168283635e+01 2.544794697823900552e-25
5.546449324476112963e+01 2.543328907334774079e-25
5.584934092339118195e+01 2.541875266177465498e-25
5.623685891823758709e+01 2.540433667091306579e-25
5.662706575764056538e+01 2.539004004990347367e-25
5.701998009850164806e+01 2.537586176910078732e-25
5.741562072717555054e+01 2.536180081967624903e-25
5.781400656036881713e+01 2.534785621315765558e-25
5.821515664604383034e+01 2.533402698102183833e-25
5.861909016432991848e+01 2.532031217427334025e-25
5.902582642844026850e+01 2.530671086306802358e-25
5.943538488559515542e+01 2.529322213632056493e-25
5.984778511795219202e+01 2.527984510132106962e-25
6.026304684354212071e+01 2.526657888340762302e-25
6.068118991721201638e+01 2.525342262559775473e-25
6.110223433157442230e+01 2.524037548825819354e-25
6.152620021796307270e+01 2.522743664877419994e-25
6.195310784739583454e+01 2.521460530124488349e-25
6.238297763154347564e+01 2.520188065617983805e-25
6.281583012370606411e+01 2.518926194019249847e-25
6.325168601979518002e+01 2.517674839572341266e-25
6.369056615932391452e+01 2.516433928076361474e-25
6.413249152640305795e+01 2.515203386859123623e-25
6.457748325074419427e+01 2.513983144750363109e-25
6.502556260867048366e+01 2.512773132057841058e-25
6.547675102413337811e+01 2.511573280543097459e-25
6.593107006973741591e+01 2.510383523396661092e-25
6.638854146777151755e+01 2.509203795218381574e-25
6.684918709124731606e+01 2.508034031992539649e-25
6.731302896494554489e+01 2.506874171069230293e-25
6.778008926646843690e+01 2.505724151142360769e-25
6.825039032730067845e+01 2.504583912231176994e-25
6.872395463387690029e+01 2.503453395660910130e-25
6.920080482865657245e+01 2.502332544044223057e-25
6.968096371120716981e+01 2.501221301263806631e-25
7.016445423929364722e+01 2.500119612455411694e-25
7.065129952997666862e+01 2.499027423991793477e-25
7.114152286071765730e+01 2.497944683465551680e-25
7.163514767049153420e+01 2.496871339675996614e-25
7.213219756090792600e+01 2.495807342612741416e-25
7.263269629733905219e+01 2.494752643442273861e-25
7.313666781005647977e+01 2.493707194493911500e-25
7.364413619537515387e+01 2.492670949248126616e-25
7.415512571680521603e+01 2.491643862321951723e-25
7.466966080621266144e+01 2.490625889458351448e-25
7.518776606498691706e+01 2.489616987514533704e-25
7.570946626521758560e+01 2.488617114450143784e-25
7.623478635087872135e+01 2.487626229317098168e-25
7.676375143902112086e+01 2.486644292249827001e-25
7.729638682097392177e+01 2.485671264454606024e-25
7.783271796355309391e+01 2.484707108200866181e-25
7.837277051027973584e+01 2.483751786812410930e-25
7.891657028260588902e+01 2.482805264658330960e-25
7.946414328114889258e+01 2.481867507145265210e-25
8.001551568693507477e+01 2.480938480710110512e-25
8.057071386265099022e+01 2.480018152812037869e-25
8.112976435390434915e+01 2.479106491926191164e-25
8.169269389049308927e+01 2.478203467536759090e-25
8.225952938768311640e+01 2.477309050130840081e-25
8.283029794749575103e+01 2.476423211192823354e-25
8.340502686000294830e+01 2.475545923198701997e-25
8.398374360463265020e+01 2.474677159611034877e-25
8.456647585148242285e+01 2.473816894874303433e-25
8.515325146264220280e+01 2.472965104410371790e-25
8.574409849352703361e+01 2.472121764614160848e-25
8.633904519421778900e+01 2.471286852849962924e-25
8.693812001081251140e+01 2.470460347448088835e-25
8.754135158678624862e+01 2.469642227701781313e-25
8.814876876436026976e+01 2.468832473863762444e-25
8.876040058588178283e+01 2.468031067144336808e-25
8.937627629521176686e+01 2.467237989708773248e-25
8.999642533912381737e+01 2.466453224675229390e-25
9.062087736871187360e+01 2.465676756113587166e-25
9.124966224080760924e+01 2.464908569043209735e-25
9.188281001940860904e+01 2.464148649432714188e-25
9.252035097711508627e+01 2.463396984198567842e-25
9.316231559657798300e+01 2.462653561204469271e-25
9.380873457195606591e+01 2.461918369261611414e-25
9.445963881038331067e+01 2.461191398128200814e-25
9.511505943344727143e+01 2.460472638509648639e-25
9.577502777867637462e+01 2.459762082059648369e-25
9.643957540103887993e+01 2.459059721380206563e-25
9.710873407445130567e+01 2.458365550023505740e-25
9.778253579329744127e+01 2.457679562492532995e-25
9.846101277395865736e+01 2.457001754242931860e-25
9.914419745635355241e+01 2.456332121685240336e-25
9.983212250548965017e+01 2.455670662186079244e-25
1.005248208130249452e+02 2.455017374071440395e-25
1.012223254988401777e+02 2.454372256628996252e-25
1.019246699126232016e+02 2.453735310110700715e-25
1.026318876354625900e+02 2.453106535736389525e-25
1.033440124814540866e+02 2.452485935696936657e-25
1.040610784993169489e+02 2.451873513157967222e-25
1.047831199740216306e+02 2.451269272263949204e-25
1.055101714284298140e+02 2.450673218142190597e-25
1.062422676249441338e+02 2.450085356907743880e-25
1.069794435671710602e+02 2.449505695667584071e-25
1.077217345015942129e+02 2.448934242526086259e-25
1.084691759192592002e+02 2.448371006590344255e-25
1.092218035574714037e+02 2.447815997975452509e-25
1.099796534015037253e+02 2.447269227811058115e-25
1.107427616863179480e+02 2.446730708246797014e-25
1.115111648982969115e+02 2.446200452459299662e-25
1.122848997769886807e+02 2.445678474658898240e-25
1.130640033168639604e+02 2.445164790096939508e-25
1.138485127690839818e+02 2.444659415073092164e-25
1.146384656432825437e+02 2.444162366943115660e-25
1.154338997093584709e+02 2.443673664127096012e-25
1.162348529992823813e+02 2.443193326118474149e-25
1.170413638089146957e+02 2.442721373492346465e-25
1.178534706998363788e+02 2.442257827915103408e-25
1.186712125011934233e+02 2.441802712154490066e-25
1.194946283115525034e+02 2.441356050089358173e-25
1.203237575007711939e+02 2.440917866721044988e-25
1.211586397118800136e+02 2.440488188183999580e-25
1.219993148629774993e+02 2.440067041758191182e-25
1.228458231491396191e+02 2.439654455881070764e-25
1.236982050443406962e+02 2.439250460160900952e-25
1.245565013033894104e+02 2.438855085390511156e-25
1.254207529638770353e+02 2.438468363561799305e-25
1.262910013481392184e+02 2.438090327881020625e-25
1.271672880652325262e+02 2.437721012785172469e-25
1.280496550129229547e+02 2.437360453959400356e-25
1.289381443796900157e+02 2.437008688355287471e-25
1.298327986467436119e+02 2.436665754210653019e-25
1.307336605900545976e+02 2.436331691070791940e-25
1.316407732824011134e+02 2.436006539811213833e-25
1.325541800954269434e+02 2.435690342662103807e-25
1.334739247017160153e+02 2.435383143235377212e-25
1.344000510768803451e+02 2.435084986553424150e-25
1.353326035016620494e+02 2.434795919080952060e-25
1.362716265640515019e+02 2.434515988760378652e-25
1.372171651614182508e+02 2.434245245050293998e-25
1.381692645026584785e+02 2.433983738968574995e-25
1.391279701103562729e+02 2.433731523140610945e-25
1.400933278229597363e+02 2.433488651853455268e-25
1.410653837969736628e+02 2.433255181117343349e-25
1.420441845091651771e+02 2.433031168735168847e-25
1.430297767587870794e+02 2.432816674382490775e-25
1.440222076698148612e+02 2.432611759700307101e-25
1.450215246931995523e+02 2.432416488401613307e-25
1.460277756091373931e+02 2.432230926397223447e-25
1.470410085293531779e+02 2.432055141943021482e-25
1.480612718994017030e+02 2.431889205814889987e-25
1.490886145009836525e+02 2.431733191518060647e-25
1.501230854542774296e+02 2.431587175538571782e-25
1.511647342202889490e+02 2.431451237648600253e-25
1.522136106032151304e+02 2.431325461279612497e-25
1.532697647528263190e+02 2.431209933982601332e-25
1.543332471668637140e+02 2.431104747999679728e-25
1.554041086934531677e+02 2.431010000982158623e-25
1.564824005335376569e+02 2.430925796898726051e-25
1.575681742433239378e+02 2.430852247196638575e-25
1.586614817367487831e+02 2.430789472302720124e-25
1.597623752879606513e+02 2.430737603583106688e-25
1.608709075338185528e+02 2.430696785933166639e-25
1.619871314764099282e+02 2.430667181245140656e-25
1.631111004855834778e+02 2.430648973112979338e-25
1.642428683015021704e+02 2.430642373311348482e-25
1.653824890372121104e+02 2.430647630866971793e-25
1.665300171812293968e+02 2.430665044985441699e-25
1.676855076001465932e+02 2.430694983840712275e-25
1.688490155412545448e+02 2.430737912497865061e-25
1.700205966351852851e+02 2.430794435443582467e-25
1.712003068985712559e+02 2.430865363209194313e-25
1.723882027367231728e+02 2.430951820121505623e-25
1.735843409463281262e+02 2.431055425115699783e-25
1.747887787181637407e+02 2.431178608498481932e-25
1.760015736398339357e+02 2.431325195895975818e-25
1.772227836985217664e+02 2.431501552898027108e-25
1.784524672837614503e+02 2.431719004710594153e-25
1.796906831902314536e+02 2.431999462780141523e-25
1.809374906205640059e+02 2.432390248100917827e-25
1.821929491881772094e+02 2.433010458820192982e-25
1.834571189201246852e+02 2.434238149239045006e-25
1.847300602599650858e+02 2.437877037471600823e-25
1.860118340706534639e+02 2.467735864485354072e-25
1.873025016374496374e+02 2.555695566363580851e-25
1.886021246708498609e+02 2.440785380196655066e-25
1.899107653095367994e+02 2.435569841205047991e-25
1.912284861233499385e+02 2.434482881522082332e-25
1.925553501162786176e+02 2.434229840235033712e-25
1.938914207294728271e+02 2.434257408768465623e-25
1.952367618442779644e+02 2.434410513551501254e-25
1.965914377852884911e+02 2.434632222972125222e-25
1.979555133234229061e+02 2.434897767813316977e-25
1.993290536790221097e+02 2.435195039241457960e-25
2.007121245249660717e+02 2.435517600141281108e-25
2.021047919898154817e+02 2.435861812497817923e-25
2.035071226609719020e+02 2.436225528071983200e-25
2.049191835878630457e+02 2.436607441272755611e-25
2.063410422851477790e+02 2.437006747725857859e-25
2.077727667359437476e+02 2.437422954157433329e-25
2.092144253950791892e+02 2.437855767634653467e-25
2.106660871923644152e+02 2.438305028503347206e-25
2.121278215358888133e+02 2.438770668411622545e-25
2.135996983153390261e+02 2.439252683266826007e-25
2.150817879053397235e+02 2.439751115364081415e-25
2.165741611688201260e+02 2.440266041311201416e-25
2.180768894604002526e+02 2.440797563704162507e-25
2.195900446298042823e+02 2.441345805289363611e-25
2.211136990252950341e+02 2.441910904802783362e-25
2.226479254971327464e+02 2.442493013964438505e-25
2.241927974010595221e+02 2.443092295280159399e-25
2.257483886018050612e+02 2.443708920417110555e-25
2.273147734766199335e+02 2.444343068991972133e-25
2.288920269188310215e+02 2.444994927659917119e-25
2.304802243414216605e+02 2.445664689426948975e-25
2.320794416806390643e+02 2.446352553127305313e-25
2.336897553996231522e+02 2.447058723026302899e-25
2.353112424920640535e+02 2.447783408518705342e-25
2.369439804858827756e+02 2.448526823900701981e-25
2.385880474469372530e+02 2.449289188198264595e-25
2.402435219827566755e+02 2.450070725040804715e-25
2.419104832462978152e+02 2.450871662569438687e-25
2.435890109397315086e+02 2.451692233373682253e-25
2.452791853182525017e+02 2.452532674450909310e-25
2.469810871939160108e+02 2.453393227183102378e-25
2.486947979395033599e+02 2.454274137329566369e-25
2.504203994924105814e+02 2.455175655031294451e-25
2.521579743585679125e+02 2.456098034825647029e-25
2.539076056163837620e+02 2.457041535669449294e-25
2.556693769207162745e+02 2.458006420969465454e-25
2.574433725068748231e+02 2.458992958619075075e-25
2.592296771946456033e+02 2.460001421039926449e-25
2.610283763923487186e+02 2.461032085228555046e-25
2.628395561009211860e+02 2.462085232806876048e-25
2.646633029180280232e+02 2.463161150076215304e-25
2.664997040422045984e+02 2.464260128075012787e-25
2.683488472770237649e+02 2.465382462639031780e-25
2.702108210352957371e+02 2.466528454464482465e-25
2.720857143432946259e+02 2.467698409173537368e-25
2.739736168450143055e+02 2.468892637382767164e-25
2.758746188064563967e+02 2.470111454772800204e-25
2.777888111199438299e+02 2.471355182161620097e-25
2.797162853084688550e+02 2.472624145578230169e-25
2.816571335300678243e+02 2.473918676340117630e-25
2.836114485822271263e+02 2.475239111131614505e-25
2.855793239063216902e+02 2.476585792084682103e-25
2.875608535920806617e+02 2.477959066861916074e-25
2.895561323820878670e+02 2.479359288741535566e-25
2.915652556763112102e+02 2.480786816704676542e-25
2.935883195366627092e+02 2.482242015524622358e-25
2.956254206915940017e+02 2.483725255859299558e-25
2.976766565407184544e+02 2.485236914345670530e-25
2.997421251594703904e+02 2.486777373697276118e-25
3.018219253037934777e+02 2.488347022805130233e-25
3.039161564148614616e+02 2.489946256841987575e-25
3.060249186238351058e+02 2.491575477371018091e-25
3.081483127566470444e+02 2.493235092459389113e-25
3.102864403388250025e+02 2.494925516797420078e-25
3.124394036003446899e+02 2.496647171825416075e-25
3.146073054805171409e+02 2.498400485869334584e-25
3.167902496329126620e+02 2.500185894287436663e-25
3.189883404303140537e+02 2.502003839632182823e-25
3.212016829697095091e+02 2.503854771832151346e-25
3.234303830773163213e+02 2.505739148399866598e-25
3.256745473136401188e+02 2.507657434676256858e-25
3.279342829785717299e+02 2.509610104127868881e-25
3.302096981165151988e+02 2.511597638716521380e-25
3.325009015215558748e+02 2.513620529379431564e-25
3.348080027426610741e+02 2.515679276672108609e-25
3.371311120889170638e+02 2.517774391663929282e-25
3.394703406348055523e+02 2.519906397233460169e-25
3.418258002255118981e+02 2.522075830016133804e-25
3.441976034822747579e+02 2.524283243455465581e-25
3.465858638077702949e+02 2.526529212790253379e-25
3.489906953915329382e+02 2.528814343601490461e-25
3.514122132154175802e+02 2.531139287252586629e-25
3.538505330590944027e+02 2.533504770544207515e-25
3.563057715055872450e+02 2.535911657014276333e-25
3.587780459468463619e+02 2.538361085721317592e-25
3.612674745893606314e+02 2.540854824532601825e-25
3.637741764598115992e+02 2.543396323988146263e-25
3.662982714107614584e+02 2.545994674658677751e-25
3.688398801263868449e+02 2.548686248896303800e-25
3.713991241282458873e+02 2.551797461309861497e-25
3.739761257810910138e+02 2.595848840833182642e-25
3.765710082987187093e+02 2.557030383955289185e-25
3.791838957498594596e+02 2.559561580034444406e-25
3.818149130641124316e+02 2.562351742167680124e-25
3.844641860379156242e+02 2.565223859004326938e-25
3.871318413405634260e+02 2.568154428887275726e-25
3.898180065202618039e+02 2.571137965737278214e-25
3.925228100102253848e+02 2.574173024138553915e-25
3.952463811348213767e+02 2.577259416834309536e-25
3.979888501157492442e+02 2.580397440100887777e-25
4.007503480782701786e+02 2.583587607368276630e-25
4.035310070574753354e+02 2.586830543070671320e-25
4.063309600045972161e+02 2.590126935472145723e-25
4.091503407933698213e+02 2.593477513875915343e-25
4.119892842264259230e+02 2.596883036872925341e-25
4.148479260417452679e+02 2.600344285970579772e-25
4.177264029191435384e+02 2.603862062005121354e-25
4.206248524868058780e+02 2.607437183071865090e-25
4.235434133278704962e+02 2.611070483319111678e-25
4.264822249870512110e+02 2.614762812252911942e-25
4.294414279773124008e+02 2.618515034354408517e-25
4.324211637865862485e+02 2.622328028895270845e-25
4.354215748845361418e+02 2.626202689880174925e-25
4.384428047293717441e+02 2.630139926076597047e-25
4.414849977747045386e+02 2.634140661101565272e-25
4.445482994764578280e+02 2.638205833551073558e-25
4.476328562998199914e+02 2.642336397158722525e-25
4.507388157262458321e+02 2.646533320976733650e-25
4.538663262605115847e+02 2.650797589574108223e-25
4.570155374378115312e+02 2.655130203248213578e-25
4.601865998309110068e+02 2.659532178247693556e-25
4.633796650573440843e+02 2.664004547004438538e-25
4.665948857866619051e+02 2.668548358373826188e-25
4.698324157477349559e+02 2.673164677882630451e-25
4.730924097361000236e+02 2.677854587984144241e-25
4.763750236213644484e+02 2.682619188319958814e-25
4.796804143546572732e+02 2.687459595988759840e-25
4.830087399761322331e+02 2.692376945822968975e-25
4.863601596225273056e+02 2.697372390673574410e-25
4.897348335347697343e+02 2.702447101704695979e-25
4.931329230656409663e+02 2.707602268699356036e-25
4.965545906874899629e+02 2.712839100380928485e-25
4.999999999999999432e+02 2.718158824753977043e-25
5.034693157380134494e+02 2.723562689473454137e-25
5.069627037794076045e+02 2.729051962255170216e-25
5.104803311530232008e+02 2.734627931349896334e-25
5.140223660466548381e+02 2.740291906119142411e-25
5.175889778150880147e+02 2.746045217783601367e-25
5.211803369882004517e+02 2.751889220474506221e-25
5.247966152791137802e+02 2.757825292848042557e-25
5.284379855924019012e+02 2.763854840809734377e-25
5.321046220323622720e+02 2.769979302582597183e-25
5.357966999113355087e+02 2.776200159152152363e-25
5.395143957580917231e+02 2.782518958415904358e-25
5.432578873262691559e+02 2.788937379352975295e-25
5.470273536028711305e+02 2.795457437132531294e-25
5.508229748168283777e+02 2.802082344304401426e-25
5.546449324476112679e+02 2.808822318275850805e-25
5.584934092339112794e+02 2.815830375718099400e-25
5.623685891823758993e+02 2.822814464395628451e-25
5.662706575764057106e+02 2.829632891040727029e-25
5.701998009850165090e+02 2.836771992224317716e-25
5.741562072717555338e+02 2.844034991192855234e-25
5.781400656036876171e+02 2.851414210793495678e-25
5.821515664604382891e+02 2.858909664229427871e-25
5.861909016432991848e+02 2.866522607329928131e-25
5.902582642844026850e+02 2.874254635793626027e-25
5.943538488559515827e+02 2.882107478161232314e-25
5.984778511795212808e+02 2.890082933268750938e-25
6.026304684354212213e+02 2.898182847698204622e-25
6.068118991721202065e+02 2.906409106643187857e-25
6.110223433157442514e+02 2.914763629943207680e-25
6.152620021796307128e+02 2.923248370334942970e-25
6.195310784739577912e+02 2.931865312738092142e-25
6.238297763154347422e+02 2.940616474060415576e-25
6.281583012370599590e+02 2.949503903279293335e-25
6.325168601979518144e+02 2.958529681679275134e-25
6.369056615932391878e+02 2.967695923182874088e-25
6.413249152640298689e+02 2.977004774739576362e-25
6.457748325074419427e+02 2.986458416753983769e-25
6.502556260867041829e+02 2.996059063541359155e-25
6.547675102413337527e+02 3.005808963805163629e-25
6.593107006973741591e+02 3.015710401131132915e-25
6.638854146777144933e+02 3.025765694497376693e-25
6.684918709124732459e+02 3.035977198800499567e-25
6.731302896494547667e+02 3.046347305396904275e-25
6.778008926646843975e+02 3.056878442664548500e-25
6.825039032730068129e+02 3.067573076588917781e-25
6.872395463387682639e+02 3.078433711384839530e-25
6.920080482865656677e+02 3.089462890173054873e-25
6.968096371120709591e+02 3.100663195749274353e-25
7.016445423929365006e+02 3.112037251521866554e-25
7.065129952997667715e+02 3.123587722782716272e-25
7.114152286071758908e+02 3.135317318693679563e-25
7.163514767049153988e+02 3.147228795969194481e-25
7.213219756090785495e+02 3.159324967084755835e-25
7.263269629733905504e+02 3.171608722592281839e-25
7.313666781005648545e+02 3.184083108108242802e-25
7.364413619537507429e+02 3.196751698759500669e-25
7.415512571680520750e+02 3.209622075106981566e-25
7.466966080621258470e+02 3.223400823208216085e-25
7.518776606498690853e+02 3.235954854076354294e-25
7.570946626521758844e+02 3.249412635616682092e-25
7.623478635087872135e+02 3.263089362349279793e-25
7.676375143902112086e+02 3.276979091012201940e-25
7.729638682097383935e+02 3.291084117630059306e-25
7.783271796355309107e+02 3.305407517152956286e-25
7.837277051027973584e+02 3.319952561149977673e-25
7.891657028260589186e+02 3.334722617291058220e-25
7.946414328114889258e+02 3.349721830943660364e-25
8.001551568693499803e+02 3.364951531019555870e-25
8.057071386265098454e+02 3.380417429950218637e-25
8.112976435390434062e+02 3.396122412230131990e-25
8.169269389049309211e+02 3.412070134600034539e-25
8.225952938768310787e+02 3.428264311681736271e-25
8.283029794749566008e+02 3.444708715185048790e-25
8.340502686000294261e+02 3.461407174512350782e-25
8.398374360463265020e+02 3.478363577540818440e-25
8.456647585148242570e+02 3.495581871468961849e-25
8.515325146264220848e+02 3.513066063703580477e-25
8.574409849352695119e+02 3.530820222780105910e-25
8.633904519421778332e+02 3.548848479317940812e-25
8.693812001081250855e+02 3.567155027018895810e-25
8.754135158678624293e+02 3.585744123725155538e-25
8.814876876436027260e+02 3.604620092578076829e-25
8.876040058588170041e+02 3.623787323367533635e-25
8.937627629521176686e+02 3.643250274299856855e-25
8.999642533912381168e+02 3.663013474814648029e-25
9.062087736871186507e+02 3.683081531490492343e-25
9.124966224080760639e+02 3.703459145093803859e-25
9.188281001940850956e+02 3.724151181931791322e-25
9.252035097711509479e+02 3.745163195107100882e-25
9.316231559657798016e+02 3.766519631394906691e-25
9.380873457195606306e+02 3.788168930981678905e-25
9.445963881038330783e+02 3.810157988644417865e-25
9.511505943344717480e+02 3.832493533547987174e-25
9.577502777867638315e+02 3.855173855153271870e-25
9.643957540103887141e+02 3.878203762602882310e-25
9.710873407445130852e+02 3.901588511168463627e-25
9.778253579329743843e+02 3.925333501471705036e-25
9.846101277395855504e+02 3.949444234677764517e-25
9.914419745635356094e+02 3.973926302811025654e-25
9.983212250548965585e+02 3.998785386724623534e-25
1.005248208130249395e+03 4.024027256272672576e-25
1.012223254988401777e+03 4.049657771256592755e-25
1.019246699126230965e+03 4.075682882695334555e-25
1.026318876354625900e+03 4.102108634256606254e-25
1.033440124814540923e+03 4.128941163786445079e-25
1.040610784993169545e+03 4.156186704909467714e-25
1.047831199740216334e+03 4.183851588694944367e-25
1.055101714284297032e+03 4.211942245391865620e-25
1.062422676249441338e+03 4.240465206257059765e-25
1.069794435671710517e+03 4.269427105533448320e-25
1.077217345015942101e+03 4.298834682738999852e-25
1.084691759192592144e+03 4.328694785747916482e-25
1.092218035574712985e+03 4.359014376423212518e-25
1.099796534015037196e+03 4.389800547090850843e-25
1.107427616863179537e+03 4.421060607710309949e-25
1.115111648982969200e+03 4.452803352305029884e-25
1.122848997769886864e+03 4.485051751707009793e-25
1.130640033168638411e+03 4.517755987382181134e-25
1.138485127690839818e+03 4.550984089930663877e-25
1.146384656432824158e+03 4.584723961698583278e-25
1.154338997093584794e+03 4.618983136273489941e-25
1.162348529992823842e+03 4.653769577799844308e-25
1.170413638089145707e+03 4.689091420641763918e-25
1.178534706998363845e+03 4.724956941116324008e-25
1.186712125011933040e+03 4.761374553590224749e-25
1.194946283115524921e+03 4.798352811252647558e-25
1.203237575007711939e+03 4.835900408161521684e-25
1.211586397118798914e+03 4.874026181751665482e-25
1.219993148629774851e+03 4.912739115561463116e-25
1.228458231491394827e+03 4.952048342105128058e-25
1.236982050443406933e+03 4.991963145864697132e-25
1.245565013033894047e+03 5.032492966411158109e-25
1.254207529638769074e+03 5.073647401702713292e-25
1.262910013481392070e+03 5.115436211706207611e-25
1.271672880652324011e+03 5.157869322855940325e-25
1.280496550129229490e+03 5.200956835557570050e-25
1.289381443796900385e+03 5.244709048480589889e-25
1.298327986467434812e+03 5.289136673522790368e-25
1.307336605900545919e+03 5.334633336083794921e-25
1.316407732824009827e+03 5.380059029575812317e-25
1.325541800954269320e+03 5.426575499708133634e-25
1.334739247017160324e+03 5.473811002740700809e-25
1.344000510768802087e+03 5.521776592558193603e-25
1.353326035016620381e+03 5.570483802559623803e-25
1.362716265640513711e+03 5.619944397308034593e-25
1.372171651614182565e+03 5.670170354932373908e-25
1.381692645026584842e+03 5.721173867656959130e-25
1.391279701103562729e+03 5.772967345463723312e-25
1.400933278229597590e+03 5.825563420621121238e-25
1.410653837969735150e+03 5.878974952580015645e-25
1.420441845091651885e+03 5.933215033109831723e-25
1.430297767587870794e+03 5.988296991648600172e-25
1.440222076698148840e+03 6.044234400905736129e-25
1.450215246931995580e+03 6.101041082884725797e-25
1.460277756091372339e+03 6.158731115990888040e-25
1.470410085293531665e+03 6.217318846869659518e-25
1.480612718994017087e+03 6.276818941640437910e-25
1.490886145009836582e+03 6.337248337243441683e-25
1.501230854542774523e+03 6.398615965794887478e-25
1.511647342202888012e+03 6.460942672791395859e-25
1.522136106032151247e+03 6.524243315467003066e-25
1.532697647528263133e+03 6.588533518149820362e-25
1.543332471668637027e+03 6.653829592066709973e-25
1.554041086934531677e+03 6.720148187332297706e-25
1.564824005335374977e+03 6.787506281100183670e-25
1.575681742433239378e+03 6.855921182496305636e-25
1.586614817367487831e+03 6.925410540132948722e-25
1.597623752879606627e+03 6.995992350392967445e-25
1.608709075338185585e+03 7.067684966133008137e-25
1.619871314764097406e+03 7.140507105743491150e-25
1.631111004855834835e+03 7.214477862630914196e-25
1.642428683015021534e+03 7.289616715461775928e-25
1.653824890372120990e+03 7.365943541037018021e-25
1.665300171812294138e+03 7.443478647237227904e-25
1.676855076001464113e+03 7.522243677253550816e-25
1.688490155412545391e+03 7.602256897637731326e-25
1.700205966351852794e+03 7.683542230239450572e-25
1.712003068985712616e+03 7.766121417265656994e-25
1.723882027367231785e+03 7.850016681354989607e-25
1.735843409463279386e+03 7.935250936856570229e-25
1.747887787181637350e+03 8.021847595286188923e-25
1.760015736398339186e+03 8.109830567135959188e-25
1.772227836985217436e+03 8.199224273245258678e-25
1.784524672837614617e+03 8.290053657801367960e-25
1.796906831902312661e+03 8.382344201982964158e-25
1.809374906205639945e+03 8.476121938083755378e-25
1.821929491881772037e+03 8.571413464208458732e-25
1.834571189201246852e+03 8.668245960234885884e-25
1.847300602599651029e+03 8.766647210769479788e-25
1.860118340706532763e+03 8.866645779634421270e-25
1.873025016374496317e+03 8.968270472487328424e-25
1.886021246708498438e+03 9.071550300453669130e-25
1.899107653095367823e+03 9.176516630534185172e-25
1.912284861233499214e+03 9.283200056687762300e-25
1.925553501162784187e+03 9.391632240108332224e-25
1.938914207294728385e+03 9.501845562801658512e-25
1.952367618442779758e+03 9.613873133883284517e-25
1.965914377852884854e+03 9.727748805140631244e-25
1.979555133234229061e+03 9.843507187679780813e-25
1.993290536790218994e+03 9.961183668738831130e-25
2.007121245249660660e+03 1.008081442853653192e-24
2.021047919898152713e+03 1.020243645770643819e-24
2.035071226609719133e+03 1.032608758170462878e-24
2.049191835878630627e+03 1.045180681503247979e-24
2.063410422851475687e+03 1.057963257869813309e-24
2.077727667359437419e+03 1.070960616825034213e-24
2.092144253950789789e+03 1.084176872245158465e-24
2.106660871923644208e+03 1.097616230443269562e-24
2.121278215358888247e+03 1.111282995615822796e-24
2.135996983153388101e+03 1.125181563155793849e-24
2.150817879053397064e+03 1.139316419699524812e-24
2.165741611688199100e+03 1.153692143202015515e-24
2.180768894604002526e+03 1.168313402705079860e-24
2.195900446298042880e+03 1.183184957717524365e-24
2.211136990252948181e+03 1.198311657242074119e-24
2.226479254971327464e+03 1.213698439994105472e-24
2.241927974010592607e+03 1.229350981922876318e-24
2.257483886018050725e+03 1.245272405567271760e-24
2.273147734766199392e+03 1.261469876584013342e-24
2.288920269188307884e+03 1.277947990159937068e-24
2.304802243414216719e+03 1.294712065496223943e-24
2.320794416806388199e+03 1.311767481756922157e-24
2.336897553996231636e+03 1.329119667577302406e-24
2.353112424920640478e+03 1.346774089704434799e-24
2.369439804858825028e+03 1.364736239566758888e-24
2.385880474469372530e+03 1.383011617396554186e-24
2.402435219827564197e+03 1.401605713743610726e-24
2.419104832462978266e+03 1.420523995379781528e-24
2.435890109397314973e+03 1.439771839802388325e-24
2.452791853182522573e+03 1.459354565235054486e-24
2.469810871939159824e+03 1.479277372766269812e-24
2.486947979395030870e+03 1.499545277409084729e-24
2.504203994924105700e+03 1.520163087939251395e-24
2.521579743585678898e+03 1.541135344565466504e-24
2.539076056163837620e+03 1.562466254021831912e-24
2.556693769207162859e+03 1.584159614623030756e-24
2.574433725068745844e+03 1.606218729576799511e-24
2.592296771946456374e+03 1.628646307160018534e-24
2.610283763923487186e+03 1.651444398345932495e-24
2.628395561009212088e+03 1.674613985012140828e-24
2.646633029180280118e+03 1.698155383916663610e-24
2.664997040422043483e+03 1.722067515019413800e-24
2.683488472770237877e+03 1.746347963566319110e-24
2.702108210352957030e+03 1.770992694634963714e-24
2.720857143432946032e+03 1.795995778453006238e-24
2.739736168450142941e+03 1.821349075891055226e-24
2.758746188064561011e+03 1.847041876953685111e-24
2.777888111199438299e+03 1.873060485919727483e-24
2.797162853084688322e+03 1.899387817295729562e-24
2.816571335300678584e+03 1.926002477385730114e-24
2.836114485822271490e+03 1.952878887939864162e-24
2.855793239063214060e+03 1.979985826979117968e-24
2.875608535920806389e+03 2.007285982254472398e-24
2.895561323820878897e+03 2.034734957829485173e-24
2.915652556763111988e+03 2.062280226484561477e-24
2.935883195366627206e+03 2.089859949099774141e-24
2.956254206915937175e+03 2.117401649436659696e-24
2.976766565407184771e+03 2.144820740131277720e-24
2.997421251594703790e+03 2.172018856067478875e-24
3.018219253037934777e+03 2.198882098451386984e-24
3.039161564148614616e+03 2.225279053192032519e-24
3.060249186238348102e+03 2.251058685440103655e-24
3.081483127566470557e+03 2.276048145685988083e-24
3.102864403388249684e+03 2.300050495795191399e-24
3.124394036003446672e+03 2.322842447640243119e-24
3.146073054805171523e+03 2.344172213415614207e-24
3.167902496329123551e+03 2.363757634937872965e-24
3.189883404303140651e+03 2.381284563386029466e-24
3.212016829697095091e+03 2.396406361297381945e-24
3.234303830773163099e+03 2.408743739127648822e-24
3.256745473136400960e+03 2.417886311133517923e-24
3.279342829785714002e+03 2.423395622512895317e-24
3.302096981165152101e+03 2.424810223983117371e-24
3.325009015215558520e+03 2.421653138904997958e-24
3.348080027426610741e+03 2.413442027896562475e-24
3.371311120889170525e+03 2.399702184990509344e-24
3.394703406348052340e+03 2.379982437917125290e-24
3.418258002255118754e+03 2.353873499867028390e-24
3.441976034822747806e+03 2.321028215597789283e-24
3.465858638077703290e+03 2.281182693396270835e-24
3.489906953915329723e+03 2.234176941527036536e-24
3.514122132154172050e+03 2.179973449577726137e-24
3.538505330590944141e+03 2.118672088929946951e-24
3.563057715055871995e+03 2.050519722906562596e-24
3.587780459468463505e+03 1.975913917360053924e-24
3.612674745893606541e+03 1.895399671962679043e-24
3.637741764598112240e+03 1.809660321762635296e-24
3.662982714107614811e+03 1.719503548736602160e-24
3.688398801263864698e+03 1.625844744199955771e-24
3.713991241282458759e+03 1.529690449347088090e-24
3.739761257810910138e+03 1.432124964254627945e-24
3.765710082987183341e+03 1.334303291473453372e-24
3.791838957498594937e+03 1.237453580255338852e-24
3.818149130641120337e+03 1.142891154047357619e-24
3.844641860379156242e+03 1.052045551251865264e-24
3.871318413405634146e+03 9.664982782383992555e-25
3.898180065202614060e+03 8.880226215067569764e-25
3.925228100102254302e+03 8.186040312073820814e-25
3.952463811348209674e+03 7.604000990605483503e-25
3.979888501157492556e+03 7.155823931885295493e-25
4.007503480782701899e+03 6.860165471925089416e-25
4.035310070574748806e+03 6.728251518093131250e-25
4.063309600045972275e+03 6.760171768811311577e-25
4.091503407933694234e+03 6.944184062317574442e-25
4.119892842264259343e+03 7.259721002425038996e-25
4.148479260417452679e+03 7.682331729791242792e-25
4.177264029191431291e+03 8.188073194892722426e-25
4.206248524868058666e+03 8.756082529046531417e-25
4.235434133278700756e+03 9.369448699614307772e-25
4.264822249870511769e+03 1.001505746091250471e-24
4.294414279773124690e+03 1.068300691530567522e-24
4.324211637865858393e+03 1.136594045894554453e-24
4.354215748845361304e+03 1.205845184538341905e-24
4.384428047293712552e+03 1.275660110173687639e-24
4.414849977747045159e+03 1.345754352394460009e-24
4.445482994764578507e+03 1.415924991975559501e-24
4.476328562998200141e+03 1.486030059282041258e-24
4.507388157262457753e+03 1.555972078411080968e-24
4.538663262605111413e+03 1.625688655622878280e-24
4.570155374378115084e+03 1.695141890929171030e-24
4.601865998309110182e+03 1.764313009971092765e-24
4.633796650573441184e+03 1.833197349255949028e-24
4.665948857866618710e+03 1.901800722466219613e-24
4.698324157477344670e+03 1.970136631656275050e-24
4.730924097361000349e+03 2.038224205420126170e-24
4.763750236213644712e+03 2.106086531127283073e-24
4.796804143546572959e+03 2.173749435292011753e-24
4.830087399761322558e+03 2.241240518439296383e-24
4.863601596225267713e+03 2.308588410784798458e-24
4.897348335347696775e+03 2.375822197302511574e-24
4.931329230656409891e+03 2.442970967897269971e-24
4.965545906874899629e+03 2.510063466092604203e-24
5.000000000000000000e+03 2.577127814117697685e-24
