5.000000000000000000e+00 7.297876962942065600e-24
5.034693157380139006e+00 7.060167904779174828e-24
5.069627037794075974e+00 6.834268315799532023e-24
5.104803311530234922e+00 6.619335065574446298e-24
5.140223660466546995e+00 6.414595210850941635e-24
5.175889778150882137e+00 6.219340205712542381e-24
5.211803369882009207e+00 6.032920551487759631e-24
5.247966152791137873e+00 5.854740827418123478e-24
5.284379855924021818e+00 5.684255122665293568e-24
5.321046220323622400e+00 5.520962799205464861e-24
5.357966999113356721e+00 5.364404596366471643e-24
5.395143957580921246e+00 5.214159051228724632e-24
5.432578873262690955e+00 5.069839209823314259e-24
5.470273536028714467e+00 4.931089592001171104e-24
5.508229748168283813e+00 4.797583435595627904e-24
5.546449324476114384e+00 4.669020150688311032e-24
5.584934092339116418e+00 4.545123015620598288e-24
5.623685891823758887e+00 4.425637041169452264e-24
5.662706575764059558e+00 4.310327052164395811e-24
5.701998009850164806e+00 4.198975922636618689e-24
5.741562072717556475e+00 4.091382968228383912e-24
5.781400656036880470e+00 3.987362483662409415e-24
5.821515664604382856e+00 3.886742419529638977e-24
5.861909016432995223e+00 3.789363166456677211e-24
5.902582642844026672e+00 3.694064423966829170e-24
5.943538488559517496e+00 3.600806625414213880e-24
5.984778511795218137e+00 3.510519278465408401e-24
6.026304684354212071e+00 3.423075279712511790e-24
6.068118991721204836e+00 3.338355637168221315e-24
6.110223433157442763e+00 3.256248799214017629e-24
6.152620021796308514e+00 3.176650031349162466e-24
6.195310784739581855e+00 3.099460872764793493e-24
6.238297763154347919e+00 3.024588617068582189e-24
6.281583012370603569e+00 2.951945862443281922e-24
6.325168601979518357e+00 2.881450084262304712e-24
6.369056615932393584e+00 2.813023258737507375e-24
6.413249152640303485e+00 2.746591506662701963e-24
6.457748325074419427e+00 2.682084790112561488e-24
6.502556260867045523e+00 2.619436615149696939e-24
6.547675102413337278e+00 2.558583772041928386e-24
6.593107006973743189e+00 2.499466102501163411e-24
6.638854146777149801e+00 2.442026267699757784e-24
6.684918709124731961e+00 2.385377370187505485e-24
6.731302896494550936e+00 2.330312235732285434e-24
6.778008926646843513e+00 2.276801884994259651e-24
6.825039032730071398e+00 2.224797740348928520e-24
6.872395463387687364e+00 2.174253221076370600e-24
6.920080482865659022e+00 2.125123616860607601e-24
6.968096371120712895e+00 2.077365982551267111e-24
7.016445423929364544e+00 2.030939026886760224e-24
7.065129952997670770e+00 1.985803013118248462e-24
7.114152286071764308e+00 1.941919677736073461e-24
7.163514767049155907e+00 1.899252145857244545e-24
7.213219756090789581e+00 1.857764851715324096e-24
7.263269629733905219e+00 1.817423482240101037e-24
7.313666781005652595e+00 1.778194900670981421e-24
7.364413619537513611e+00 1.740047095230100248e-24
7.415512571680523024e+00 1.702949121950934132e-24
7.466966080621261881e+00 1.666871055218019163e-24
7.518776606498691173e+00 1.631783942909398633e-24
7.570946626521762646e+00 1.597659758150224870e-24
7.623478635087869826e+00 1.564471364712816055e-24
7.676375143902114395e+00 1.532192478974361032e-24
7.729638682097387914e+00 1.500797627350959656e-24
7.783271796355308858e+00 1.470262122354844925e-24
7.837277051027977670e+00 1.440562028016060071e-24
7.891657028260587126e+00 1.411674127629243277e-24
7.946414328114890679e+00 1.383575903268252912e-24
8.001551568693503924e+00 1.356245504248711493e-24
8.057071386265098667e+00 1.329661724639194569e-24
8.112976435390438112e+00 1.303803981077603475e-24
8.169269389049306440e+00 1.278652289987410007e-24
8.225952938768314127e+00 1.254187245505904647e-24
8.283029794749570129e+00 1.230390002151755153e-24
8.340502686000293764e+00 1.207242252118312789e-24
8.398374360463268573e+00 1.184726212425872334e-24
8.456647585148241220e+00 1.162824604324575206e-24
8.515325146264222766e+00 1.141520634944843470e-24
8.574409849352699453e+00 1.120797985780235708e-24
8.633904519421777835e+00 1.100640794345056498e-24
8.693812001081255403e+00 1.081033641025821926e-24
8.754135158678622020e+00 1.061961534073919001e-24
8.814876876436029463e+00 1.043409896365297749e-24
8.876040058588174020e+00 1.025364554592341754e-24
8.937627629521175621e+00 1.007811721112715137e-24
8.999642533912386000e+00 9.907379875408953900e-25
9.062087736871186294e+00 9.741303110787604422e-25
9.124966224080763411e+00 9.579760023856097419e-25
9.188281001940856285e+00 9.422627162290444238e-25
9.252035097711509337e+00 9.269784389935139578e-25
9.316231559657802919e+00 9.121114819427818317e-25
9.380873457195605170e+00 8.976504684157963960e-25
9.445963881038332843e+00 8.835843255848182017e-25
9.511505943344722880e+00 8.699022755254320467e-25
9.577502777867637818e+00 8.565938257899122909e-25
9.643957540103892612e+00 8.436487626164823579e-25
9.710873407445131278e+00 8.310571412956079048e-25
9.778253579329746259e+00 8.188092786908016077e-25
9.846101277395861828e+00 8.068957463621420142e-25
9.914419745635354886e+00 7.953073616769026840e-25
9.983212250548969990e+00 7.840351837675829970e-25
1.005248208130249488e+01 7.733543361300052343e-25
1.012223254988401777e+01 7.630428295463695957e-25
1.019246699126231981e+01 7.529993194396251274e-25
1.026318876354625864e+01 7.432167063342294189e-25
1.033440124814541505e+01 7.336880708573027345e-25
1.040610784993169524e+01 7.244066674709729500e-25
1.047831199740216412e+01 7.153659217473539158e-25
1.055101714284298176e+01 7.065594246321397290e-25
1.062422676249441267e+01 6.979809277148703267e-25
1.069794435671711241e+01 6.896243397261949807e-25
1.077217345015942129e+01 6.814837225105483874e-25
1.084691759192592109e+01 6.735532867597098090e-25
1.092218035574714108e+01 6.658273876785565782e-25
1.099796534015037253e+01 6.583005223545162995e-25
1.107427616863180120e+01 6.509673261948910603e-25
1.115111648982969150e+01 6.438225679310270108e-25
1.122848997769887447e+01 6.368611487861551896e-25
1.130640033168639569e+01 6.300780968317149423e-25
1.138485127690839782e+01 6.234685654205783686e-25
1.146384656432824833e+01 6.170278300031371801e-25
1.154338997093584673e+01 6.107512845580833571e-25
1.162348529992824453e+01 6.046344397425632595e-25
1.170413638089146957e+01 5.986729188830758996e-25
1.178534706998363824e+01 5.928624568430990300e-25
1.186712125011933594e+01 5.871988961927499853e-25
1.194946283115524999e+01 5.816781856554863446e-25
1.203237575007712579e+01 5.762963767629819129e-25
1.211586397118800207e+01 5.710496226679733029e-25
1.219993148629774993e+01 5.659341746566374402e-25
1.228458231491395480e+01 5.609463804490314334e-25
1.236982050443406855e+01 5.560826825947219558e-25
1.245565013033894708e+01 5.513396152796818506e-25
1.254207529638770424e+01 5.467138028840804277e-25
1.262910013481392113e+01 5.422019580065985168e-25
1.271672880652324622e+01 5.378008792923216291e-25
1.280496550129229583e+01 5.335074492389281662e-25
1.289381443796900939e+01 5.293186331296943920e-25
1.298327986467436013e+01 5.252314763340812156e-25
1.307336605900545834e+01 5.212431029844439255e-25
1.316407732824010424e+01 5.173507138347691290e-25
1.325541800954269256e+01 5.135515849849649164e-25
1.334739247017160935e+01 5.098430659360065590e-25
1.344000510768803558e+01 5.062225775726614709e-25
1.353326035016620388e+01 5.026876112564508594e-25
1.362716265640514379e+01 4.992357264780865794e-25
1.372171651614182508e+01 4.958645498970839840e-25
1.381692645026585531e+01 4.925717733287873575e-25
1.391279701103562694e+01 4.893551525097870455e-25
1.400933278229597434e+01 4.862125051228291429e-25
1.410653837969735847e+01 4.831417101527493738e-25
1.420441845091651878e+01 4.801407055442665266e-25
1.430297767587871505e+01 4.772074874227592792e-25
1.440222076698148790e+01 4.743401081832763290e-25
1.450215246931995594e+01 4.715366757638803148e-25
1.460277756091373114e+01 4.687953516514945684e-25
1.470410085293531743e+01 4.661143498363666437e-25
1.480612718994017740e+01 4.634919355103072299e-25
1.490886145009836561e+01 4.609264237188685126e-25
1.501230854542774473e+01 4.584161781985318458e-25
1.511647342202888744e+01 4.559596100139536612e-25
1.522136106032151126e+01 4.535551766106203364e-25
1.532697647528264007e+01 4.512013801304837172e-25
1.543332471668636963e+01 4.488967667095191216e-25
1.554041086934531712e+01 4.466399252133249532e-25
1.564824005335375823e+01 4.444294859364011008e-25
1.575681742433239485e+01 4.422641196724441193e-25
1.586614817367488683e+01 4.401425366147932123e-25
1.597623752879606585e+01 4.380634853039069161e-25
1.608709075338185457e+01 4.360257514184379656e-25
1.619871314764099068e+01 4.340281570763002407e-25
1.631111004855834778e+01 4.320695595615625582e-25
1.642428683015022273e+01 4.301488504890792036e-25
1.653824890372121104e+01 4.282649548679176539e-25
1.665300171812294039e+01 4.264168299997598422e-25
1.676855076001465861e+01 4.246034648184569018e-25
1.688490155412545590e+01 4.228238788232186353e-25
1.700205966351853704e+01 4.210771212720114233e-25
1.712003068985712417e+01 4.193622702983105034e-25
1.723882027367231728e+01 4.176784321804743959e-25
1.735843409463281262e+01 4.160247403606097270e-25
1.747887787181637265e+01 4.144003548286931880e-25
1.760015736398340280e+01 4.128044612803869551e-25
1.772227836985217664e+01 4.112362702857514456e-25
1.784524672837614645e+01 4.096950167093149971e-25
1.796906831902314394e+01 4.081799588635571304e-25
1.809374906205639988e+01 4.066903779167238371e-25
1.821929491881772734e+01 4.052255771241535945e-25
1.834571189201246710e+01 4.037848812421824483e-25
1.847300602599650787e+01 4.023676358021368447e-25
1.860118340706534568e+01 4.009732065868802102e-25
1.873025016374496232e+01 3.996009788806867523e-25
1.886021246708499532e+01 3.982503570580752540e-25
1.899107653095367709e+01 3.969207638563943440e-25
1.912284861233499456e+01 3.956116398416328177e-25
1.925553501162785963e+01 3.943224429368210386e-25
1.938914207294728342e+01 3.930526477783229766e-25
1.952367618442780639e+01 3.918017453077032838e-25
1.965914377852884698e+01 3.905692422092421815e-25
1.979555133234229203e+01 3.893546604192941280e-25
1.993290536790221168e+01 3.881575366646356929e-25
2.007121245249660646e+01 3.869774220241074127e-25
2.021047919898153822e+01 3.858138814606090823e-25
2.035071226609719020e+01 3.846664933557757241e-25
2.049191835878630386e+01 3.835348491700928100e-25
2.063410422851477577e+01 3.824185529387273310e-25
2.077727667359437191e+01 3.813172209529913279e-25
2.092144253950791111e+01 3.802304813283242075e-25
2.106660871923644152e+01 3.791579736565952431e-25
2.121278215358888275e+01 3.780993486265866825e-25
2.135996983153390261e+01 3.770542676751535854e-25
2.150817879053397164e+01 3.760224026510674282e-25
2.165741611688200052e+01 3.750034355007815309e-25
2.180768894604002384e+01 3.739970578928061994e-25
2.195900446298042752e+01 3.730029709980909781e-25
2.211136990252950341e+01 3.720208850994711979e-25
2.226479254971327393e+01 3.710505193390866120e-25
2.241927974010593871e+01 3.700916014448285699e-25
2.257483886018050612e+01 3.691438674580052516e-25
2.273147734766199335e+01 3.682070614125702436e-25
2.288920269188310286e+01 3.672809351659742281e-25
2.304802243414216534e+01 3.663652480869456022e-25
2.320794416806389648e+01 3.654597668254480240e-25
2.336897553996231380e+01 3.645642650982298815e-25
2.353112424920640322e+01 3.636785234453553514e-25
2.369439804858827614e+01 3.628023290283610908e-25
2.385880474469372459e+01 3.619354753800544687e-25
2.402435219827565405e+01 3.610777622563741863e-25
2.419104832462978294e+01 3.602289953785369586e-25
2.435890109397316294e+01 3.593889862907472292e-25
2.452791853182525017e+01 3.585575521527436316e-25
2.469810871939160180e+01 3.577345155420026873e-25
2.486947979395032249e+01 3.569197043097401047e-25
2.504203994924105814e+01 3.561129513968193186e-25
2.521579743585680333e+01 3.553140946718827030e-25
2.539076056163837691e+01 3.545229767707569113e-25
2.556693769207162603e+01 3.537394449476941114e-25
2.574433725068747236e+01 3.529633509322128914e-25
2.592296771946456246e+01 3.521945507727010777e-25
2.610283763923488465e+01 3.514329047061482319e-25
2.628395561009211789e+01 3.506782770264831660e-25
2.646633029180280161e+01 3.499305359450514416e-25
2.664997040422045060e+01 3.491895534834331521e-25
2.683488472770237721e+01 3.484552053191584166e-25
2.702108210352958650e+01 3.477273707061636060e-25
2.720857143432946046e+01 3.470059323383805958e-25
2.739736168450142983e+01 3.462907762466467377e-25
2.758746188064564109e+01 3.455817916861754750e-25
2.777888111199438370e+01 3.448788710454606265e-25
2.797162853084689971e+01 3.441819097316096220e-25
2.816571335300678314e+01 3.434908060900561361e-25
2.836114485822271192e+01 3.428054612981274780e-25
2.855793239063217115e+01 3.421257792836819228e-25
2.875608535920806474e+01 3.414516666335106567e-25
2.895561323820880162e+01 3.407830325083572492e-25
2.915652556763112102e+01 3.401197885671655372e-25
2.935883195366627163e+01 3.394618488833481978e-25
2.956254206915940230e+01 3.388091298690377550e-25
2.976766565407184473e+01 3.381615502022191999e-25
2.997421251594705538e+01 3.375190307535967477e-25
3.018219253037934635e+01 3.368814945223390200e-25
3.039161564148614758e+01 3.362488665633091952e-25
3.060249186238350916e+01 3.356210739312489091e-25
3.081483127566470870e+01 3.349980456007988587e-25
3.102864403388251446e+01 3.343797124298510672e-25
3.124394036003446828e+01 3.337660070834154668e-25
3.146073054805171409e+01 3.331568639843794505e-25
3.167902496329126549e+01 3.325522192580642117e-25
3.189883404303140679e+01 3.319520106719437868e-25
3.212016829697096654e+01 3.313561776025754144e-25
3.234303830773163213e+01 3.307646609662826077e-25
3.256745473136400904e+01 3.301774031829070879e-25
3.279342829785717583e+01 3.295943481251045234e-25
3.302096981165151846e+01 3.290154410789545868e-25
3.325009015215560737e+01 3.284406286903739329e-25
3.348080027426610883e+01 3.278698589342378905e-25
3.371311120889170354e+01 3.273030810677763355e-25
3.394703406348055807e+01 3.267402455933525814e-25
3.418258002255118555e+01 3.261813042184597446e-25
3.441976034822749142e+01 3.256262098223840004e-25
3.465858638077703091e+01 3.250749164180907400e-25
3.489906953915329524e+01 3.245273791186119063e-25
3.514122132154175659e+01 3.239835541036128684e-25
3.538505330590944453e+01 3.234433985893350766e-25
3.563057715055874297e+01 3.229068707939190256e-25
3.587780459468464045e+01 3.223739299098476358e-25
3.612674745893606598e+01 3.218445360753046449e-25
3.637741764598116134e+01 3.213186503430637723e-25
3.662982714107614868e+01 3.207962346564448547e-25
3.688398801263866744e+01 3.202772518214107327e-25
3.713991241282458589e+01 3.197616654806629823e-25
3.739761257810909711e+01 3.192494400912504931e-25
3.765710082987187235e+01 3.187405408970376451e-25
3.791838957498595164e+01 3.182349339092039600e-25
3.818149130641122468e+01 3.177325858821307168e-25
3.844641860379156384e+01 3.172334642904405167e-25
3.871318413405634118e+01 3.167375373120348997e-25
3.898180065202618039e+01 3.162447738033280560e-25
3.925228100102253848e+01 3.157551432828889957e-25
3.952463811348211919e+01 3.152686159111961382e-25
3.979888501157492442e+01 3.147851624717588268e-25
4.007503480782702354e+01 3.143047543544845892e-25
4.035310070574752928e+01 3.138273635377175831e-25
4.063309600045972303e+01 3.133529625722945771e-25
4.091503407933696224e+01 3.128815245642157762e-25
4.119892842264259514e+01 3.124130231606570817e-25
4.148479260417452963e+01 3.119474325334099470e-25
4.177264029191434958e+01 3.114847273650510901e-25
4.206248524868058780e+01 3.110248828347952812e-25
4.235434133278702973e+01 3.105678746045187606e-25
4.264822249870512394e+01 3.101136788058531830e-25
4.294414279773126708e+01 3.096622720270795909e-25
4.324211637865862912e+01 3.092136313004315136e-25
4.354215748845361134e+01 3.087677340910362749e-25
4.384428047293715025e+01 3.083245582842212614e-25
4.414849977747045529e+01 3.078840821748902081e-25
4.445482994764580553e+01 3.074462844565337962e-25
4.476328562998200056e+01 3.070111442104749353e-25
4.507388157262457895e+01 3.065786408956541312e-25
4.538663262605113857e+01 3.061487543389972740e-25
4.570155374378115454e+01 3.057214647256453050e-25
4.601865998309111916e+01 3.052967525894838197e-25
4.633796650573440701e+01 3.048745988050499722e-25
4.665948857866618482e+01 3.044549845772471756e-25
4.698324157477347285e+01 3.040378914346192995e-25
4.730924097361000236e+01 3.036233012201128919e-25
4.763750236213646616e+01 3.032111960835470812e-25
4.796804143546572874e+01 3.028015584741574531e-25
4.830087399761322331e+01 3.023943711327382833e-25
4.863601596225270640e+01 3.019896170848040538e-25
4.897348335347697201e+01 3.015872796336323165e-25
4.931329230656412221e+01 3.011873423537239966e-25
4.965545906874899629e+01 3.007897890837190637e-25
4.999999999999999289e+01 3.003946039208608265e-25
5.034693157380139894e+01 3.000017712141711316e-25
5.069627037794075619e+01 2.996112755592566535e-25
5.104803311530231724e+01 2.992231017920045706e-25
5.140223660466548239e+01 2.988372349834777979e-25
5.175889778150880716e+01 2.984536604344453568e-25
5.211803369882010628e+01 2.980723636698186589e-25
5.247966152791137517e+01 2.976933304345043987e-25
5.284379855924019154e+01 2.973165466875612450e-25
5.321046220323622578e+01 2.969419985982712558e-25
5.357966999113354944e+01 2.965696725410853448e-25
5.395143957580922489e+01 2.961995550916769718e-25
5.432578873262691133e+01 2.958316330220850555e-25
5.470273536028711447e+01 2.954658932973533456e-25
5.508229748168283635e+01 2.951023230707274258e-25
5.546449324476112963e+01 2.947409096805320317e-25
5.584934092339118195e+01 2.943816406459559395e-25
5.623685891823758709e+01 2.940245036634425092e-25
5.662706575764056538e+01 2.936694866036513533e-25
5.701998009850164806e+01 2.933165775074750180e-25
5.741562072717555054e+01 2.929657645832024603e-25
5.781400656036881713e+01 2.926170362031339917e-25
5.821515664604383034e+01 2.922703809006354707e-25
5.861909016432991848e+01 2.919257873670570845e-25
5.902582642844026850e+01 2.915832444490283803e-25
5.943538488559515542e+01 2.912427411456005278e-25
5.984778511795219202e+01 2.909042666054542456e-25
6.026304684354212071e+01 2.905678101245805407e-25
6.068118991721201638e+01 2.902333611435931434e-25
6.110223433157442230e+01 2.899009092453608041e-25
6.152620021796307270e+01 2.895704441526253104e-25
6.195310784739583454e+01 2.892419557258333425e-25
6.238297763154347564e+01 2.889154339609698448e-25
6.281583012370606411e+01 2.885908689873517694e-25
6.325168601979518002e+01 2.882682510656723938e-25
6.369056615932391452e+01 2.879475705860365918e-25
6.413249152640305795e+01 2.876288180661013947e-25
6.457748325074419427e+01 2.873119841491689810e-25
6.502556260867048366e+01 2.869970596025221581e-25
6.547675102413337811e+01 2.866840353157207683e-25
6.593107006973741591e+01 2.863729022988417985e-25
6.638854146777151755e+01 2.860636516811593836e-25
6.684918709124731606e+01 2.857562747093595237e-25
6.731302896494554489e+01 2.854507627462964024e-25
6.778008926646843690e+01 2.851471072694443155e-25
6.825039032730067845e+01 2.848452998696514635e-25
6.872395463387690029e+01 2.845453322498094389e-25
6.920080482865657245e+01 2.842471962235861261e-25
6.968096371120716981e+01 2.839508837142520892e-25
7.016445423929364722e+01 2.836563867535396083e-25
7.065129952997666862e+01 2.833636974805745865e-25
7.114152286071765730e+01 2.830728081407056475e-25
7.163514767049153420e+01 2.827837110846814271e-25
7.213219756090792600e+01 2.824963987675337618e-25
7.263269629733905219e+01 2.822108637477171445e-25
7.313666781005647977e+01 2.819270986861890374e-25
7.364413619537515387e+01 2.816450963456936477e-25
7.415512571680521603e+01 2.813648495897821800e-25
7.466966080621266144e+01 2.810863513821794470e-25
7.518776606498691706e+01 2.808095947860506552e-25
7.570946626521758560e+01 2.805345729632538637e-25
7.623478635087872135e+01 2.802612791737324465e-25
7.676375143902112086e+01 2.799897067749394676e-25
7.729638682097392177e+01 2.797198492211768788e-25
7.783271796355309391e+01 2.794517000631056690e-25
7.837277051027973584e+01 2.791852529472443967e-25
7.891657028260588902e+01 2.789205016154351205e-25
7.946414328114889258e+01 2.786574399044275680e-25
8.001551568693507477e+01 2.783960617454967786e-25
8.057071386265099022e+01 2.781363611639974261e-25
8.112976435390434915e+01 2.778783322790631032e-25
8.169269389049308927e+01 2.776219693032466478e-25
8.225952938768311640e+01 2.773672665422281980e-25
8.283029794749575103e+01 2.771142183945653534e-25
8.340502686000294830e+01 2.768628193514342455e-25
8.398374360463265020e+01 2.766130639964260754e-25
8.456647585148242285e+01 2.763649470053749229e-25
8.515325146264220280e+01 2.761184631461930390e-25
8.574409849352703361e+01 2.758736072787212462e-25
8.633904519421778900e+01 2.756303743546353124e-25
8.693812001081251140e+01 2.753887594173781758e-25
8.754135158678624862e+01 2.751487576021144406e-25
8.814876876436026976e+01 2.749103641356491028e-25
8.876040058588178283e+01 2.746735743364835698e-25
8.937627629521176686e+01 2.744383836148048693e-25
8.999642533912381737e+01 2.742047874725209147e-25
9.062087736871187360e+01 2.739727815033756666e-25
9.124966224080760924e+01 2.737423613929656630e-25
9.188281001940860904e+01 2.735135229189350781e-25
9.252035097711508627e+01 2.732862619510638845e-25
9.316231559657798300e+01 2.730605744514238353e-25
9.380873457195606591e+01 2.728364564746131504e-25
9.445963881038331067e+01 2.726139041679214064e-25
9.511505943344727143e+01 2.723929137715542128e-25
9.577502777867637462e+01 2.721734816189358095e-25
9.643957540103887993e+01 2.719556041369157888e-25
9.710873407445130567e+01 2.717392778461396972e-25
9.778253579329744127e+01 2.715244993613069099e-25
9.846101277395865736e+01 2.713112653915378347e-25
9.914419745635355241e+01 2.710995727407740853e-25
9.983212250548965017e+01 2.708894183080835129e-25
1.005248208130249452e+02 2.706807990881530415e-25
1.012223254988401777e+02 2.704737121716930653e-25
1.019246699126232016e+02 2.702681547458658612e-25
1.026318876354625900e+02 2.700641240948045517e-25
1.033440124814540866e+02 2.698616176000905570e-25
1.040610784993169489e+02 2.696606327412806394e-25
1.047831199740216306e+02 2.694611670964679262e-25
1.055101714284298140e+02 2.692632183428326471e-25
1.062422676249441338e+02 2.690667842572761205e-25
1.069794435671710602e+02 2.688718627169863226e-25
1.077217345015942129e+02 2.686784517001227046e-25
1.084691759192592002e+02 2.684865492864846630e-25
1.092218035574714037e+02 2.682961536581773936e-25
1.099796534015037253e+02 2.681072631003921250e-25
1.107427616863179480e+02 2.679198760020847376e-25
1.115111648982969115e+02 2.677339908567972777e-25
1.122848997769886807e+02 2.675496062634516920e-25
1.130640033168639604e+02 2.673667209271989383e-25
1.138485127690839818e+02 2.671853336602674538e-25
1.146384656432825437e+02 2.670054433828539593e-25
1.154338997093584709e+02 2.668270491240562786e-25
1.162348529992823813e+02 2.666501500228796254e-25
1.170413638089146957e+02 2.664747453291760808e-25
1.178534706998363788e+02 2.663008344047066709e-25
1.186712125011934233e+02 2.661284167242427953e-25
1.194946283115525034e+02 2.659574918766394174e-25
1.203237575007711939e+02 2.657880595660584964e-25
1.211586397118800136e+02 2.656201196131231759e-25
1.219993148629774993e+02 2.654536719562373682e-25
1.228458231491396191e+02 2.652887166528637372e-25
1.236982050443406962e+02 2.651252538809299291e-25
1.245565013033894104e+02 2.649632839402734666e-25
1.254207529638770353e+02 2.648028072541576312e-25
1.262910013481392184e+02 2.646438243708607682e-25
1.271672880652325262e+02 2.644863359653678051e-25
1.280496550129229547e+02 2.643303428411579671e-25
1.289381443796900157e+02 2.641758459320757415e-25
1.298327986467436119e+02 2.640228463043428560e-25
1.307336605900545976e+02 2.638713451587064023e-25
1.316407732824011134e+02 2.637213438327271019e-25
1.325541800954269434e+02 2.635728438032306700e-25
1.334739247017160153e+02 2.634258466890013976e-25
1.344000510768803451e+02 2.632803542536367194e-25
1.353326035016620494e+02 2.631363684086918908e-25
1.362716265640515019e+02 2.629938912171587630e-25
1.372171651614182508e+02 2.628529248972338846e-25
1.381692645026584785e+02 2.627134718265245676e-25
1.391279701103562729e+02 2.625755345467350233e-25
1.400933278229597363e+02 2.624391157689111790e-25
1.410653837969736628e+02 2.623042183793777053e-25
1.420441845091651771e+02 2.621708454464250637e-25
1.430297767587870794e+02 2.620390002279871836e-25
1.440222076698148612e+02 2.619086861805195210e-25
1.450215246931995523e+02 2.617799069691759011e-25
1.460277756091373931e+02 2.616526664797968156e-25
1.470410085293531779e+02 2.615269688329152084e-25
1.480612718994017030e+02 2.614028184003659811e-25
1.490886145009836525e+02 2.612802198251350419e-25
1.501230854542774296e+02 2.611591780451705044e-25
1.511647342202889490e+02 2.610396983222638036e-25
1.522136106032151304e+02 2.609217862773125061e-25
1.532697647528263190e+02 2.608054479337786112e-25
1.543332471668637140e+02 2.606906897716260181e-25
1.554041086934531677e+02 2.605775187950434639e-25
1.564824005335376569e+02 2.604659426180579819e-25
1.575681742433239378e+02 2.603559695739612108e-25
1.586614817367487831e+02 2.602476088567157179e-25
1.597623752879606513e+02 2.601408707055397083e-25
1.608709075338185528e+02 2.600357666488058020e-25
1.619871314764099282e+02 2.599323098305564466e-25
1.631111004855834778e+02 2.598305154534777137e-25
1.642428683015021704e+02 2.597304013888840264e-25
1.653824890372121104e+02 2.596319890307404273e-25
1.665300171812293968e+02 2.595353045126484818e-25
1.676855076001465932e+02 2.594403804767847738e-25
1.688490155412545448e+02 2.593472587027440534e-25
1.700205966351852851e+02 2.592559941117751989e-25
1.712003068985712559e+02 2.591666610395664858e-25
1.723882027367231728e+02 2.590793633817972342e-25
1.735843409463281262e+02 2.589942516198662477e-25
1.747887787181637407e+02 2.589115526495630765e-25
1.760015736398339357e+02 2.588316247728627651e-25
1.772227836985217664e+02 2.587550654983407260e-25
1.784524672837614503e+02 2.586829394340374443e-25
1.796906831902314536e+02 2.586173082631207420e-25
1.809374906205640059e+02 2.585626270706476684e-25
1.821929491881772094e+02 2.585301124904086561e-25
1.834571189201246852e+02 2.585553784942781924e-25
1.847300602599650858e+02 2.588083874946515871e-25
1.860118340706534639e+02 2.615347814366115588e-25
1.873025016374496374e+02 2.697651433243461760e-25
1.886021246708498609e+02 2.588170278665264065e-25
1.899107653095367994e+02 2.582376859448154534e-25
1.912284861233499385e+02 2.580481190382256757e-25
1.925553501162786176e+02 2.579377115240570522e-25
1.938914207294728271e+02 2.578543017786835023e-25
1.952367618442779644e+02 2.577832689541659220e-25
1.965914377852884911e+02 2.577192439733265368e-25
1.979555133234229061e+02 2.576598898444279069e-25
1.993290536790221097e+02 2.576040632108600816e-25
2.007121245249660717e+02 2.575511555009931358e-25
2.021047919898154817e+02 2.575008221003140313e-25
2.035071226609719020e+02 2.574528589024787570e-25
2.049191835878630457e+02 2.574071412916364499e-25
2.063410422851477790e+02 2.573635919469730370e-25
2.077727667359437476e+02 2.573221629145470586e-25
2.092144253950791892e+02 2.572828251619874667e-25
2.106660871923644152e+02 2.572455622537744184e-25
2.121278215358888133e+02 2.572103663922348216e-25
2.135996983153390261e+02 2.571772358668968823e-25
2.150817879053397235e+02 2.571461733688634396e-25
2.165741611688201260e+02 2.571171848519057952e-25
2.180768894604002526e+02 2.570902787473344140e-25
2.195900446298042823e+02 2.570654654134577062e-25
2.211136990252950341e+02 2.570427567432367728e-25
2.226479254971327464e+02 2.570221658809396554e-25
2.241927974010595221e+02 2.570037070149681249e-25
2.257483886018050612e+02 2.569873952248247562e-25
2.273147734766199335e+02 2.569732463670231654e-25
2.288920269188310215e+02 2.569612769893869409e-25
2.304802243414216605e+02 2.569515042664330411e-25
2.320794416806390643e+02 2.569439459503381589e-25
2.336897553996231522e+02 2.569386203337490200e-25
2.353112424920640535e+02 2.569355462216150119e-25
2.369439804858827756e+02 2.569347429099733129e-25
2.385880474469372530e+02 2.569362301700619012e-25
2.402435219827566755e+02 2.569400282367146255e-25
2.419104832462978152e+02 2.569461578000283270e-25
2.435890109397315086e+02 2.569546399997203294e-25
2.452791853182525017e+02 2.569654964216409852e-25
2.469810871939160108e+02 2.569787490959236962e-25
2.486947979395033599e+02 2.569944204966497592e-25
2.504203994924105814e+02 2.570125335426180860e-25
2.521579743585679125e+02 2.570331115990954954e-25
2.539076056163837620e+02 2.570561784803684089e-25
2.556693769207162745e+02 2.570817584529967654e-25
2.574433725068748231e+02 2.571098762396610111e-25
2.592296771946456033e+02 2.571405570234850247e-25
2.610283763923487186e+02 2.571738264528344772e-25
2.628395561009211860e+02 2.572097106464883635e-25
2.646633029180280232e+02 2.572482361991510611e-25
2.664997040422045984e+02 2.572894301873189650e-25
2.683488472770237649e+02 2.573333201753900282e-25
2.702108210352957371e+02 2.573799342220567972e-25
2.720857143432946259e+02 2.574293008869315632e-25
2.739736168450143055e+02 2.574814492374566154e-25
2.758746188064563967e+02 2.575364088559359012e-25
2.777888111199438299e+02 2.575942098469205290e-25
2.797162853084688550e+02 2.576548828446338976e-25
2.816571335300678243e+02 2.577184590207677489e-25
2.836114485822271263e+02 2.577849700923685871e-25
2.855793239063216902e+02 2.578544483299628706e-25
2.875608535920806617e+02 2.579269265659016439e-25
2.895561323820878670e+02 2.580024382029006878e-25
2.915652556763112102e+02 2.580810172228093401e-25
2.935883195366627092e+02 2.581626981955713899e-25
2.956254206915940017e+02 2.582475162885062942e-25
2.976766565407184544e+02 2.583355072757799434e-25
2.997421251594703904e+02 2.584267075481856002e-25
3.018219253037934777e+02 2.585211541232541159e-25
3.039161564148614616e+02 2.586188846556972790e-25
3.060249186238351058e+02 2.587199374482828372e-25
3.081483127566470444e+02 2.588243514631907364e-25
3.102864403388250025e+02 2.589321663339160582e-25
3.124394036003446899e+02 2.590434223779200014e-25
3.146073054805171409e+02 2.591581606101448533e-25
3.167902496329126620e+02 2.592764227575984304e-25
3.189883404303140537e+02 2.593982512754221223e-25
3.212016829697095091e+02 2.595236893649063985e-25
3.234303830773163213e+02 2.596527809940236643e-25
3.256745473136401188e+02 2.597855709215181345e-25
3.279342829785717299e+02 2.599221047261158124e-25
3.302096981165151988e+02 2.600624288427638324e-25
3.325009015215558748e+02 2.602065906095843423e-25
3.348080027426610741e+02 2.603546383306152740e-25
3.371311120889170638e+02 2.605066213630532849e-25
3.394703406348055523e+02 2.606625902432579357e-25
3.418258002255118981e+02 2.608225968760086227e-25
3.441976034822747579e+02 2.609866948307595978e-25
3.465858638077702949e+02 2.611549398256060538e-25
3.489906953915329382e+02 2.613273905564012483e-25
3.514122132154175802e+02 2.615041101942656858e-25
3.538505330590944027e+02 2.616851692614141179e-25
3.563057715055872450e+02 2.618706515755411662e-25
3.587780459468463619e+02 2.620606677078203105e-25
3.612674745893606314e+02 2.622553892422666428e-25
3.637741764598115992e+02 2.624551509750039939e-25
3.662982714107614584e+02 2.626608346966340727e-25
3.688398801263868449e+02 2.628759680904741178e-25
3.713991241282458873e+02 2.631322097262091491e-25
3.739761257810910138e+02 2.673619856057952601e-25
3.765710082987187093e+02 2.635499737017678218e-25
3.791838957498594596e+02 2.637511846022868896e-25
3.818149130641124316e+02 2.639779275602927544e-25
3.844641860379156242e+02 2.642130313283254682e-25
3.871318413405634260e+02 2.644542164163214188e-25
3.898180065202618039e+02 2.647009511351828790e-25
3.925228100102253848e+02 2.649530958609585095e-25
3.952463811348213767e+02 2.652106330864098342e-25
3.979888501157492442e+02 2.654735922667254589e-25
4.007503480782701786e+02 2.657420239746195866e-25
4.035310070574753354e+02 2.660159896013363892e-25
4.063309600045972161e+02 2.662955567797859318e-25
4.091503407933698213e+02 2.665807971736214091e-25
4.119892842264259230e+02 2.668717853375107250e-25
4.148479260417452679e+02 2.671685980994900678e-25
4.177264029191435384e+02 2.674713142134559126e-25
4.206248524868058780e+02 2.677800141589660742e-25
4.235434133278704962e+02 2.680947800248696225e-25
4.264822249870512110e+02 2.684156954425261306e-25
4.294414279773124008e+02 2.687428455493724214e-25
4.324211637865862485e+02 2.690763169717269215e-25
4.354215748845361418e+02 2.694161978199350995e-25
4.384428047293717441e+02 2.697625776920014677e-25
4.414849977747045386e+02 2.701155476827605506e-25
4.445482994764578280e+02 2.704752003971998733e-25
4.476328562998199914e+02 2.708416299666315039e-25
4.507388157262458321e+02 2.712149320670457904e-25
4.538663262605115847e+02 2.715952039391406825e-25
4.570155374378115312e+02 2.719825444096659081e-25
4.601865998309110068e+02 2.723770539138773488e-25
4.633796650573440843e+02 2.727788345188828633e-25
4.665948857866619051e+02 2.731879899478017263e-25
4.698324157477349559e+02 2.736046256046813439e-25
4.730924097361000236e+02 2.740288486001255097e-25
4.763750236213644484e+02 2.744607677775820864e-25
4.796804143546572732e+02 2.749004937403242281e-25
4.830087399761322331e+02 2.753481388792075676e-25
4.863601596225273056e+02 2.758038174012370709e-25
4.897348335347697343e+02 2.762676453590954550e-25
4.931329230656409663e+02 2.767397406817779486e-25
4.965545906874899629e+02 2.772202232067715874e-25
4.999999999999999432e+02 2.777092147141445504e-25
5.034693157380134494e+02 2.782068389634247696e-25
5.069627037794076045e+02 2.787132217345361079e-25
5.104803311530232008e+02 2.792284908749861454e-25
5.140223660466548381e+02 2.797527763570398837e-25
5.175889778150880147e+02 2.802862103518471076e-25
5.211803369882004517e+02 2.808289273333083778e-25
5.247966152791137802e+02 2.813810642372137315e-25
5.284379855924019012e+02 2.819427607293401582e-25
5.321046220323622720e+02 2.825141597036186673e-25
5.357966999113355087e+02 2.830954083081120020e-25
5.395143957580917231e+02 2.836866603162909963e-25
5.432578873262691559e+02 2.842880824269803759e-25
5.470273536028711305e+02 2.848998744002341663e-25
5.508229748168283777e+02 2.855223536024576715e-25
5.546449324476112679e+02 2.861565251561530448e-25
5.584934092339112794e+02 2.868174141729250636e-25
5.623685891823758993e+02 2.874763540940097875e-25
5.662706575764057106e+02 2.881194242748805656e-25
5.701998009850165090e+02 2.887943843503413693e-25
5.741562072717555338e+02 2.894819152240670908e-25
5.781400656036876171e+02 2.901812654175879391e-25
5.821515664604382891e+02 2.908924386677890679e-25
5.861909016432991848e+02 2.916155608013151893e-25
5.902582642844026850e+02 2.923507910869123315e-25
5.943538488559515827e+02 2.930983019059092059e-25
5.984778511795212808e+02 2.938582726106175201e-25
6.026304684354212213e+02 2.946308873105924356e-25
6.068118991721202065e+02 2.954163339763091255e-25
6.110223433157442514e+02 2.962148040504619655e-25
6.152620021796307128e+02 2.970264922769961814e-25
6.195310784739577912e+02 2.978515966317552898e-25
6.238297763154347422e+02 2.986903183041285548e-25
6.281583012370599590e+02 2.995428617058617771e-25
6.325168601979518144e+02 3.004094344951963460e-25
6.369056615932391878e+02 3.012902476101716833e-25
6.413249152640298689e+02 3.021855153076517936e-25
6.457748325074419427e+02 3.030954552062008234e-25
6.502556260867041829e+02 3.040202883316566103e-25
6.547675102413337527e+02 3.049602391648697120e-25
6.593107006973741591e+02 3.059155356910736185e-25
6.638854146777144933e+02 3.068864094508356363e-25
6.684918709124732459e+02 3.078730955925893175e-25
6.731302896494547667e+02 3.088758329266666088e-25
6.778008926646843975e+02 3.098948639813516211e-25
6.825039032730068129e+02 3.109304350613264379e-25
6.872395463387682639e+02 3.119827963096603970e-25
6.920080482865656677e+02 3.130522017752108243e-25
6.968096371120709591e+02 3.141389094891646593e-25
7.016445423929365006e+02 3.152431815582470761e-25
7.065129952997667715e+02 3.163652842908583638e-25
7.114152286071758908e+02 3.175054883939372251e-25
7.163514767049153988e+02 3.186640693374646315e-25
7.213219756090785495e+02 3.198413081662925937e-25
7.263269629733905504e+02 3.210374937062848676e-25
7.313666781005648545e+02 3.222529301743758219e-25
7.364413619537507429e+02 3.234879741903439840e-25
7.415512571680520750e+02 3.247433783570412564e-25
7.466966080621258470e+02 3.260889923657419392e-25
7.518776606498690853e+02 3.273139634717449630e-25
7.570946626521758844e+02 3.286286939889165694e-25
7.623478635087872135e+02 3.299654948246049700e-25
7.676375143902112086e+02 3.313237820390522775e-25
7.729638682097383935e+02 3.327037862754917064e-25
7.783271796355309107e+02 3.341058152512884626e-25
7.837277051027973584e+02 3.355301961914694998e-25
7.891657028260589186e+02 3.369772658919847140e-25
7.946414328114889258e+02 3.384474381830568619e-25
8.001551568693499803e+02 3.399408482053977970e-25
8.057071386265098454e+02 3.414580650158689916e-25
8.112976435390434062e+02 3.429993778473979772e-25
8.169269389049309211e+02 3.445651524308994143e-25
8.225952938768310787e+02 3.461557602929460915e-25
8.283029794749566008e+02 3.477715786778170275e-25
8.340502686000294261e+02 3.494129906078809629e-25
8.398374360463265020e+02 3.510803849615714008e-25
8.456647585148242570e+02 3.527741565577344788e-25
8.515325146264220848e+02 3.544947062439892270e-25
8.574409849352695119e+02 3.562424409884050145e-25
8.633904519421778332e+02 3.580177739746585067e-25
8.693812001081250855e+02 3.598211247014754819e-25
8.754135158678624293e+02 3.616529190879900224e-25
8.814876876436027260e+02 3.635135895891202958e-25
8.876040058588170041e+02 3.654035753298656616e-25
8.937627629521176686e+02 3.673233222811591113e-25
8.999642533912381168e+02 3.692732835398264464e-25
9.062087736871186507e+02 3.712539199151187001e-25
9.124966224080760639e+02 3.732657016211776076e-25
9.188281001940850956e+02 3.753091153591099362e-25
9.252035097711509479e+02 3.773847160518972484e-25
9.316231559657798016e+02 3.794949339263202057e-25
9.380873457195606306e+02 3.816346555723871919e-25
9.445963881038330783e+02 3.838085390249746866e-25
9.511505943344717480e+02 3.860172564129066062e-25
9.577502777867638315e+02 3.882606419790797643e-25
9.643957540103887141e+02 3.905391771613126204e-25
9.710873407445130852e+02 3.928533877416799082e-25
9.778253579329743843e+02 3.952038139914629125e-25
9.846101277395855504e+02 3.975910062241505659e-25
9.914419745635356094e+02 4.000155238348119654e-25
9.983212250548965585e+02 4.024779350992487905e-25
1.005248208130249395e+03 4.049788171918349451e-25
1.012223254988401777e+03 4.075187562802330709e-25
1.019246699126230965e+03 4.100983476522992187e-25
1.026318876354625900e+03 4.127181958590079003e-25
1.033440124814540923e+03 4.153789148671779627e-25
1.040610784993169545e+03 4.180811282192555143e-25
1.047831199740216334e+03 4.208254691996753044e-25
1.055101714284297032e+03 4.236125810081178451e-25
1.062422676249441338e+03 4.264431169420589550e-25
1.069794435671710517e+03 4.293177405942926665e-25
1.077217345015942101e+03 4.322371260814048075e-25
1.084691759192592144e+03 4.352019583511091225e-25
1.092218035574712985e+03 4.382129337434787846e-25
1.099796534015037196e+03 4.412707616309326555e-25
1.107427616863179537e+03 4.443761730925038111e-25
1.115111648982969200e+03 4.475300469254699162e-25
1.122848997769886864e+03 4.507346726975082125e-25
1.130640033168638411e+03 4.539850970129779288e-25
1.138485127690839818e+03 4.572880932018234339e-25
1.146384656432824158e+03 4.606424614659773703e-25
1.154338997093584794e+03 4.640489554676179921e-25
1.162348529992823842e+03 4.675083717714430314e-25
1.170413638089145707e+03 4.710215239405038299e-25
1.178534706998363845e+03 4.745892397247426231e-25
1.186712125011933040e+03 4.782123606739540453e-25
1.194946283115524921e+03 4.818917422161352261e-25
1.203237575007711939e+03 4.856282538626180039e-25
1.211586397118798914e+03 4.894227794592277116e-25
1.219993148629774851e+03 4.932762174592566589e-25
1.228458231491394827e+03 4.971894812109949172e-25
1.236982050443406933e+03 5.011634992572486684e-25
1.245565013033894047e+03 5.051992156477859606e-25
1.254207529638769074e+03 5.092975902694963365e-25
1.262910013481392070e+03 5.134595992088195276e-25
1.271672880652324011e+03 5.176862351976875111e-25
1.280496550129229490e+03 5.219785083629883007e-25
1.289381443796900385e+03 5.263374486491517130e-25
1.298327986467434812e+03 5.307641272422681358e-25
1.307336605900545919e+03 5.352977755157991397e-25
1.316407732824009827e+03 5.398247873053184523e-25
1.325541800954269320e+03 5.444609428857963899e-25
1.334739247017160324e+03 5.491691992255168542e-25
1.344000510768802087e+03 5.539506619266227561e-25
1.353326035016620381e+03 5.588064844526145562e-25
1.362716265640513711e+03 5.637378433801537867e-25
1.372171651614182565e+03 5.687459366476608643e-25
1.381692645026584842e+03 5.738319836106199880e-25
1.391279701103562729e+03 5.789972254092004870e-25
1.400933278229597590e+03 5.842429254223536865e-25
1.410653837969735150e+03 5.895703697585868498e-25
1.420441845091651885e+03 5.949808677707915927e-25
1.430297767587870794e+03 6.004757525925028446e-25
1.440222076698148840e+03 6.060563816994661121e-25
1.450215246931995580e+03 6.117241375131967983e-25
1.460277756091372339e+03 6.174804281128808870e-25
1.470410085293531665e+03 6.233266884192677423e-25
1.480612718994017087e+03 6.292643853084780079e-25
1.490886145009836582e+03 6.352952122686971226e-25
1.501230854542774523e+03 6.414200643777943675e-25
1.511647342202888012e+03 6.476410251970172821e-25
1.522136106032151247e+03 6.539595810539772600e-25
1.532697647528263133e+03 6.603772948935882560e-25
1.543332471668637027e+03 6.668957982902862265e-25
1.554041086934531677e+03 6.735167567360096297e-25
1.564824005335374977e+03 6.802418684623863197e-25
1.575681742433239378e+03 6.870728649372128616e-25
1.586614817367487831e+03 6.940115116185435241e-25
1.597623752879606627e+03 7.010596087857907757e-25
1.608709075338185585e+03 7.082189924128115908e-25
1.619871314764097406e+03 7.154915350767790192e-25
1.631111004855834835e+03 7.228791469093928575e-25
1.642428683015021534e+03 7.303837766243068948e-25
1.653824890372120990e+03 7.380074128073224921e-25
1.665300171812294138e+03 7.457520872101524978e-25
1.676855076001464113e+03 7.536199650120529788e-25
1.688490155412545391e+03 7.616128745028427644e-25
1.700205966351852794e+03 7.697332086071890744e-25
1.712003068985712616e+03 7.779831428555603946e-25
1.723882027367231785e+03 7.863649008978927597e-25
1.735843409463279386e+03 7.948807756025924985e-25
1.747887787181637350e+03 8.035331096449371701e-25
1.760015736398339186e+03 8.123242956951807416e-25
1.772227836985217436e+03 8.212567775613771855e-25
1.784524672837614617e+03 8.303330514952295321e-25
1.796906831902312661e+03 8.395556675624799891e-25
1.809374906205639945e+03 8.489272310616172885e-25
1.821929491881772037e+03 8.584504040001346749e-25
1.834571189201246852e+03 8.681279066976348460e-25
1.847300602599651029e+03 8.779625200877074196e-25
1.860118340706532763e+03 8.879571031514847137e-25
1.873025016374496317e+03 8.981145392690987657e-25
1.886021246708498438e+03 9.084377325949124422e-25
1.899107653095367823e+03 9.189298228062668503e-25
1.912284861233499214e+03 9.295938726704789332e-25
1.925553501162784187e+03 9.404330518217316843e-25
1.938914207294728385e+03 9.514506021820962708e-25
1.952367618442779758e+03 9.626498386046602376e-25
1.965914377852884854e+03 9.740341504424831439e-25
1.979555133234229061e+03 9.856070032266413810e-25
1.993290536790218994e+03 9.973719403617373468e-25
2.007121245249660660e+03 1.009332584825804969e-24
2.021047919898152713e+03 1.021492640929627652e-24
2.035071226609719133e+03 1.033855896773570876e-24
2.049191835878630627e+03 1.046426259647787614e-24
2.063410422851475687e+03 1.059207578011581786e-24
2.077727667359437419e+03 1.072203987905782471e-24
2.092144253950789789e+03 1.085419610205827804e-24
2.106660871923644208e+03 1.098858658632001688e-24
2.121278215358888247e+03 1.112525445216377745e-24
2.135996983153388101e+03 1.126424373651609067e-24
2.150817879053397064e+03 1.140559939367047364e-24
2.165741611688199100e+03 1.154936729634940421e-24
2.180768894604002526e+03 1.169559423371617438e-24
2.195900446298042880e+03 1.184432790553018727e-24
2.211136990252948181e+03 1.199561691279371384e-24
2.226479254971327464e+03 1.214951076032607499e-24
2.241927974010592607e+03 1.230606632578205709e-24
2.257483886018050725e+03 1.246531498721867568e-24
2.273147734766199392e+03 1.262732852153353826e-24
2.288920269188307884e+03 1.279215303655755479e-24
2.304802243414216719e+03 1.295984188279675652e-24
2.320794416806388199e+03 1.313044902023926639e-24
2.336897553996231636e+03 1.330402891412197416e-24
2.353112424920640478e+03 1.348063642206014183e-24
2.369439804858825028e+03 1.366032666052110677e-24
2.385880474469372530e+03 1.384315484688596454e-24
2.402435219827564197e+03 1.402917611548498036e-24
2.419104832462978266e+03 1.421844537753957697e-24
2.435890109397314973e+03 1.441101666760942610e-24
2.452791853182522573e+03 1.460694344416414991e-24
2.469810871939159824e+03 1.480627801239453870e-24
2.486947979395030870e+03 1.500907083636727811e-24
2.504203994924105700e+03 1.521537033855498728e-24
2.521579743585678898e+03 1.542522227811121756e-24
2.539076056163837620e+03 1.563866910342293305e-24
2.556693769207162859e+03 1.585574920440921795e-24
2.574433725068745844e+03 1.607649604752090704e-24
2.592296771946456374e+03 1.630093717950808377e-24
2.610283763923487186e+03 1.652909360537106684e-24
2.628395561009212088e+03 1.676097567520529499e-24
2.646633029180280118e+03 1.699658712146797793e-24
2.664997040422043483e+03 1.723591774971160022e-24
2.683488472770237877e+03 1.747894405982668336e-24
2.702108210352957030e+03 1.772562639486194052e-24
2.720857143432946032e+03 1.797590619731339257e-24
2.739736168450142941e+03 1.822970286729259048e-24
2.758746188064561011e+03 1.848691015080721483e-24
2.777888111199438299e+03 1.874739199464003557e-24
2.797162853084688322e+03 1.901097850878855463e-24
2.816571335300678584e+03 1.927745678910248339e-24
2.836114485822271490e+03 1.954657215060154595e-24
2.855793239063214060e+03 1.981801354588977307e-24
2.875608535920806389e+03 2.009140909970774411e-24
2.895561323820878897e+03 2.036631617830984980e-24
2.915652556763111988e+03 2.064221091595496899e-24
2.935883195366627206e+03 2.091847641048807823e-24
2.956254206915937175e+03 2.119438947198554737e-24
2.976766565407184771e+03 2.146910588225232443e-24
2.997421251594703790e+03 2.174164372688919408e-24
3.018219253037934777e+03 2.201086583173051727e-24
3.039161564148614616e+03 2.227545994062813014e-24
3.060249186238348102e+03 2.253391765179034726e-24
3.081483127566470557e+03 2.278451246608966904e-24
3.102864403388249684e+03 2.302527703099194832e-24
3.124394036003446672e+03 2.325398050601048461e-24
3.146073054805171523e+03 2.346810704020438444e-24
3.167902496329123551e+03 2.366483703424197595e-24
3.189883404303140651e+03 2.384103090416241664e-24
3.212016829697095091e+03 2.399322405824396908e-24
3.234303830773163099e+03 2.411762522371270565e-24
3.256745473136400960e+03 2.421013196098512572e-24
3.279342829785714002e+03 2.426636089529026941e-24
3.302096981165152101e+03 2.428169843007880463e-24
3.325009015215558520e+03 2.425137539989928350e-24
3.348080027426610741e+03 2.417056872003162318e-24
3.371311120889170525e+03 2.403453138326429057e-24
3.394703406348052340e+03 2.383875153826075148e-24
3.418258002255118754e+03 2.357913613539483000e-24
3.441976034822747806e+03 2.325221357657484272e-24
3.465858638077703290e+03 2.285534529061774002e-24
3.489906953915329723e+03 2.238693242348023363e-24
3.514122132154172050e+03 2.184660204391143099e-24
3.538505330590944141e+03 2.123535659643044675e-24
3.563057715055871995e+03 2.055567049285242319e-24
3.587780459468463505e+03 1.981152771459286288e-24
3.612674745893606541e+03 1.900838960965549381e-24
3.637741764598112240e+03 1.815310431644229840e-24
3.662982714107614811e+03 1.725376715146809412e-24
3.688398801263864698e+03 1.631955425876444704e-24
3.713991241282458759e+03 1.536055661284344983e-24
3.739761257810910138e+03 1.438764496623092527e-24
3.765710082987183341e+03 1.341239686350738739e-24
3.791838957498594937e+03 1.244711645906565782e-24
3.818149130641120337e+03 1.150496650333950915e-24
3.844641860379156242e+03 1.060022459665585991e-24
3.871318413405634146e+03 9.748638042341872369e-25
3.898180065202614060e+03 8.967789033145670770e-25
3.925228100102254302e+03 8.277258756468529548e-25
3.952463811348209674e+03 7.698197784256696903e-25
3.979888501157492556e+03 7.251764487047225233e-25
4.007503480782701899e+03 6.956044852385356355e-25
4.035310070574748806e+03 6.821900428076413499e-25
4.063309600045972275e+03 6.849467612972695729e-25
4.091503407933694234e+03 7.027482401248654016e-25
4.119892842264259343e+03 7.336088399799698322e-25
4.148479260417452679e+03 7.751518005347881202e-25
4.177264029191431291e+03 8.250325224484885156e-25
4.206248524868058666e+03 8.811931820839751284e-25
4.235434133278700756e+03 9.419546022556766531e-25
4.264822249870511769e+03 1.006006905580483367e-24
4.294414279773124690e+03 1.072355954324054013e-24
4.324211637865858393e+03 1.140259775820337511e-24
4.354215748845361304e+03 1.209170825407248375e-24
4.384428047293712552e+03 1.278688457902005797e-24
4.414849977747045159e+03 1.348522204497657640e-24
4.445482994764578507e+03 1.418463910435988000e-24
4.476328562998200141e+03 1.488367118071126512e-24
4.507388157262457753e+03 1.558130542491261404e-24
4.538663262605111413e+03 1.627688568894437445e-24
4.570155374378115084e+03 1.697000579744003377e-24
4.601865998309110182e+03 1.766045505282400208e-24
4.633796650573441184e+03 1.834816739807919009e-24
4.665948857866618710e+03 1.903318449308680035e-24
4.698324157477344670e+03 1.971562733696262622e-24
4.730924097361000349e+03 2.039567524359227134e-24
4.763750236213644712e+03 2.107354882954306783e-24
4.796804143546572959e+03 2.174949754157169183e-24
4.830087399761322558e+03 2.242378977774899816e-24
4.863601596225267713e+03 2.309670525632511618e-24
4.897348335347696775e+03 2.376852911083898503e-24
4.931329230656409891e+03 2.443954726274804127e-24
4.965545906874899629e+03 2.511004280084882731e-24
5.000000000000000000e+03 2.578029314242234402e-24
