5.000000000000000000e+00 7.284836771056075287e-24
5.034693157380139006e+00 7.046742618629074597e-24
5.069627037794075974e+00 6.820456375626944434e-24
5.104803311530234922e+00 6.605134899838684895e-24
5.140223660466546995e+00 6.400005210526074646e-24
5.175889778150882137e+00 6.204358700683883459e-24
5.211803369882009207e+00 6.017545789109269116e-24
5.247966152791137873e+00 5.838970953170621578e-24
5.284379855924021818e+00 5.668088162930113006e-24
5.321046220323622400e+00 5.504396646017524342e-24
5.357966999113356721e+00 5.347436994075125954e-24
5.395143957580921246e+00 5.196787584969644523e-24
5.432578873262690955e+00 5.052061295686144027e-24
5.470273536028714467e+00 4.912902468710801192e-24
5.508229748168283813e+00 4.778984157672136537e-24
5.546449324476114384e+00 4.650005582879447545e-24
5.584934092339116418e+00 4.525689828583123414e-24
5.623685891823758887e+00 4.405781708159074612e-24
5.662706575764059558e+00 4.290045846758165599e-24
5.701998009850164806e+00 4.178264917325667787e-24
5.741562072717556475e+00 4.070238033792113222e-24
5.781400656036880470e+00 3.965779289246697447e-24
5.821515664604382856e+00 3.864716433398688770e-24
5.861909016432995223e+00 3.766889657286431137e-24
5.902582642844026672e+00 3.671132142588212918e-24
5.943538488559517496e+00 3.577403885006726775e-24
5.984778511795218137e+00 3.486640570553751058e-24
6.026304684354212071e+00 3.398714921846054321e-24
6.068118991721204836e+00 3.313507775832523570e-24
6.110223433157442763e+00 3.230907413150997197e-24
6.152620021796308514e+00 3.150808935163096978e-24
6.195310784739581855e+00 3.073113720984495555e-24
6.238297763154347919e+00 2.997728908443566380e-24
6.281583012370603569e+00 2.924566944658119051e-24
6.325168601979518357e+00 2.853545158893437211e-24
6.369056615932393584e+00 2.784585386563160792e-24
6.413249152640303485e+00 2.717613613178058336e-24
6.457748325074419427e+00 2.652559671461583016e-24
6.502556260867045523e+00 2.589356944247186525e-24
6.547675102413337278e+00 2.527942104993755413e-24
6.593107006973743189e+00 2.468254885374652762e-24
6.638854146777149801e+00 2.410237843389735817e-24
6.684918709124731961e+00 2.352992536101913137e-24
6.731302896494550936e+00 2.297322351131343914e-24
6.778008926646843513e+00 2.243198510012347616e-24
6.825039032730071398e+00 2.190572357797669153e-24
6.872395463387687364e+00 2.139397245159377178e-24
6.920080482865659022e+00 2.089628402155752849e-24
6.968096371120712895e+00 2.041222833436137799e-24
7.016445423929364544e+00 1.994139207159010930e-24
7.065129952997670770e+00 1.948337755835134712e-24
7.114152286071764308e+00 1.903780195458454103e-24
7.163514767049155907e+00 1.860429641106207543e-24
7.213219756090789581e+00 1.818250527584853686e-24
7.263269629733905219e+00 1.777208553523981053e-24
7.313666781005652595e+00 1.737270604961834632e-24
7.364413619537513611e+00 1.698404704406098379e-24
7.415512571680523024e+00 1.660579953818705372e-24
7.466966080621261881e+00 1.623766485381220101e-24
7.518776606498691173e+00 1.587935416880068756e-24
7.570946626521762646e+00 1.553058803510138876e-24
7.623478635087869826e+00 1.519109603594067921e-24
7.676375143902114395e+00 1.486061640692553331e-24
7.729638682097387914e+00 1.453889560944407693e-24
7.783271796355308858e+00 1.422568809509826440e-24
7.837277051027977670e+00 1.392075595981145706e-24
7.891657028260587126e+00 1.362386862091252105e-24
7.946414328114890679e+00 1.333480261519250271e-24
8.001551568693503924e+00 1.305334128188280204e-24
8.057071386265098667e+00 1.277927453850184465e-24
8.112976435390438112e+00 1.251239865926438113e-24
8.169269389049306440e+00 1.225251604654978969e-24
8.225952938768314127e+00 1.199943500900137927e-24
8.283029794749570129e+00 1.175296958836923170e-24
8.340502686000293764e+00 1.151293932954489726e-24
8.398374360463268573e+00 1.127916915304444520e-24
8.456647585148241220e+00 1.105148914581945070e-24
8.515325146264222766e+00 1.082973437470182797e-24
8.574409849352699453e+00 1.061374477112787289e-24
8.633904519421777835e+00 1.040336494345989104e-24
8.693812001081255403e+00 1.019844404334781556e-24
8.754135158678622020e+00 9.998835611858877357e-25
8.814876876436029463e+00 9.804397443654926738e-25
8.876040058588174020e+00 9.614991476469201679e-25
8.937627629521175621e+00 9.430483601802969044e-25
8.999642533912386000e+00 9.250743599969227551e-25
9.062087736871186294e+00 9.075644997365394086e-25
9.124966224080763411e+00 8.905064939409624896e-25
9.188281001940856285e+00 8.738884092729710423e-25
9.252035097711509337e+00 8.576986513008622505e-25
9.316231559657802919e+00 8.419259574277361023e-25
9.380873457195605170e+00 8.265593832267075673e-25
9.445963881038332843e+00 8.115882936395253476e-25
9.511505943344722880e+00 7.970023533872968047e-25
9.577502777867637818e+00 7.827915167879726636e-25
9.643957540103892612e+00 7.689460204032551594e-25
9.710873407445131278e+00 7.554563725363298184e-25
9.778253579329746259e+00 7.423133450347771103e-25
9.846101277395861828e+00 7.295079657207483644e-25
9.914419745635354886e+00 7.170315085591341420e-25
9.983212250548969990e+00 7.048754891485493737e-25
1.005248208130249488e+01 6.933482520721541587e-25
1.012223254988401777e+01 6.822056367232413621e-25
1.019246699126231981e+01 6.713361283126711634e-25
1.026318876354625864e+01 6.607330192570000777e-25
1.033440124814541505e+01 6.503897788547043536e-25
1.040610784993169524e+01 6.403000462245078636e-25
1.047831199740216412e+01 6.304576272191063495e-25
1.055101714284298176e+01 6.208564879350380221e-25
1.062422676249441267e+01 6.114907493345291147e-25
1.069794435671711241e+01 6.023546832526948841e-25
1.077217345015942129e+01 5.934427078094022238e-25
1.084691759192592109e+01 5.847493825383030086e-25
1.092218035574714108e+01 5.762694034271506772e-25
1.099796534015037253e+01 5.679975999176883973e-25
1.107427616863180120e+01 5.599289308440378219e-25
1.115111648982969150e+01 5.520584787006195478e-25
1.122848997769887447e+01 5.443814487507825451e-25
1.130640033168639569e+01 5.368931625474634082e-25
1.138485127690839782e+01 5.295890562079121948e-25
1.146384656432824833e+01 5.224646768207367292e-25
1.154338997093584673e+01 5.155156784029135769e-25
1.162348529992824453e+01 5.087378198975150687e-25
1.170413638089146957e+01 5.021269606316944540e-25
1.178534706998363824e+01 4.956790592013750247e-25
1.186712125011933594e+01 4.893901691684257768e-25
1.194946283115524999e+01 4.832564374869055336e-25
1.203237575007712579e+01 4.772741008042245031e-25
1.211586397118800207e+01 4.714394843739064101e-25
1.219993148629774993e+01 4.657489982176066963e-25
1.228458231491395480e+01 4.601991354590915396e-25
1.236982050443406855e+01 4.547864708058747603e-25
1.245565013033894708e+01 4.495076571144506947e-25
1.254207529638770424e+01 4.443594241045796169e-25
1.262910013481392113e+01 4.393385764484929267e-25
1.271672880652324622e+01 4.344419916369734386e-25
1.280496550129229583e+01 4.296666178319435679e-25
1.289381443796900939e+01 4.250094731338527107e-25
1.298327986467436013e+01 4.204676428459268333e-25
1.307336605900545834e+01 4.160382784586299745e-25
1.316407732824010424e+01 4.117185956329549590e-25
1.325541800954269256e+01 4.075058732796832847e-25
1.334739247017160935e+01 4.033974518166112024e-25
1.344000510768803558e+01 3.993907313400695856e-25
1.353326035016620388e+01 3.954831712105101002e-25
1.362716265640514379e+01 3.916722878271932425e-25
1.372171651614182508e+01 3.879556541675107706e-25
1.381692645026585531e+01 3.843308979971920572e-25
1.391279701103562694e+01 3.807957010754945487e-25
1.400933278229597434e+01 3.773477974164252861e-25
1.410653837969735847e+01 3.739849732612152818e-25
1.420441845091651878e+01 3.707050648690784466e-25
1.430297767587871505e+01 3.675059583185679222e-25
1.440222076698148790e+01 3.643855878461600082e-25
1.450215246931995594e+01 3.613419357167023785e-25
1.460277756091373114e+01 3.583730304433792405e-25
1.470410085293531743e+01 3.554769462327499376e-25
1.480612718994017740e+01 3.526518020909191155e-25
1.490886145009836561e+01 3.498957608602472953e-25
1.501230854542774473e+01 3.472070284892554190e-25
1.511647342202888744e+01 3.445838530282684252e-25
1.522136106032151126e+01 3.420245241622832992e-25
1.532697647528264007e+01 3.395273717551352987e-25
1.543332471668636963e+01 3.370907656795252361e-25
1.554041086934531712e+01 3.347131148901535244e-25
1.564824005335375823e+01 3.323928664303884210e-25
1.575681742433239485e+01 3.301285049174949645e-25
1.586614817367488683e+01 3.279185517854457073e-25
1.597623752879606585e+01 3.257615645734008727e-25
1.608709075338185457e+01 3.236561359857810056e-25
1.619871314764099068e+01 3.216008936197833410e-25
1.631111004855834778e+01 3.195944989027447377e-25
1.642428683015022273e+01 3.176356465993900123e-25
1.653824890372121104e+01 3.157230641647769412e-25
1.665300171812294039e+01 3.138555108538606213e-25
1.676855076001465861e+01 3.120317774100028500e-25
1.688490155412545590e+01 3.102506851834349776e-25
1.700205966351853704e+01 3.085110855833141193e-25
1.712003068985712417e+01 3.068118594065962821e-25
1.723882027367231728e+01 3.051519163562008636e-25
1.735843409463281262e+01 3.035301941979073949e-25
1.747887787181637265e+01 3.019456583979336423e-25
1.760015736398340280e+01 3.003973014326976307e-25
1.772227836985217664e+01 2.988841420945864759e-25
1.784524672837614645e+01 2.974052251250231134e-25
1.796906831902314394e+01 2.959596204638157183e-25
1.809374906205639988e+01 2.945464228308478926e-25
1.821929491881772734e+01 2.931647510479593005e-25
1.834571189201246710e+01 2.918137475957538086e-25
1.847300602599650787e+01 2.904925779612675286e-25
1.860118340706534568e+01 2.892004302498201233e-25
1.873025016374496232e+01 2.879365144677507456e-25
1.886021246708499532e+01 2.867000622598582884e-25
1.899107653095367709e+01 2.854903261941359390e-25
1.912284861233499456e+01 2.843065793000114685e-25
1.925553501162785963e+01 2.831481146804016314e-25
1.938914207294728342e+01 2.820142448711778097e-25
1.952367618442780639e+01 2.809043015156895808e-25
1.965914377852884698e+01 2.798176348122396235e-25
1.979555133234229203e+01 2.787536130496480577e-25
1.993290536790221168e+01 2.777116221719116015e-25
2.007121245249660646e+01 2.766910653644921459e-25
2.021047919898153822e+01 2.756913625886762584e-25
2.035071226609719020e+01 2.747119501094660255e-25
2.049191835878630386e+01 2.737522801892488975e-25
2.063410422851477577e+01 2.728118205423211985e-25
2.077727667359437191e+01 2.718900540403645271e-25
2.092144253950791111e+01 2.709864782504586602e-25
2.106660871923644152e+01 2.701006050831476363e-25
2.121278215358888275e+01 2.692319603880950452e-25
2.135996983153390261e+01 2.683800835853165271e-25
2.150817879053397164e+01 2.675445273072060645e-25
2.165741611688200052e+01 2.667248570645890576e-25
2.180768894604002384e+01 2.659206508200158084e-25
2.195900446298042752e+01 2.651314987743879903e-25
2.211136990252950341e+01 2.643570029072618376e-25
2.226479254971327393e+01 2.635967767057543069e-25
2.241927974010593871e+01 2.628504448587197623e-25
2.257483886018050612e+01 2.621176429476491445e-25
2.273147734766199335e+01 2.613980170646596992e-25
2.288920269188310286e+01 2.606912236394892542e-25
2.304802243414216534e+01 2.599969290608587440e-25
2.320794416806389648e+01 2.593148094094197762e-25
2.336897553996231380e+01 2.586445502090639696e-25
2.353112424920640322e+01 2.579858461336612210e-25
2.369439804858827614e+01 2.573384007690758224e-25
2.385880474469372459e+01 2.567019263038904080e-25
2.402435219827565405e+01 2.560761433609603686e-25
2.419104832462978294e+01 2.554607806713883810e-25
2.435890109397316294e+01 2.548555749089841308e-25
2.452791853182525017e+01 2.542602704299977404e-25
2.469810871939160180e+01 2.536746190244443985e-25
2.486947979395032249e+01 2.530983797407681278e-25
2.504203994924105814e+01 2.525313186521235236e-25
2.521579743585680333e+01 2.519732086518335383e-25
2.539076056163837691e+01 2.514238292489690845e-25
2.556693769207162603e+01 2.508829663787494653e-25
2.574433725068747236e+01 2.503504122193060848e-25
2.592296771946456246e+01 2.498259649882526356e-25
2.610283763923488465e+01 2.493094287746330286e-25
2.628395561009211789e+01 2.488006133676341416e-25
2.646633029180280161e+01 2.482993340729680922e-25
2.664997040422045060e+01 2.478054115735987478e-25
2.683488472770237721e+01 2.473186717231322475e-25
2.702108210352958650e+01 2.468389454434531170e-25
2.720857143432946046e+01 2.463660685412645439e-25
2.739736168450142983e+01 2.458998815708038160e-25
2.758746188064564109e+01 2.454402296823502110e-25
2.777888111199438370e+01 2.449869625001564750e-25
2.797162853084689971e+01 2.445399339666359436e-25
2.816571335300678314e+01 2.440990022341253185e-25
2.836114485822271192e+01 2.436640295193448290e-25
2.855793239063217115e+01 2.432348819925618799e-25
2.875608535920806474e+01 2.428114296518372170e-25
2.895561323820880162e+01 2.423935462060948304e-25
2.915652556763112102e+01 2.419811089707784180e-25
2.935883195366627163e+01 2.415739987518435470e-25
2.956254206915940230e+01 2.411720997405954494e-25
2.976766565407184473e+01 2.407752994122814208e-25
2.997421251594705538e+01 2.403834884239862327e-25
3.018219253037934635e+01 2.399965605246878505e-25
3.039161564148614758e+01 2.396144124531449491e-25
3.060249186238350916e+01 2.392369438592732378e-25
3.081483127566470870e+01 2.388640571915341121e-25
3.102864403388251446e+01 2.384956576447682346e-25
3.124394036003446828e+01 2.381316530525960169e-25
3.146073054805171409e+01 2.377719538172962133e-25
3.167902496329126549e+01 2.374164728308876838e-25
3.189883404303140679e+01 2.370651253893396126e-25
3.212016829697096654e+01 2.367178291446649245e-25
3.234303830773163213e+01 2.363745040063622467e-25
3.256745473136400904e+01 2.360350720888511077e-25
3.279342829785717583e+01 2.356994576387726165e-25
3.302096981165151846e+01 2.353675869779463035e-25
3.325009015215560737e+01 2.350393884265039480e-25
3.348080027426610883e+01 2.347147922576560502e-25
3.371311120889170354e+01 2.343937306305115947e-25
3.394703406348055807e+01 2.340761375358858783e-25
3.418258002255118555e+01 2.337619487383575920e-25
3.441976034822749142e+01 2.334511017274219345e-25
3.465858638077703091e+01 2.331435356621612865e-25
3.489906953915329524e+01 2.328391913220212472e-25
3.514122132154175659e+01 2.325380110580122363e-25
3.538505330590944453e+01 2.322399387484587437e-25
3.563057715055874297e+01 2.319449197484238689e-25
3.587780459468464045e+01 2.316529008490644915e-25
3.612674745893606598e+01 2.313638302354380496e-25
3.637741764598116134e+01 2.310776574409453834e-25
3.662982714107614868e+01 2.307943333115899677e-25
3.688398801263866744e+01 2.305138099649686330e-25
3.713991241282458589e+01 2.302360407519394754e-25
3.739761257810909711e+01 2.299609802233816774e-25
3.765710082987187235e+01 2.296885840896455906e-25
3.791838957498595164e+01 2.294188091913873429e-25
3.818149130641122468e+01 2.291516134638554840e-25
3.844641860379156384e+01 2.288869559029688811e-25
3.871318413405634118e+01 2.286247965396209178e-25
3.898180065202618039e+01 2.283650964033192500e-25
3.925228100102253848e+01 2.281078174974171749e-25
3.952463811348211919e+01 2.278529227690720830e-25
3.979888501157492442e+01 2.276003760810734037e-25
4.007503480782702354e+01 2.273501421868903501e-25
4.035310070574752928e+01 2.271021867038731277e-25
4.063309600045972303e+01 2.268564760892677524e-25
4.091503407933696224e+01 2.266129776144482042e-25
4.119892842264259514e+01 2.263716593436569693e-25
4.148479260417452963e+01 2.261324901093921166e-25
4.177264029191434958e+01 2.258954394915026002e-25
4.206248524868058780e+01 2.256604777959274234e-25
4.235434133278702973e+01 2.254275760336611323e-25
4.264822249870512394e+01 2.251967059013352453e-25
4.294414279773126708e+01 2.249678397614261426e-25
4.324211637865862912e+01 2.247409506231717882e-25
4.354215748845361134e+01 2.245160121257879663e-25
4.384428047293715025e+01 2.242929985193649825e-25
4.414849977747045529e+01 2.240718846487410300e-25
4.445482994764580553e+01 2.238526459368989277e-25
4.476328562998200056e+01 2.236352583686851114e-25
4.507388157262457895e+01 2.234196984753866420e-25
4.538663262605113857e+01 2.232059433199893586e-25
4.570155374378115454e+01 2.229939704824596791e-25
4.601865998309111916e+01 2.227837580453528759e-25
4.633796650573440701e+01 2.225752845813688614e-25
4.665948857866618482e+01 2.223685291379923790e-25
4.698324157477347285e+01 2.221634712269362381e-25
4.730924097361000236e+01 2.219600908102869192e-25
4.763750236213646616e+01 2.217583682889238420e-25
4.796804143546572874e+01 2.215582844911399373e-25
4.830087399761322331e+01 2.213598206607032166e-25
4.863601596225270640e+01 2.211629584463759995e-25
4.897348335347697201e+01 2.209676798912128190e-25
4.931329230656412221e+01 2.207739674226023306e-25
4.965545906874899629e+01 2.205818038414582748e-25
4.999999999999999289e+01 2.203911723135918536e-25
5.034693157380139894e+01 2.202020563593771608e-25
5.069627037794075619e+01 2.200144398456797140e-25
5.104803311530231724e+01 2.198283069761943045e-25
5.140223660466548239e+01 2.196436422835750628e-25
5.175889778150880716e+01 2.194604306209929292e-25
5.211803369882010628e+01 2.192786571536169477e-25
5.247966152791137517e+01 2.190983073520687364e-25
5.284379855924019154e+01 2.189193669835576994e-25
5.321046220323622578e+01 2.187418221056568759e-25
5.357966999113354944e+01 2.185656590585771870e-25
5.395143957580922489e+01 2.183908644589360762e-25
5.432578873262691133e+01 2.182174251923529050e-25
5.470273536028711447e+01 2.180453284080178476e-25
5.508229748168283635e+01 2.178745615114293561e-25
5.546449324476112963e+01 2.177051121593357699e-25
5.584934092339118195e+01 2.175369682532776727e-25
5.623685891823758709e+01 2.173701179339048827e-25
5.662706575764056538e+01 2.172045495761147273e-25
5.701998009850164806e+01 2.170402517829699160e-25
5.741562072717555054e+01 2.168772133810955156e-25
5.781400656036881713e+01 2.167154234154159959e-25
5.821515664604383034e+01 2.165548711444652364e-25
5.861909016432991848e+01 2.163955460355563013e-25
5.902582642844026850e+01 2.162374377604116762e-25
5.943538488559515542e+01 2.160805361907282113e-25
5.984778511795219202e+01 2.159248313936999568e-25
6.026304684354212071e+01 2.157703136282132348e-25
6.068118991721201638e+01 2.156169733406882363e-25
6.110223433157442230e+01 2.154648011612054916e-25
6.152620021796307270e+01 2.153137878996728404e-25
6.195310784739583454e+01 2.151639245423657134e-25
6.238297763154347564e+01 2.150152022483821900e-25
6.281583012370606411e+01 2.148676123460890106e-25
6.325168601979518002e+01 2.147211463298980131e-25
6.369056615932391452e+01 2.145757958571082773e-25
6.413249152640305795e+01 2.144315527448069985e-25
6.457748325074419427e+01 2.142884089667571366e-25
6.502556260867048366e+01 2.141463566506554375e-25
6.547675102413337811e+01 2.140053880752361257e-25
6.593107006973741591e+01 2.138654956674683600e-25
6.638854146777151755e+01 2.137266720001775568e-25
6.684918709124731606e+01 2.135889097891746581e-25
6.731302896494554489e+01 2.134522018910656255e-25
6.778008926646843690e+01 2.133165413006873010e-25
6.825039032730067845e+01 2.131819211489094629e-25
6.872395463387690029e+01 2.130483347003623095e-25
6.920080482865657245e+01 2.129157753512704281e-25
6.968096371120716981e+01 2.127842366273622968e-25
7.016445423929364722e+01 2.126537121818896690e-25
7.065129952997666862e+01 2.125241957936924615e-25
7.114152286071765730e+01 2.123956813652110210e-25
7.163514767049153420e+01 2.122681629208148100e-25
7.213219756090792600e+01 2.121416346049674419e-25
7.263269629733905219e+01 2.120160906805308465e-25
7.313666781005647977e+01 2.118915255271272004e-25
7.364413619537515387e+01 2.117679336396363144e-25
7.415512571680521603e+01 2.116453096265565540e-25
7.466966080621266144e+01 2.115236482086454898e-25
7.518776606498691706e+01 2.114029442174514944e-25
7.570946626521758560e+01 2.112831925939521889e-25
7.623478635087872135e+01 2.111643883872713176e-25
7.676375143902112086e+01 2.110465267534194537e-25
7.729638682097392177e+01 2.109296029540373683e-25
7.783271796355309391e+01 2.108136123552833054e-25
7.837277051027973584e+01 2.106985504267034057e-25
7.891657028260588902e+01 2.105844127401161345e-25
7.946414328114889258e+01 2.104711949686225710e-25
8.001551568693507477e+01 2.103588928856370841e-25
8.057071386265099022e+01 2.102475023638808159e-25
8.112976435390434915e+01 2.101370193745163612e-25
8.169269389049308927e+01 2.100274399862930093e-25
8.225952938768311640e+01 2.099187603646941883e-25
8.283029794749575103e+01 2.098109767711540173e-25
8.340502686000294830e+01 2.097040855623159181e-25
8.398374360463265020e+01 2.095980831892954973e-25
8.456647585148242285e+01 2.094929661970736980e-25
8.515325146264220280e+01 2.093887312237601407e-25
8.574409849352703361e+01 2.092853750000321926e-25
8.633904519421778900e+01 2.091828943485646229e-25
8.693812001081251140e+01 2.090812861834975539e-25
8.754135158678624862e+01 2.089805475098704334e-25
8.814876876436026976e+01 2.088806754232021620e-25
8.876040058588178283e+01 2.087816671090589158e-25
8.937627629521176686e+01 2.086835198425651225e-25
8.999642533912381737e+01 2.085862309880952608e-25
9.062087736871187360e+01 2.084897979988824583e-25
9.124966224080760924e+01 2.083942184166917404e-25
9.188281001940860904e+01 2.082994898715475084e-25
9.252035097711508627e+01 2.082056100814578035e-25
9.316231559657798300e+01 2.081125768521592800e-25
9.380873457195606591e+01 2.080203880769393192e-25
9.445963881038331067e+01 2.079290417364179666e-25
9.511505943344727143e+01 2.078385358984282243e-25
9.577502777867637462e+01 2.077488687178506550e-25
9.643957540103887993e+01 2.076600384365553420e-25
9.710873407445130567e+01 2.075720433832928807e-25
9.778253579329744127e+01 2.074848819736544759e-25
9.846101277395865736e+01 2.073985527100570645e-25
9.914419745635355241e+01 2.073130541817618204e-25
9.983212250548965017e+01 2.072283850648690115e-25
1.005248208130249452e+02 2.071445441223992285e-25
1.012223254988401777e+02 2.070615302043743835e-25
1.019246699126232016e+02 2.069793422479258926e-25
1.026318876354625900e+02 2.068979792774150718e-25
1.033440124814540866e+02 2.068174404046146501e-25
1.040610784993169489e+02 2.067377248288865402e-25
1.047831199740216306e+02 2.066588318373800880e-25
1.055101714284298140e+02 2.065807608053024365e-25
1.062422676249441338e+02 2.065035111961596401e-25
1.069794435671710602e+02 2.064270825620549689e-25
1.077217345015942129e+02 2.063514745440245447e-25
1.084691759192592002e+02 2.062766868723674894e-25
1.092218035574714037e+02 2.062027193670173770e-25
1.099796534015037253e+02 2.061295719379770971e-25
1.107427616863179480e+02 2.060572445857326893e-25
1.115111648982969115e+02 2.059857374017229661e-25
1.122848997769886807e+02 2.059150505688408207e-25
1.130640033168639604e+02 2.058451843619584568e-25
1.138485127690839818e+02 2.057761391484900417e-25
1.146384656432825437e+02 2.057079153890088409e-25
1.154338997093584709e+02 2.056405136378354705e-25
1.162348529992823813e+02 2.055739345437659688e-25
1.170413638089146957e+02 2.055081788507480729e-25
1.178534706998363788e+02 2.054432473986491932e-25
1.186712125011934233e+02 2.053791411240611449e-25
1.194946283115525034e+02 2.053158610611186775e-25
1.203237575007711939e+02 2.052534083424579394e-25
1.211586397118800136e+02 2.051917842000900395e-25
1.219993148629774993e+02 2.051309899664812855e-25
1.228458231491396191e+02 2.050710270755893871e-25
1.236982050443406962e+02 2.050118970640381001e-25
1.245565013033894104e+02 2.049536015723222694e-25
1.254207529638770353e+02 2.048961423460961433e-25
1.262910013481392184e+02 2.048395212376255906e-25
1.271672880652325262e+02 2.047837402072187145e-25
1.280496550129229547e+02 2.047288013249150746e-25
1.289381443796900157e+02 2.046747067721716028e-25
1.298327986467436119e+02 2.046214588437734705e-25
1.307336605900545976e+02 2.045690599498881730e-25
1.316407732824011134e+02 2.045175126182913925e-25
1.325541800954269434e+02 2.044668194968163197e-25
1.334739247017160153e+02 2.044169833560450764e-25
1.344000510768803451e+02 2.043680070922540180e-25
1.353326035016620494e+02 2.043198937307370530e-25
1.362716265640515019e+02 2.042726464294049752e-25
1.372171651614182508e+02 2.042262684829443253e-25
1.381692645026584785e+02 2.041807633273671515e-25
1.391279701103562729e+02 2.041361345452505915e-25
1.400933278229597363e+02 2.040923858716064927e-25
1.410653837969736628e+02 2.040495212006857333e-25
1.420441845091651771e+02 2.040075445937015190e-25
1.430297767587870794e+02 2.039664602878106188e-25
1.440222076698148612e+02 2.039262727065638084e-25
1.450215246931995523e+02 2.038869864720800654e-25
1.460277756091373931e+02 2.038486064194284217e-25
1.470410085293531779e+02 2.038111376136306624e-25
1.480612718994017030e+02 2.037745853699969192e-25
1.490886145009836525e+02 2.037389552783960010e-25
1.501230854542774296e+02 2.037042532327864522e-25
1.511647342202889490e+02 2.036704854670008969e-25
1.522136106032151304e+02 2.036376585987650192e-25
1.532697647528263190e+02 2.036057796840438350e-25
1.543332471668637140e+02 2.035748562847598097e-25
1.554041086934531677e+02 2.035448965540079563e-25
1.564824005335376569e+02 2.035159093440027444e-25
1.575681742433239378e+02 2.034879043443731967e-25
1.586614817367487831e+02 2.034608922610451654e-25
1.597623752879606513e+02 2.034348850500500283e-25
1.608709075338185528e+02 2.034098962268372242e-25
1.619871314764099282e+02 2.033859412805931929e-25
1.631111004855834778e+02 2.033630382365724804e-25
1.642428683015021704e+02 2.033412084311199675e-25
1.653824890372121104e+02 2.033204775967197697e-25
1.665300171812293968e+02 2.033008774088148224e-25
1.676855076001465932e+02 2.032824477346003765e-25
1.688490155412545448e+02 2.032652399750795180e-25
1.700205966351852851e+02 2.032493221563747462e-25
1.712003068985712559e+02 2.032347869054129257e-25
1.723882027367231728e+02 2.032217643499330631e-25
1.735843409463281262e+02 2.032104437662041214e-25
1.747887787181637407e+02 2.032011115040496323e-25
1.760015736398339357e+02 2.031942209014295816e-25
1.772227836985217664e+02 2.031905293295043090e-25
1.784524672837614503e+02 2.031913878859721830e-25
1.796906831902314536e+02 2.031994150218805871e-25
1.809374906205640059e+02 2.032202710998827097e-25
1.821929491881772094e+02 2.032682086256208501e-25
1.834571189201246852e+02 2.033884725300279366e-25
1.847300602599650858e+02 2.037968393616664595e-25
1.860118340706534639e+02 2.073324307882071874e-25
1.873025016374496374e+02 2.177016132675626994e-25
1.886021246708498609e+02 2.040613125864758232e-25
1.899107653095367994e+02 2.034084870443724664e-25
1.912284861233499385e+02 2.032491705198560082e-25
1.925553501162786176e+02 2.031892661635018671e-25
1.938914207294728271e+02 2.031625312581054184e-25
1.952367618442779644e+02 2.031503909644122825e-25
1.965914377852884911e+02 2.031460212019651095e-25
1.979555133234229061e+02 2.031464492786534335e-25
1.993290536790221097e+02 2.031502186442266802e-25
2.007121245249660717e+02 2.031565519560541093e-25
2.021047919898154817e+02 2.031650070413619495e-25
2.035071226609719020e+02 2.031753200775258926e-25
2.049191835878630457e+02 2.031873280805784060e-25
2.063410422851477790e+02 2.032009280071270683e-25
2.077727667359437476e+02 2.032160539800816776e-25
2.092144253950791892e+02 2.032326640195547947e-25
2.106660871923644152e+02 2.032507320078802641e-25
2.121278215358888133e+02 2.032702426596499054e-25
2.135996983153390261e+02 2.032911882803809620e-25
2.150817879053397235e+02 2.033135666240088067e-25
2.165741611688201260e+02 2.033373794445635214e-25
2.180768894604002526e+02 2.033626314972724492e-25
2.195900446298042823e+02 2.033893298374275438e-25
2.211136990252950341e+02 2.034174833201927555e-25
2.226479254971327464e+02 2.034471022387337198e-25
2.241927974010595221e+02 2.034781980591471569e-25
2.257483886018050612e+02 2.035107832239449169e-25
2.273147734766199335e+02 2.035448710050810949e-25
2.288920269188310215e+02 2.035804753929369438e-25
2.304802243414216605e+02 2.036176110120409830e-25
2.320794416806390643e+02 2.036562930565093104e-25
2.336897553996231522e+02 2.036965372405419536e-25
2.353112424920640535e+02 2.037383597603048486e-25
2.369439804858827756e+02 2.037817772645734290e-25
2.385880474469372530e+02 2.038268068321551454e-25
2.402435219827566755e+02 2.038734659546264810e-25
2.419104832462978152e+02 2.039217725233021833e-25
2.435890109397315086e+02 2.039717448194531315e-25
2.452791853182525017e+02 2.040234015072612903e-25
2.469810871939160108e+02 2.040767616288727617e-25
2.486947979395033599e+02 2.041318446012433508e-25
2.504203994924105814e+02 2.041886702143671272e-25
2.521579743585679125e+02 2.042472586307156324e-25
2.539076056163837620e+02 2.043076303856793553e-25
2.556693769207162745e+02 2.043698063887756221e-25
2.574433725068748231e+02 2.044338079256169518e-25
2.592296771946456033e+02 2.044996566604159617e-25
2.610283763923487186e+02 2.045673746390844477e-25
2.628395561009211860e+02 2.046369842926672747e-25
2.646633029180280232e+02 2.047085084412845293e-25
2.664997040422045984e+02 2.047819702983334308e-25
2.683488472770237649e+02 2.048573934750458506e-25
2.702108210352957371e+02 2.049348019853124546e-25
2.720857143432946259e+02 2.050142202507905466e-25
2.739736168450143055e+02 2.050956731061858272e-25
2.758746188064563967e+02 2.051791858048615902e-25
2.777888111199438299e+02 2.052647840245755488e-25
2.797162853084688550e+02 2.053524938734621145e-25
2.816571335300678243e+02 2.054423418962106073e-25
2.836114485822271263e+02 2.055343550804177461e-25
2.855793239063216902e+02 2.056285608631916545e-25
2.875608535920806617e+02 2.057249871379028944e-25
2.895561323820878670e+02 2.058236622611566863e-25
2.915652556763112102e+02 2.059246150599890231e-25
2.935883195366627092e+02 2.060278748392567882e-25
2.956254206915940017e+02 2.061334713893359571e-25
2.976766565407184544e+02 2.062414349939915784e-25
2.997421251594703904e+02 2.063517964386064635e-25
3.018219253037934777e+02 2.064645870187229674e-25
3.039161564148614616e+02 2.065798385489514445e-25
3.060249186238351058e+02 2.066975833723384794e-25
3.081483127566470444e+02 2.068178543702492134e-25
3.102864403388250025e+02 2.069406849729491578e-25
3.124394036003446899e+02 2.070661091708910063e-25
3.146073054805171409e+02 2.071941615271475539e-25
3.167902496329126620e+02 2.073248771910621021e-25
3.189883404303140537e+02 2.074582919136516136e-25
3.212016829697095091e+02 2.075944420653803704e-25
3.234303830773163213e+02 2.077333646569425760e-25
3.256745473136401188e+02 2.078750973645698768e-25
3.279342829785717299e+02 2.080196785613664593e-25
3.302096981165151988e+02 2.081671473575984310e-25
3.325009015215558748e+02 2.083175436540738444e-25
3.348080027426610741e+02 2.084709082151697334e-25
3.371311120889170638e+02 2.086272827723528495e-25
3.394703406348055523e+02 2.087867101758315194e-25
3.418258002255118981e+02 2.089492346250438685e-25
3.441976034822747579e+02 2.091149020322392795e-25
3.465858638077702949e+02 2.092837606200221196e-25
3.489906953915329382e+02 2.094558619488454287e-25
3.514122132154175802e+02 2.096312627770908649e-25
3.538505330590944027e+02 2.098100286386233580e-25
3.563057715055872450e+02 2.099922412433610886e-25
3.587780459468463619e+02 2.101780152392594992e-25
3.612674745893606314e+02 2.103675408903237036e-25
3.637741764598115992e+02 2.105612113983533520e-25
3.662982714107614584e+02 2.107601010265419657e-25
3.688398801263868449e+02 2.109685798588529734e-25
3.713991241282458873e+02 2.112260592382081006e-25
3.739761257810910138e+02 2.164100017502156830e-25
3.765710082987187093e+02 2.116162808865804166e-25
3.791838957498594596e+02 2.117984316778838835e-25
3.818149130641124316e+02 2.120100710384294927e-25
3.844641860379156242e+02 2.122297840920776218e-25
3.871318413405634260e+02 2.124547037817059305e-25
3.898180065202618039e+02 2.126841395381520492e-25
3.925228100102253848e+02 2.129178886312589272e-25
3.952463811348213767e+02 2.131558999330567222e-25
3.979888501157492442e+02 2.133981803053428674e-25
4.007503480782701786e+02 2.136447624028817002e-25
4.035310070574753354e+02 2.138956918387548830e-25
4.063309600045972161e+02 2.141510214762886705e-25
4.091503407933698213e+02 2.144108086675233468e-25
4.119892842264259230e+02 2.146751138256482997e-25
4.148479260417452679e+02 2.149439996473634674e-25
4.177264029191435384e+02 2.152175306716927531e-25
4.206248524868058780e+02 2.154957730220156821e-25
4.235434133278704962e+02 2.157787942523864854e-25
4.264822249870512110e+02 2.160666632554258972e-25
4.294414279773124008e+02 2.163594502079791078e-25
4.324211637865862485e+02 2.166572265403988101e-25
4.354215748845361418e+02 2.169600649213179105e-25
4.384428047293717441e+02 2.172680392525612450e-25
4.414849977747045386e+02 2.175812246710365184e-25
4.445482994764578280e+02 2.178996975555287071e-25
4.476328562998199914e+02 2.182235355369326921e-25
4.507388157262458321e+02 2.185528175110475503e-25
4.538663262605115847e+02 2.188876236533055906e-25
4.570155374378115312e+02 2.192280354350205328e-25
4.601865998309110068e+02 2.195741356407724722e-25
4.633796650573440843e+02 2.199260083868338912e-25
4.665948857866619051e+02 2.202837391404401444e-25
4.698324157477349559e+02 2.206474147398260810e-25
4.730924097361000236e+02 2.210171234149193833e-25
4.763750236213644484e+02 2.213929548088196495e-25
4.796804143546572732e+02 2.217749999998971362e-25
4.830087399761322331e+02 2.221633515246858326e-25
4.863601596225273056e+02 2.225581034016441043e-25
4.897348335347697343e+02 2.229593511558657424e-25
4.931329230656409663e+02 2.233671918451355309e-25
4.965545906874899629e+02 2.237817240875527667e-25
4.999999999999999432e+02 2.242030480914547083e-25
5.034693157380134494e+02 2.246312656885713476e-25
5.069627037794076045e+02 2.250664803720458571e-25
5.104803311530232008e+02 2.255087973419354040e-25
5.140223660466548381e+02 2.259583235630325241e-25
5.175889778150880147e+02 2.264151678432690793e-25
5.211803369882004517e+02 2.268794409488486284e-25
5.247966152791137802e+02 2.273512557874977316e-25
5.284379855924019012e+02 2.278307277262755872e-25
5.321046220323622720e+02 2.283179751936218769e-25
5.357966999113355087e+02 2.288131209339385599e-25
5.395143957580917231e+02 2.293162949253932265e-25
5.432578873262691559e+02 2.298276421552477869e-25
5.470273536028711305e+02 2.303473475026921252e-25
5.508229748168283777e+02 2.308757402597385582e-25
5.546449324476112679e+02 2.314139990617060172e-25
5.584934092339112794e+02 2.319806353740208969e-25
5.623685891823758993e+02 2.325401369570683243e-25
5.662706575764057106e+02 2.330752339961658736e-25
5.701998009850165090e+02 2.336448999354787492e-25
5.741562072717555338e+02 2.342251813492014273e-25
5.781400656036876171e+02 2.348150786604170972e-25
5.821515664604382891e+02 2.354145248212618954e-25
5.861909016432991848e+02 2.360236025714776952e-25
5.902582642844026850e+02 2.366424348295492255e-25
5.943538488559515827e+02 2.372711595433542567e-25
5.984778511795212808e+02 2.379099220801087737e-25
6.026304684354212213e+02 2.385588724721006015e-25
6.068118991721202065e+02 2.392181642905589750e-25
6.110223433157442514e+02 2.398879541468821840e-25
6.152620021796307128e+02 2.405684014627835663e-25
6.195310784739577912e+02 2.412596683657175093e-25
6.238297763154347422e+02 2.419619196471744263e-25
6.281583012370599590e+02 2.426753227542068196e-25
6.325168601979518144e+02 2.434000477997451155e-25
6.369056615932391878e+02 2.441362675838571230e-25
6.413249152640298689e+02 2.448841576218552055e-25
6.457748325074419427e+02 2.456438961769152848e-25
6.502556260867041829e+02 2.464156642956995544e-25
6.547675102413337527e+02 2.471996458463778446e-25
6.593107006973741591e+02 2.479960275583678719e-25
6.638854146777144933e+02 2.488049990638013078e-25
6.684918709124732459e+02 2.496267529404909435e-25
6.731302896494547667e+02 2.504614847566038841e-25
6.778008926646843975e+02 2.513093931173894691e-25
6.825039032730068129e+02 2.521706797146532578e-25
6.872395463387682639e+02 2.530455493801515653e-25
6.920080482865656677e+02 2.539342101454288075e-25
6.968096371120709591e+02 2.548368733125223850e-25
7.016445423929365006e+02 2.557537535448800076e-25
7.065129952997667715e+02 2.566850689984938496e-25
7.114152286071758908e+02 2.576310415398019371e-25
7.163514767049153988e+02 2.585918971697433733e-25
7.213219756090785495e+02 2.595678669983955102e-25
7.263269629733905504e+02 2.605591899368925166e-25
7.313666781005648545e+02 2.615661220452907372e-25
7.364413619537507429e+02 2.625889820963181172e-25
7.415512571680520750e+02 2.636285747554192863e-25
7.466966080621258470e+02 2.647708065432478093e-25
7.518776606498690853e+02 2.657558528581333964e-25
7.570946626521758844e+02 2.668427295835444159e-25
7.623478635087872135e+02 2.679479367027541111e-25
7.676375143902112086e+02 2.690706229244730984e-25
7.729638682097383935e+02 2.702109382280556818e-25
7.783271796355309107e+02 2.713691254588476554e-25
7.837277051027973584e+02 2.725454493953702265e-25
7.891657028260589186e+02 2.737401844797919627e-25
7.946414328114889258e+02 2.749536978268759073e-25
8.001551568693499803e+02 2.761860113223662767e-25
8.057071386265098454e+02 2.774376787543797297e-25
8.112976435390434062e+02 2.787089072196617029e-25
8.169269389049309211e+02 2.799999956957151905e-25
8.225952938768310787e+02 2.813112479773548610e-25
8.283029794749566008e+02 2.826429725460386005e-25
8.340502686000294261e+02 2.839954826088475934e-25
8.398374360463265020e+02 2.853690961585198296e-25
8.456647585148242570e+02 2.867641360407368705e-25
8.515325146264220848e+02 2.881809300255957878e-25
8.574409849352695119e+02 2.896198108825661682e-25
8.633904519421778332e+02 2.910811164590340746e-25
8.693812001081250855e+02 2.925651897633220231e-25
8.754135158678624293e+02 2.940723790543757584e-25
8.814876876436027260e+02 2.956030379429047058e-25
8.876040058588170041e+02 2.971575255150761656e-25
8.937627629521176686e+02 2.987362065064848493e-25
8.999642533912381168e+02 3.003394516032689361e-25
9.062087736871186507e+02 3.019676381192070788e-25
9.124966224080760639e+02 3.036211520314059090e-25
9.188281001940850956e+02 3.053003966399773250e-25
9.252035097711509479e+02 3.070058561130920603e-25
9.316231559657798016e+02 3.087403166363538555e-25
9.380873457195606306e+02 3.104972888559425752e-25
9.445963881038330783e+02 3.122822912797128815e-25
9.511505943344717480e+02 3.140959395534031726e-25
9.577502777867638315e+02 3.159378163589754339e-25
9.643957540103887141e+02 3.178082965745523401e-25
9.710873407445130852e+02 3.197078062399393105e-25
9.778253579329743843e+02 3.216367858067062427e-25
9.846101277395855504e+02 3.235956846163554209e-25
9.914419745635356094e+02 3.255849596623203453e-25
9.983212250548965585e+02 3.276050752846750633e-25
1.005248208130249395e+03 3.296565031322489972e-25
1.012223254988401777e+03 3.317397222178919839e-25
1.019246699126230965e+03 3.338552190119294746e-25
1.026318876354625900e+03 3.360034875540110050e-25
1.033440124814540923e+03 3.381850295753429201e-25
1.040610784993169545e+03 3.404003546282750087e-25
1.047831199740216334e+03 3.426499802223053375e-25
1.055101714284297032e+03 3.449344319670548947e-25
1.062422676249441338e+03 3.472542437249471325e-25
1.069794435671710517e+03 3.496099577806742586e-25
1.077217345015942101e+03 3.520021250468020802e-25
1.084691759192592144e+03 3.544313053645166063e-25
1.092218035574712985e+03 3.568980681142198948e-25
1.099796534015037196e+03 3.594029941485698088e-25
1.107427616863179537e+03 3.619466863594235215e-25
1.115111648982969200e+03 3.645299242944229488e-25
1.122848997769886864e+03 3.671552146117576720e-25
1.130640033168638411e+03 3.698161673905707405e-25
1.138485127690839818e+03 3.725207839376426698e-25
1.146384656432824158e+03 3.752672723598863438e-25
1.154338997093584794e+03 3.780562337727798826e-25
1.162348529992823842e+03 3.808883167152562245e-25
1.170413638089145707e+03 3.837641852486538735e-25
1.178534706998363845e+03 3.866845154025336444e-25
1.186712125011933040e+03 3.896499945941181652e-25
1.194946283115524921e+03 3.926613216162659276e-25
1.203237575007711939e+03 3.957192067784323450e-25
1.211586397118798914e+03 3.988243721009500403e-25
1.219993148629774851e+03 4.019775515334401048e-25
1.228458231491394827e+03 4.051794911877103138e-25
1.236982050443406933e+03 4.084309495823230636e-25
1.245565013033894047e+03 4.117326978997808616e-25
1.254207529638769074e+03 4.150855202619444693e-25
1.262910013481392070e+03 4.184902140416725717e-25
1.271672880652324011e+03 4.219475902731438765e-25
1.280496550129229490e+03 4.254584744310376306e-25
1.289381443796900385e+03 4.290237092582702755e-25
1.298327986467434812e+03 4.326441809003014362e-25
1.307336605900545919e+03 4.363675805979711297e-25
1.316407732824009827e+03 4.400541009154912466e-25
1.325541800954269320e+03 4.438453231722435040e-25
1.334739247017160324e+03 4.476953471295122259e-25
1.344000510768802087e+03 4.516050628265693096e-25
1.353326035016620381e+03 4.555754108456642921e-25
1.362716265640513711e+03 4.596073517727161967e-25
1.372171651614182565e+03 4.637018638639486148e-25
1.381692645026584842e+03 4.678599429236999143e-25
1.391279701103562729e+03 4.720826025598911313e-25
1.400933278229597590e+03 4.763708745397671114e-25
1.410653837969735150e+03 4.807258091851693417e-25
1.420441845091651885e+03 4.851484757908573806e-25
1.430297767587870794e+03 4.896399630632290641e-25
1.440222076698148840e+03 4.942013795836675007e-25
1.450215246931995580e+03 4.988338543165514355e-25
1.460277756091372339e+03 5.035385372434432680e-25
1.470410085293531665e+03 5.083166005689522078e-25
1.480612718994017087e+03 5.131692447381865595e-25
1.490886145009836582e+03 5.180979368650425661e-25
1.501230854542774523e+03 5.231031535739568834e-25
1.511647342202888012e+03 5.281868170724343765e-25
1.522136106032151247e+03 5.333501051942698373e-25
1.532697647528263133e+03 5.385942773995058820e-25
1.543332471668637027e+03 5.439206646723729877e-25
1.554041086934531677e+03 5.493306266469310939e-25
1.564824005335374977e+03 5.548255498419742845e-25
1.575681742433239378e+03 5.604068479398230587e-25
1.586614817367487831e+03 5.660759623708410092e-25
1.597623752879606627e+03 5.718343629820190907e-25
1.608709075338185585e+03 5.776835487466159582e-25
1.619871314764097406e+03 5.836250485068515520e-25
1.631111004855834835e+03 5.896604217571863714e-25
1.642428683015021534e+03 5.957912595096948850e-25
1.653824890372120990e+03 6.020191854698643166e-25
1.665300171812294138e+03 6.083458596560881368e-25
1.676855076001464113e+03 6.147730886166742075e-25
1.688490155412545391e+03 6.213022484480534490e-25
1.700205966351852794e+03 6.279353894760359761e-25
1.712003068985712616e+03 6.346742771297779986e-25
1.723882027367231785e+03 6.415207169448876993e-25
1.735843409463279386e+03 6.484765799291247835e-25
1.747887787181637350e+03 6.555437782568784585e-25
1.760015736398339186e+03 6.627242649756430038e-25
1.772227836985217436e+03 6.700200348686740458e-25
1.784524672837614617e+03 6.774331255031874310e-25
1.796906831902312661e+03 6.849656183434120516e-25
1.809374906205639945e+03 6.926196399088080112e-25
1.821929491881772037e+03 7.003973629882068219e-25
1.834571189201246852e+03 7.083010079962417940e-25
1.847300602599651029e+03 7.163328451718367335e-25
1.860118340706532763e+03 7.244952153097710098e-25
1.873025016374496317e+03 7.327904633590766804e-25
1.886021246708498438e+03 7.412209333233475433e-25
1.899107653095367823e+03 7.497892307845003651e-25
1.912284861233499214e+03 7.584978393027842878e-25
1.925553501162784187e+03 7.673493449658755372e-25
1.938914207294728385e+03 7.763463933123844138e-25
1.952367618442779758e+03 7.854916894190699937e-25
1.965914377852884854e+03 7.947879991203499473e-25
1.979555133234229061e+03 8.042381503620139761e-25
1.993290536790218994e+03 8.138450345796898549e-25
2.007121245249660660e+03 8.236116080906127638e-25
2.021047919898152713e+03 8.335408935699343372e-25
2.035071226609719133e+03 8.436359823990934110e-25
2.049191835878630627e+03 8.539000774089212935e-25
2.063410422851475687e+03 8.643362741126913620e-25
2.077727667359437419e+03 8.749479846541083616e-25
2.092144253950789789e+03 8.857385662783846276e-25
2.106660871923644208e+03 8.967114532340539932e-25
2.121278215358888247e+03 9.078701630820534776e-25
2.135996983153388101e+03 9.192182882407221097e-25
2.150817879053397064e+03 9.307594958790693477e-25
2.165741611688199100e+03 9.424975279686048285e-25
2.180768894604002526e+03 9.544362011065388751e-25
2.195900446298042880e+03 9.665794060371582978e-25
2.211136990252948181e+03 9.789311069425832458e-25
2.226479254971327464e+03 9.914953424282891809e-25
2.241927974010592607e+03 1.004277019157798615e-24
2.257483886018050725e+03 1.017277885036753690e-24
2.273147734766199392e+03 1.030504605809083556e-24
2.288920269188307884e+03 1.043960671377077474e-24
2.304802243414216719e+03 1.057650431241742738e-24
2.320794416806388199e+03 1.071578284815165359e-24
2.336897553996231636e+03 1.085748672430391892e-24
2.353112424920640478e+03 1.100166066055637353e-24
2.369439804858825028e+03 1.114834958360278671e-24
2.385880474469372530e+03 1.129759849805165410e-24
2.402435219827564197e+03 1.144945233717187084e-24
2.419104832462978266e+03 1.160395588095124822e-24
2.435890109397314973e+03 1.176115306053751114e-24
2.452791853182522573e+03 1.192108744973453397e-24
2.469810871939159824e+03 1.208380170163521007e-24
2.486947979395030870e+03 1.224933687348333537e-24
2.504203994924105700e+03 1.241773237615634188e-24
2.521579743585678898e+03 1.258902543905877055e-24
2.539076056163837620e+03 1.276325057987739584e-24
2.556693769207162859e+03 1.294043899337236225e-24
2.574433725068745844e+03 1.312061784466229948e-24
2.592296771946456374e+03 1.330380945720746343e-24
2.610283763923487186e+03 1.349003102315877406e-24
2.628395561009212088e+03 1.367929010959092892e-24
2.646633029180280118e+03 1.387159023585026406e-24
2.664997040422043483e+03 1.406692264534145519e-24
2.683488472770237877e+03 1.426526790609356530e-24
2.702108210352957030e+03 1.446659338476791534e-24
2.720857143432946032e+03 1.467085099935107539e-24
2.739736168450142941e+03 1.487797465239722673e-24
2.758746188064561011e+03 1.508787728111588467e-24
2.777888111199438299e+03 1.530044747373205430e-24
2.797162853084688322e+03 1.551554646806193772e-24
2.816571335300678584e+03 1.573299913677363008e-24
2.836114485822271490e+03 1.595259805066821546e-24
2.855793239063214060e+03 1.617408852705587053e-24
2.875608535920806389e+03 1.639716648022317904e-24
2.895561323820878897e+03 1.662147002890160103e-24
2.915652556763111988e+03 1.684657093975029797e-24
2.935883195366627206e+03 1.707196498866336214e-24
2.956254206915937175e+03 1.729706114202233180e-24
2.976766565407184771e+03 1.752116954361611642e-24
2.997421251594703790e+03 1.774348779551669705e-24
3.018219253037934777e+03 1.796308680329185774e-24
3.039161564148614616e+03 1.817889449273503667e-24
3.060249186238348102e+03 1.838967858089195008e-24
3.081483127566470557e+03 1.859402871426070317e-24
3.102864403388249684e+03 1.879033788105349574e-24
3.124394036003446672e+03 1.897678393843474909e-24
3.146073054805171523e+03 1.915131205131398906e-24
3.167902496329123551e+03 1.931161952437087730e-24
3.189883404303140651e+03 1.945514193585357647e-24
3.212016829697095091e+03 1.957905030541281632e-24
3.234303830773163099e+03 1.968024850963634618e-24
3.256745473136400960e+03 1.975538655440702711e-24
3.279342829785714002e+03 1.980088517360414948e-24
3.302096981165152101e+03 1.981297724331746500e-24
3.325009015215558520e+03 1.978776874218736744e-24
3.348080027426610741e+03 1.972132176690158324e-24
3.371311120889170525e+03 1.960976054922228104e-24
3.394703406348052340e+03 1.944940149713531385e-24
3.418258002255118754e+03 1.923690298580253531e-24
3.441976034822747806e+03 1.896943071918544295e-24
3.465858638077703290e+03 1.864483043802822934e-24
3.489906953915329723e+03 1.826179654711067704e-24
3.514122132154172050e+03 1.782002400881814860e-24
3.538505330590944141e+03 1.732033028776114390e-24
3.563057715055871995e+03 1.676473362715821564e-24
3.587780459468463505e+03 1.615648441352029117e-24
3.612674745893606541e+03 1.550003791150558813e-24
3.637741764598112240e+03 1.480098054729801284e-24
3.662982714107614811e+03 1.406591578758459012e-24
3.688398801263864698e+03 1.330232832861487947e-24
3.713991241282458759e+03 1.251844874774282212e-24
3.739761257810910138e+03 1.172314367561267067e-24
3.765710082987183341e+03 1.092585697802383312e-24
3.791838957498594937e+03 1.013662802070453525e-24
3.818149130641120337e+03 9.366201956110221598e-25
3.844641860379156242e+03 8.626244204333188741e-25
3.871318413405634146e+03 7.929638058903256715e-25
3.898180065202614060e+03 7.290794192510203640e-25
3.925228100102254302e+03 6.725798024264694859e-25
3.952463811348209674e+03 6.252067963533512779e-25
3.979888501157492556e+03 5.887072631534174919e-25
4.007503480782701899e+03 5.645772777326174884e-25
4.035310070574748806e+03 5.537155693734932164e-25
4.063309600045972275e+03 5.561307812311776475e-25
4.091503407933694234e+03 5.708859069244640128e-25
4.119892842264259343e+03 5.963345922956162291e-25
4.148479260417452679e+03 6.305124004310858596e-25
4.177264029191431291e+03 6.714878019055805054e-25
4.206248524868058666e+03 7.175708888262373974e-25
4.235434133278700756e+03 7.673866909938478083e-25
4.264822249870511769e+03 8.198653690657944916e-25
4.294414279773124690e+03 8.741967749056852475e-25
4.324211637865858393e+03 9.297774212615864300e-25
4.354215748845361304e+03 9.861627907696405718e-25
4.384428047293712552e+03 1.043028164758513543e-24
4.414849977747045159e+03 1.100138543090308603e-24
4.445482994764578507e+03 1.157325853049803041e-24
4.476328562998200141e+03 1.214472207606474475e-24
4.507388157262457753e+03 1.271496022602074373e-24
4.538663262605111413e+03 1.328345127154143376e-24
4.570155374378115084e+03 1.384987244705458562e-24
4.601865998309110182e+03 1.441405991036620544e-24
4.633796650573441184e+03 1.497596665017933969e-24
4.665948857866618710e+03 1.553563256805302589e-24
4.698324157477344670e+03 1.609316138769799984e-24
4.730924097361000349e+03 1.664870383508547581e-24
4.763750236213644712e+03 1.720244366547524597e-24
4.796804143546572959e+03 1.775458768088587509e-24
4.830087399761322558e+03 1.830535772638534473e-24
4.863601596225267713e+03 1.885498452213071269e-24
4.897348335347696775e+03 1.940370290511346953e-24
4.931329230656409891e+03 1.995174809347152672e-24
4.965545906874899629e+03 2.049935276665533650e-24
5.000000000000000000e+03 2.104674478248847370e-24
