5.000000000000000000e+00 7.298145055471230344e-24
5.034693157380139006e+00 7.060414331284339531e-24
5.069627037794075974e+00 6.834493117942676199e-24
5.104803311530234922e+00 6.619538314860018504e-24
5.140223660466546995e+00 6.414777002606283670e-24
5.175889778150882137e+00 6.219500653023832052e-24
5.211803369882009207e+00 6.033059779140446840e-24
5.247966152791137873e+00 5.854858965883985684e-24
5.284379855924021818e+00 5.684352302173653703e-24
5.321046220323622400e+00 5.521039143925809379e-24
5.357966999113356721e+00 5.364460218729408825e-24
5.395143957580921246e+00 5.214194046402464466e-24
5.432578873262690955e+00 5.069853650359959497e-24
5.470273536028714467e+00 4.931083522665293703e-24
5.508229748168283813e+00 4.797556868381925936e-24
5.546449324476114384e+00 4.668973060033480031e-24
5.584934092339116418e+00 4.545055333813381398e-24
5.623685891823758887e+00 4.425548653961057073e-24
5.662706575764059558e+00 4.310217794579382192e-24
5.701998009850164806e+00 4.198845574984879933e-24
5.741562072717556475e+00 4.091231252318278452e-24
5.781400656036880470e+00 3.987189059213875732e-24
5.821515664604382856e+00 3.886546880787647067e-24
5.861909016432995223e+00 3.789145039004982820e-24
5.902582642844026672e+00 3.693823095639075767e-24
5.943538488559517496e+00 3.600541391678815919e-24
5.984778511795218137e+00 3.510229419000091420e-24
6.026304684354212071e+00 3.422759994603141350e-24
6.068118991721204836e+00 3.338014044631334862e-24
6.110223433157442763e+00 3.255879933528381285e-24
6.152620021796308514e+00 3.176252840997912125e-24
6.195310784739581855e+00 3.099034218795679346e-24
6.238297763154347919e+00 3.024131271670122904e-24
6.281583012370603569e+00 2.951456507747156310e-24
6.325168601979518357e+00 2.880927311368382746e-24
6.369056615932393584e+00 2.812465566970497693e-24
6.413249152640303485e+00 2.745997303058818255e-24
6.457748325074419427e+00 2.681452389142929778e-24
6.502556260867045523e+00 2.618764238681070564e-24
6.547675102413337278e+00 2.557869549535346543e-24
6.593107006973743189e+00 2.498708071454472616e-24
6.638854146777149801e+00 2.441222374328098940e-24
6.684918709124731961e+00 2.384525173039252278e-24
6.731302896494550936e+00 2.329409456504167951e-24
6.778008926646843513e+00 2.275846162189607799e-24
6.825039032730071398e+00 2.223786623678306809e-24
6.872395463387687364e+00 2.173184173260180360e-24
6.920080482865659022e+00 2.123994015676947288e-24
6.968096371120712895e+00 2.076173123129655693e-24
7.016445423929364544e+00 2.029680124241754361e-24
7.065129952997670770e+00 1.984475204914838149e-24
7.114152286071764308e+00 1.940520027290618456e-24
7.163514767049155907e+00 1.897777645362742133e-24
7.213219756090789581e+00 1.856212425680120553e-24
7.263269629733905219e+00 1.815789991149950687e-24
7.313666781005652595e+00 1.776477144843748656e-24
7.364413619537513611e+00 1.738241818871535721e-24
7.415512571680523024e+00 1.701053017393961425e-24
7.466966080621261881e+00 1.664880767338796332e-24
7.518776606498691173e+00 1.629696073709838014e-24
7.570946626521762646e+00 1.595470871488950832e-24
7.623478635087869826e+00 1.562177991184450662e-24
7.676375143902114395e+00 1.529791120919913694e-24
7.729638682097387914e+00 1.498284763972192381e-24
7.783271796355308858e+00 1.467634214947202704e-24
7.837277051027977670e+00 1.437815525284734427e-24
7.891657028260587126e+00 1.408805471075735722e-24
7.946414328114890679e+00 1.380581532651033303e-24
8.001551568693503924e+00 1.353121863080120549e-24
8.057071386265098667e+00 1.326405265718140380e-24
8.112976435390438112e+00 1.300411172042234429e-24
8.169269389049306440e+00 1.275119618868448755e-24
8.225952938768314127e+00 1.250511226264965124e-24
8.283029794749570129e+00 1.226567180198445600e-24
8.340502686000293764e+00 1.203269209774493326e-24
8.398374360463268573e+00 1.180599574348858756e-24
8.456647585148241220e+00 1.158541042850157726e-24
8.515325146264222766e+00 1.137076875336173333e-24
8.574409849352699453e+00 1.116190811393447690e-24
8.633904519421777835e+00 1.095867051669091284e-24
8.693812001081255403e+00 1.076090244601256324e-24
8.754135158678622020e+00 1.056845471267286388e-24
8.814876876436029463e+00 1.038118231992306804e-24
8.876040058588174020e+00 1.019894435386044911e-24
8.937627629521175621e+00 1.002160379987677894e-24
8.999642533912386000e+00 9.849027476975106884e-25
9.062087736871186294e+00 9.681085898999946276e-25
9.124966224080763411e+00 9.517653151195883248e-25
9.188281001940856285e+00 9.358606794634295091e-25
9.252035097711509337e+00 9.203827738901471313e-25
9.316231559657802919e+00 9.053200172618029871e-25
9.380873457195605170e+00 8.906611432780861329e-25
9.445963881038332843e+00 8.763951919952421837e-25
9.511505943344722880e+00 8.625115006445681390e-25
9.577502777867637818e+00 8.489996939433315033e-25
9.643957540103892612e+00 8.358496770580568601e-25
9.710873407445131278e+00 8.230516256942885867e-25
9.778253579329746259e+00 8.105959783556865174e-25
9.846101277395861828e+00 7.984734292081322016e-25
9.914419745635354886e+00 7.866749189077461523e-25
9.983212250548969990e+00 7.751916303256909324e-25
1.005248208130249488e+01 7.643021737322132474e-25
1.012223254988401777e+01 7.537824396027394777e-25
1.019246699126231981e+01 7.435301236966279619e-25
1.026318876354625864e+01 7.335382393949394065e-25
1.033440124814541505e+01 7.237999793118968783e-25
1.040610784993169524e+01 7.143087088096493083e-25
1.047831199740216412e+01 7.050579631081163167e-25
1.055101714284298176e+01 6.960414413475583488e-25
1.062422676249441267e+01 6.872530016750445434e-25
1.069794435671711241e+01 6.786866575811403011e-25
1.077217345015942129e+01 6.703365737123238214e-25
1.084691759192592109e+01 6.621970614448891416e-25
1.092218035574714108e+01 6.542625743963096630e-25
1.099796534015037253e+01 6.465277056754873265e-25
1.107427616863180120e+01 6.389871841940889927e-25
1.115111648982969150e+01 6.316358695238555437e-25
1.122848997769887447e+01 6.244687510028902415e-25
1.130640033168639569e+01 6.174809419470281744e-25
1.138485127690839782e+01 6.106676780240343564e-25
1.146384656432824833e+01 6.040243139881454403e-25
1.154338997093584673e+01 5.975463200279295333e-25
1.162348529992824453e+01 5.912292798781525287e-25
1.170413638089146957e+01 5.850688867328700400e-25
1.178534706998363824e+01 5.790609421073285560e-25
1.186712125011933594e+01 5.732013519484866105e-25
1.194946283115524999e+01 5.674861250827626451e-25
1.203237575007712579e+01 5.619113698362321623e-25
1.211586397118800207e+01 5.564732928735453947e-25
1.219993148629774993e+01 5.511681956849264377e-25
1.228458231491395480e+01 5.459924729130645898e-25
1.236982050443406855e+01 5.409426107857834696e-25
1.245565013033894708e+01 5.360151839223712709e-25
1.254207529638770424e+01 5.312068539436821196e-25
1.262910013481392113e+01 5.265143675402691485e-25
1.271672880652324622e+01 5.219345543434133419e-25
1.280496550129229583e+01 5.174643247773238082e-25
1.289381443796900939e+01 5.131006690767195698e-25
1.298327986467436013e+01 5.088406546266683068e-25
1.307336605900545834e+01 5.046814247232677139e-25
1.316407732824010424e+01 5.006201964943094104e-25
1.325541800954269256e+01 4.966542597155552109e-25
1.334739247017160935e+01 4.927809749390011437e-25
1.344000510768803558e+01 4.889977715467937476e-25
1.353326035016620388e+01 4.853021469551777669e-25
1.362716265640514379e+01 4.816916643293334808e-25
1.372171651614182508e+01 4.781639517344167748e-25
1.381692645026585531e+01 4.747167001972347108e-25
1.391279701103562694e+01 4.713476625738678496e-25
1.400933278229597434e+01 4.680546516491984837e-25
1.410653837969735847e+01 4.648355396169945371e-25
1.420441845091651878e+01 4.616882557961593236e-25
1.430297767587871505e+01 4.586107859687830362e-25
1.440222076698148790e+01 4.556011705405164032e-25
1.450215246931995594e+01 4.526575039310688784e-25
1.460277756091373114e+01 4.497779326438638884e-25
1.470410085293531743e+01 4.469606543202969649e-25
1.480612718994017740e+01 4.442039165252091043e-25
1.490886145009836561e+01 4.415060154815900664e-25
1.501230854542774473e+01 4.388652949955373630e-25
1.511647342202888744e+01 4.362801451693056649e-25
1.522136106032151126e+01 4.337490015457120352e-25
1.532697647528264007e+01 4.312703434784948459e-25
1.543332471668636963e+01 4.288426935259703738e-25
1.554041086934531712e+01 4.264646162541984517e-25
1.564824005335375823e+01 4.241347169979177504e-25
1.575681742433239485e+01 4.218516410067485995e-25
1.586614817367488683e+01 4.196140724099044399e-25
1.597623752879606585e+01 4.174207332266603115e-25
1.608709075338185457e+01 4.152703822090197984e-25
1.619871314764099068e+01 4.131618142158573625e-25
1.631111004855834778e+01 4.110938589810088504e-25
1.642428683015022273e+01 4.090653803370776960e-25
1.653824890372121104e+01 4.070752753296560302e-25
1.665300171812294039e+01 4.051224731541931714e-25
1.676855076001465861e+01 4.032059345534656905e-25
1.688490155412545590e+01 4.013246507840781860e-25
1.700205966351853704e+01 3.994776428532484134e-25
1.712003068985712417e+01 3.976639606715841046e-25
1.723882027367231728e+01 3.958826823633846161e-25
1.735843409463281262e+01 3.941329133094887304e-25
1.747887787181637265e+01 3.924137855722134526e-25
1.760015736398340280e+01 3.907244570784291963e-25
1.772227836985217664e+01 3.890641108109596729e-25
1.784524672837614645e+01 3.874319542624468034e-25
1.796906831902314394e+01 3.858272186047927411e-25
1.809374906205639988e+01 3.842491581244425588e-25
1.821929491881772734e+01 3.826970494684351214e-25
1.834571189201246710e+01 3.811701910807333402e-25
1.847300602599650787e+01 3.796679024880388516e-25
1.860118340706534568e+01 3.781895237975067240e-25
1.873025016374496232e+01 3.767344149518644426e-25
1.886021246708499532e+01 3.753019553414193822e-25
1.899107653095367709e+01 3.738915430786164271e-25
1.912284861233499456e+01 3.725025944750774784e-25
1.925553501162785963e+01 3.711345435831232545e-25
1.938914207294728342e+01 3.697868415524750993e-25
1.952367618442780639e+01 3.684589562351402453e-25
1.965914377852884698e+01 3.671503716244708215e-25
1.979555133234229203e+01 3.658605873686561761e-25
1.993290536790221168e+01 3.645891183132978454e-25
2.007121245249660646e+01 3.633354940670839530e-25
2.021047919898153822e+01 3.620992585342901011e-25
2.035071226609719020e+01 3.608799694485244952e-25
2.049191835878630386e+01 3.596771980385610737e-25
2.063410422851477577e+01 3.584905285177333682e-25
2.077727667359437191e+01 3.573195577697600370e-25
2.092144253950791111e+01 3.561638949122457002e-25
2.106660871923644152e+01 3.550231609488659836e-25
2.121278215358888275e+01 3.538969883863606472e-25
2.135996983153390261e+01 3.527850208830787750e-25
2.150817879053397164e+01 3.516869129099933412e-25
2.165741611688200052e+01 3.506023294340554039e-25
2.180768894604002384e+01 3.495309455348375258e-25
2.195900446298042752e+01 3.484724461871431749e-25
2.211136990252950341e+01 3.474265258596986013e-25
2.226479254971327393e+01 3.463928882606309890e-25
2.241927974010593871e+01 3.453712460596587334e-25
2.257483886018050612e+01 3.443613206107588955e-25
2.273147734766199335e+01 3.433628416221383012e-25
2.288920269188310286e+01 3.423755469879319535e-25
2.304802243414216534e+01 3.413991824659034663e-25
2.320794416806389648e+01 3.404335014424282491e-25
2.336897553996231380e+01 3.394782647137080188e-25
2.353112424920640322e+01 3.385332402351451644e-25
2.369439804858827614e+01 3.375982029148042114e-25
2.385880474469372459e+01 3.366729343544050951e-25
2.402435219827565405e+01 3.357572226994052488e-25
2.419104832462978294e+01 3.348508623706097238e-25
2.435890109397316294e+01 3.339536539196821786e-25
2.452791853182525017e+01 3.330654038138873431e-25
2.469810871939160180e+01 3.321859242309964123e-25
2.486947979395032249e+01 3.313150329114450300e-25
2.504203994924105814e+01 3.304525529671267347e-25
2.521579743585680333e+01 3.295983127135655189e-25
2.539076056163837691e+01 3.287521455032145675e-25
2.556693769207162603e+01 3.279138895710527324e-25
2.574433725068747236e+01 3.270833878859569558e-25
2.592296771946456246e+01 3.262604879874593031e-25
2.610283763923488465e+01 3.254450418503451211e-25
2.628395561009211789e+01 3.246369057475129786e-25
2.646633029180280161e+01 3.238359401040530687e-25
2.664997040422045060e+01 3.230420093859306946e-25
2.683488472770237721e+01 3.222549819376171173e-25
2.702108210352958650e+01 3.214747299001871708e-25
2.720857143432946046e+01 3.207011290677223870e-25
2.739736168450142983e+01 3.199340587795770307e-25
2.758746188064564109e+01 3.191734018021488980e-25
2.777888111199438370e+01 3.184190442336438863e-25
2.797162853084689971e+01 3.176708753832450934e-25
2.816571335300678314e+01 3.169287876871855056e-25
2.836114485822271192e+01 3.161926765964142218e-25
2.855793239063217115e+01 3.154624404912299871e-25
2.875608535920806474e+01 3.147379805846726392e-25
2.895561323820880162e+01 3.140192008329143470e-25
2.915652556763112102e+01 3.133060078555624255e-25
2.935883195366627163e+01 3.125983108471332692e-25
2.956254206915940230e+01 3.118960214970452684e-25
2.976766565407184473e+01 3.111990539126490457e-25
2.997421251594705538e+01 3.105073245418369487e-25
3.018219253037934635e+01 3.098207521051650017e-25
3.039161564148614758e+01 3.091392575186482729e-25
3.060249186238350916e+01 3.084627638348219552e-25
3.081483127566470870e+01 3.077911961575227094e-25
3.102864403388251446e+01 3.071244816035855938e-25
3.124394036003446828e+01 3.064625492216043185e-25
3.146073054805171409e+01 3.058053299397887032e-25
3.167902496329126549e+01 3.051527565070287886e-25
3.189883404303140679e+01 3.045047634286186216e-25
3.212016829697096654e+01 3.038612869314662145e-25
3.234303830773163213e+01 3.032222648898937237e-25
3.256745473136400904e+01 3.025876367872227082e-25
3.279342829785717583e+01 3.019573436616786139e-25
3.302096981165151846e+01 3.013313280644870633e-25
3.325009015215560737e+01 3.007095340024746961e-25
3.348080027426610883e+01 3.000919069053408805e-25
3.371311120889170354e+01 2.994783935757660144e-25
3.394703406348055807e+01 2.988689421496327957e-25
3.418258002255118555e+01 2.982635020532767997e-25
3.441976034822749142e+01 2.976620239678210155e-25
3.465858638077703091e+01 2.970644597883937229e-25
3.489906953915329524e+01 2.964707625880843916e-25
3.514122132154175659e+01 2.958808865821887250e-25
3.538505330590944453e+01 2.952947870959801404e-25
3.563057715055874297e+01 2.947124205274617508e-25
3.587780459468464045e+01 2.941337443178710999e-25
3.612674745893606598e+01 2.935587169209232603e-25
3.637741764598116134e+01 2.929872977693469890e-25
3.662982714107614868e+01 2.924194472491022329e-25
3.688398801263866744e+01 2.918551266693942329e-25
3.713991241282458589e+01 2.912942982347414355e-25
3.739761257810909711e+01 2.907369250210121688e-25
3.765710082987187235e+01 2.901829709456304977e-25
3.791838957498595164e+01 2.896324007467263067e-25
3.818149130641122468e+01 2.890851799570550746e-25
3.844641860379156384e+01 2.885412748792746574e-25
3.871318413405634118e+01 2.880006525676899065e-25
3.898180065202618039e+01 2.874632808014888667e-25
3.925228100102253848e+01 2.869291280671179830e-25
3.952463811348211919e+01 2.863981635364215794e-25
3.979888501157492442e+01 2.858703570462116292e-25
4.007503480782702354e+01 2.853456790803446802e-25
4.035310070574752928e+01 2.848241007502802806e-25
4.063309600045972303e+01 2.843055937778279817e-25
4.091503407933696224e+01 2.837901304764214833e-25
4.119892842264259514e+01 2.832776837359407979e-25
4.148479260417452963e+01 2.827682270048075431e-25
4.177264029191434958e+01 2.822617342749931178e-25
4.206248524868058780e+01 2.817581800666959505e-25
4.235434133278702973e+01 2.812575394131521829e-25
4.264822249870512394e+01 2.807597878466938943e-25
4.294414279773126708e+01 2.802649013844634469e-25
4.324211637865862912e+01 2.797728565146492737e-25
4.354215748845361134e+01 2.792836301845253612e-25
4.384428047293715025e+01 2.787971997865846403e-25
4.414849977747045529e+01 2.783135431470218970e-25
4.445482994764580553e+01 2.778326385137923567e-25
4.476328562998200056e+01 2.773544645448894344e-25
4.507388157262457895e+01 2.768790002972735062e-25
4.538663262605113857e+01 2.764062252163104138e-25
4.570155374378115454e+01 2.759361191251924753e-25
4.601865998309111916e+01 2.754686622145846289e-25
4.633796650573440701e+01 2.750038350338082262e-25
4.665948857866618482e+01 2.745416184796325094e-25
4.698324157477347285e+01 2.740819937889149144e-25
4.730924097361000236e+01 2.736249425285411818e-25
4.763750236213646616e+01 2.731704465871716407e-25
4.796804143546572874e+01 2.727184881671195997e-25
4.830087399761322331e+01 2.722690497757444318e-25
4.863601596225270640e+01 2.718221142179965525e-25
4.897348335347697201e+01 2.713776645887537941e-25
4.931329230656412221e+01 2.709356842657328068e-25
4.965545906874899629e+01 2.704961569016793226e-25
4.999999999999999289e+01 2.700590664183068285e-25
5.034693157380139894e+01 2.696243969988170710e-25
5.069627037794075619e+01 2.691921330822394991e-25
5.104803311530231724e+01 2.687622593564471295e-25
5.140223660466548239e+01 2.683347607526100037e-25
5.175889778150880716e+01 2.679096224391577390e-25
5.211803369882010628e+01 2.674868298156536415e-25
5.247966152791137517e+01 2.670663685082620736e-25
5.284379855924019154e+01 2.666482243632931991e-25
5.321046220323622578e+01 2.662323834428900211e-25
5.357966999113354944e+01 2.658188320194613597e-25
5.395143957580922489e+01 2.654075565713223299e-25
5.432578873262691133e+01 2.649985437773487802e-25
5.470273536028711447e+01 2.645917805132355480e-25
5.508229748168283635e+01 2.641872538462278104e-25
5.546449324476112963e+01 2.637849510316491063e-25
5.584934092339118195e+01 2.633848595082577198e-25
5.623685891823758709e+01 2.629869668942238269e-25
5.662706575764056538e+01 2.625912609837669383e-25
5.701998009850164806e+01 2.621977297427696526e-25
5.741562072717555054e+01 2.618063613055964749e-25
5.781400656036881713e+01 2.614171439713503722e-25
5.821515664604383034e+01 2.610300662005897462e-25
5.861909016432991848e+01 2.606451166119122447e-25
5.902582642844026850e+01 2.602622839789069715e-25
5.943538488559515542e+01 2.598815572270379561e-25
5.984778511795219202e+01 2.595029254304780800e-25
6.026304684354212071e+01 2.591263778094885503e-25
6.068118991721201638e+01 2.587519037274917351e-25
6.110223433157442230e+01 2.583794926883676644e-25
6.152620021796307270e+01 2.580091343337720662e-25
6.195310784739583454e+01 2.576408184407531436e-25
6.238297763154347564e+01 2.572745349192863428e-25
6.281583012370606411e+01 2.569102738097894219e-25
6.325168601979518002e+01 2.565480252809030631e-25
6.369056615932391452e+01 2.561877796273149220e-25
6.413249152640305795e+01 2.558295272676227994e-25
6.457748325074419427e+01 2.554732587421768287e-25
6.502556260867048366e+01 2.551189647112218273e-25
6.547675102413337811e+01 2.547666359529003796e-25
6.593107006973741591e+01 2.544162633613259450e-25
6.638854146777151755e+01 2.540678379450021389e-25
6.684918709124731606e+01 2.537213508248203979e-25
6.731302896494554489e+01 2.533767932326207336e-25
6.778008926646843690e+01 2.530341565094300984e-25
6.825039032730067845e+01 2.526934321040007776e-25
6.872395463387690029e+01 2.523546115712780681e-25
6.920080482865657245e+01 2.520176865709511603e-25
6.968096371120716981e+01 2.516826488660588919e-25
7.016445423929364722e+01 2.513494903216826066e-25
7.065129952997666862e+01 2.510182029036693659e-25
7.114152286071765730e+01 2.506887786773050638e-25
7.163514767049153420e+01 2.503612098062479408e-25
7.213219756090792600e+01 2.500354885513179171e-25
7.263269629733905219e+01 2.497116072693968620e-25
7.313666781005647977e+01 2.493895584123730831e-25
7.364413619537515387e+01 2.490693345261935378e-25
7.415512571680521603e+01 2.487509282497961079e-25
7.466966080621266144e+01 2.484343323142733456e-25
7.518776606498691706e+01 2.481195395419381852e-25
7.570946626521758560e+01 2.478065428454759339e-25
7.623478635087872135e+01 2.474953352271576553e-25
7.676375143902112086e+01 2.471859097780695310e-25
7.729638682097392177e+01 2.468782596773401119e-25
7.783271796355309391e+01 2.465723781914846578e-25
7.837277051027973584e+01 2.462682586737325804e-25
7.891657028260588902e+01 2.459658945633607638e-25
7.946414328114889258e+01 2.456652793851322197e-25
8.001551568693507477e+01 2.453664067487468654e-25
8.057071386265099022e+01 2.450692703482575875e-25
8.112976435390434915e+01 2.447738639616031211e-25
8.169269389049308927e+01 2.444801814501465302e-25
8.225952938768311640e+01 2.441882167582123569e-25
8.283029794749575103e+01 2.438979639126797442e-25
8.340502686000294830e+01 2.436094170226079767e-25
8.398374360463265020e+01 2.433225702788633073e-25
8.456647585148242285e+01 2.430374179538545167e-25
8.515325146264220280e+01 2.427539544011540918e-25
8.574409849352703361e+01 2.424721740552674436e-25
8.633904519421778900e+01 2.421920714313917926e-25
8.693812001081251140e+01 2.419136411252058659e-25
8.754135158678624862e+01 2.416368778126264410e-25
8.814876876436026976e+01 2.413617762496905210e-25
8.876040058588178283e+01 2.410883312724229538e-25
8.937627629521176686e+01 2.408165377966538169e-25
8.999642533912381737e+01 2.405463908179896735e-25
9.062087736871187360e+01 2.402778854117103945e-25
9.124966224080760924e+01 2.400110167327208080e-25
9.188281001940860904e+01 2.397457800155469792e-25
9.252035097711508627e+01 2.394821705743280374e-25
9.316231559657798300e+01 2.392201838028240740e-25
9.380873457195606591e+01 2.389598151744899778e-25
9.445963881038331067e+01 2.387010602425116645e-25
9.511505943344727143e+01 2.384439146399280341e-25
9.577502777867637462e+01 2.381883740797098115e-25
9.643957540103887993e+01 2.379344343549320599e-25
9.710873407445130567e+01 2.376820913389003623e-25
9.778253579329744127e+01 2.374313409853358245e-25
9.846101277395865736e+01 2.371821793285813831e-25
9.914419745635355241e+01 2.369346024838357110e-25
9.983212250548965017e+01 2.366886066473654490e-25
1.005248208130249452e+02 2.364441880967924212e-25
1.012223254988401777e+02 2.362013431913794732e-25
1.019246699126232016e+02 2.359600683723387177e-25
1.026318876354625900e+02 2.357203601631512602e-25
1.033440124814540866e+02 2.354822151699381220e-25
1.040610784993169489e+02 2.352456300818281336e-25
1.047831199740216306e+02 2.350106016713434141e-25
1.055101714284298140e+02 2.347771267948467938e-25
1.062422676249441338e+02 2.345452023929642113e-25
1.069794435671710602e+02 2.343148254910560595e-25
1.077217345015942129e+02 2.340859931997218216e-25
1.084691759192592002e+02 2.338587027152989211e-25
1.092218035574714037e+02 2.336329513203983991e-25
1.099796534015037253e+02 2.334087363844961961e-25
1.107427616863179480e+02 2.331860553645054717e-25
1.115111648982969115e+02 2.329649058053988815e-25
1.122848997769886807e+02 2.327452853408583132e-25
1.130640033168639604e+02 2.325271916939462501e-25
1.138485127690839818e+02 2.323106226778105627e-25
1.146384656432825437e+02 2.320955761964374678e-25
1.154338997093584709e+02 2.318820502453798298e-25
1.162348529992823813e+02 2.316700429126093946e-25
1.170413638089146957e+02 2.314595523793238392e-25
1.178534706998363788e+02 2.312505769208362450e-25
1.186712125011934233e+02 2.310431149074972636e-25
1.194946283115525034e+02 2.308371648056313342e-25
1.203237575007711939e+02 2.306327251785970154e-25
1.211586397118800136e+02 2.304297946877747228e-25
1.219993148629774993e+02 2.302283720937379066e-25
1.228458231491396191e+02 2.300284562573876792e-25
1.236982050443406962e+02 2.298300461412120176e-25
1.245565013033894104e+02 2.296331408105733431e-25
1.254207529638770353e+02 2.294377394350734723e-25
1.262910013481392184e+02 2.292438412900657341e-25
1.271672880652325262e+02 2.290514457581514296e-25
1.280496550129229547e+02 2.288605523309094155e-25
1.289381443796900157e+02 2.286711606106258720e-25
1.298327986467436119e+02 2.284832703122288171e-25
1.307336605900545976e+02 2.282968812653546811e-25
1.316407732824011134e+02 2.281119934165725162e-25
1.325541800954269434e+02 2.279286068318137342e-25
1.334739247017160153e+02 2.277467216990238566e-25
1.344000510768803451e+02 2.275663383310482611e-25
1.353326035016620494e+02 2.273874571688639188e-25
1.362716265640515019e+02 2.272100787850665718e-25
1.372171651614182508e+02 2.270342038878698933e-25
1.381692645026584785e+02 2.268598333254655155e-25
1.391279701103562729e+02 2.266869680910155749e-25
1.400933278229597363e+02 2.265156093282253356e-25
1.410653837969736628e+02 2.263457583377727307e-25
1.420441845091651771e+02 2.261774165845834320e-25
1.430297767587870794e+02 2.260105857062613031e-25
1.440222076698148612e+02 2.258452675228671344e-25
1.450215246931995523e+02 2.256814640482824138e-25
1.460277756091373931e+02 2.255191775035991714e-25
1.470410085293531779e+02 2.253584103329183479e-25
1.480612718994017030e+02 2.251991652222075252e-25
1.490886145009836525e+02 2.250414451217752764e-25
1.501230854542774296e+02 2.248852532735745015e-25
1.511647342202889490e+02 2.247305932442514969e-25
1.522136106032151304e+02 2.245774689657569897e-25
1.532697647528263190e+02 2.244258847854441453e-25
1.543332471668637140e+02 2.242758455284493898e-25
1.554041086934531677e+02 2.241273565761445812e-25
1.564824005335376569e+02 2.239804239654723891e-25
1.575681742433239378e+02 2.238350545161609111e-25
1.586614817367487831e+02 2.236912559952251986e-25
1.597623752879606513e+02 2.235490373319329855e-25
1.608709075338185528e+02 2.234084089021418026e-25
1.619871314764099282e+02 2.232693829091201168e-25
1.631111004855834778e+02 2.231319739003752796e-25
1.642428683015021704e+02 2.229961994799300486e-25
1.653824890372121104e+02 2.228620813055117100e-25
1.665300171812293968e+02 2.227296465101274480e-25
1.676855076001465932e+02 2.225989297688229656e-25
1.688490155412545448e+02 2.224699763703181927e-25
1.700205966351852851e+02 2.223428468965793991e-25
1.712003068985712559e+02 2.222176245539144259e-25
1.723882027367231728e+02 2.220944270311537103e-25
1.735843409463281262e+02 2.219734264004307253e-25
1.747887787181637407e+02 2.218548839842894556e-25
1.760015736398339357e+02 2.217392146380809857e-25
1.772227836985217664e+02 2.216271127655630517e-25
1.784524672837614503e+02 2.215198187218351013e-25
1.796906831902314536e+02 2.214197383452241436e-25
1.809374906205640059e+02 2.213320752015401619e-25
1.821929491881772094e+02 2.212699364461602797e-25
1.834571189201246852e+02 2.212749439821646237e-25
1.847300602599650858e+02 2.215456807818051591e-25
1.860118340706534639e+02 2.246997458587127795e-25
1.873025016374496374e+02 2.342038144283730831e-25
1.886021246708498609e+02 2.214789842995501606e-25
1.899107653095367994e+02 2.207752489069776510e-25
1.912284861233499385e+02 2.205266152915225510e-25
1.925553501162786176e+02 2.203701244711344499e-25
1.938914207294728271e+02 2.202447813945460410e-25
1.952367618442779644e+02 2.201334813625327485e-25
1.965914377852884911e+02 2.200299389470222463e-25
1.979555133234229061e+02 2.199314149732695284e-25
1.993290536790221097e+02 2.198365663998594764e-25
2.007121245249660717e+02 2.197446756956586637e-25
2.021047919898154817e+02 2.196553340408619953e-25
2.035071226609719020e+02 2.195682969132124305e-25
2.049191835878630457e+02 2.194834127031002946e-25
2.063410422851477790e+02 2.194005850452365561e-25
2.077727667359437476e+02 2.193197518412800896e-25
2.092144253950791892e+02 2.192408730367665831e-25
2.106660871923644152e+02 2.191639232190202891e-25
2.121278215358888133e+02 2.190888869830962261e-25
2.135996983153390261e+02 2.190157559454175404e-25
2.150817879053397235e+02 2.189445267697323946e-25
2.165741611688201260e+02 2.188751998326559545e-25
2.180768894604002526e+02 2.188077783033221838e-25
2.195900446298042823e+02 2.187422674974267393e-25
2.211136990252950341e+02 2.186786744164510940e-25
2.226479254971327464e+02 2.186170074143733832e-25
2.241927974010595221e+02 2.185572759536051505e-25
2.257483886018050612e+02 2.184994904241247823e-25
2.273147734766199335e+02 2.184436620082875292e-25
2.288920269188310215e+02 2.183898025787912197e-25
2.304802243414216605e+02 2.183379246212976448e-25
2.320794416806390643e+02 2.182880411752421477e-25
2.336897553996231522e+02 2.182401657885338824e-25
2.353112424920640535e+02 2.181943124827605840e-25
2.369439804858827756e+02 2.181504957264817046e-25
2.385880474469372530e+02 2.181087304147786222e-25
2.402435219827566755e+02 2.180690318537141931e-25
2.419104832462978152e+02 2.180314157487026116e-25
2.435890109397315086e+02 2.179958981958826603e-25
2.452791853182525017e+02 2.179624956760226789e-25
2.469810871939160108e+02 2.179312250503683148e-25
2.486947979395033599e+02 2.179021035581508882e-25
2.504203994924105814e+02 2.178751488153788826e-25
2.521579743585679125e+02 2.178503788147531809e-25
2.539076056163837620e+02 2.178278119265157174e-25
2.556693769207162745e+02 2.178074669000109562e-25
2.574433725068748231e+02 2.177893628659579936e-25
2.592296771946456033e+02 2.177735193392245411e-25
2.610283763923487186e+02 2.177599562221577528e-25
2.628395561009211860e+02 2.177486938082309671e-25
2.646633029180280232e+02 2.177397527861686356e-25
2.664997040422045984e+02 2.177331542443180603e-25
2.683488472770237649e+02 2.177289196753582127e-25
2.702108210352957371e+02 2.177270709812632127e-25
2.720857143432946259e+02 2.177276304785359416e-25
2.739736168450143055e+02 2.177306209036110919e-25
2.758746188064563967e+02 2.177360654185698146e-25
2.777888111199438299e+02 2.177439876169810537e-25
2.797162853084688550e+02 2.177544115299793112e-25
2.816571335300678243e+02 2.177673616325326033e-25
2.836114485822271263e+02 2.177828628498816441e-25
2.855793239063216902e+02 2.178009405642218420e-25
2.875608535920806617e+02 2.178216206215318200e-25
2.895561323820878670e+02 2.178449293386167853e-25
2.915652556763112102e+02 2.178708935103710633e-25
2.935883195366627092e+02 2.178995404172315590e-25
2.956254206915940017e+02 2.179308978329301876e-25
2.976766565407184544e+02 2.179649940324168445e-25
2.997421251594703904e+02 2.180018578001304317e-25
3.018219253037934777e+02 2.180415184385753284e-25
3.039161564148614616e+02 2.180840057772542298e-25
3.060249186238351058e+02 2.181293501820468476e-25
3.081483127566470444e+02 2.181775825650864497e-25
3.102864403388250025e+02 2.182287343953114835e-25
3.124394036003446899e+02 2.182828377096979295e-25
3.146073054805171409e+02 2.183399251255942318e-25
3.167902496329126620e+02 2.184000298542268558e-25
3.189883404303140537e+02 2.184631857158890987e-25
3.212016829697095091e+02 2.185294271574029203e-25
3.234303830773163213e+02 2.185987892724655563e-25
3.256745473136401188e+02 2.186713078263297569e-25
3.279342829785717299e+02 2.187470192862550139e-25
3.302096981165151988e+02 2.188259608605286469e-25
3.325009015215558748e+02 2.189081705500126534e-25
3.348080027426610741e+02 2.189936872184862099e-25
3.371311120889170638e+02 2.190825506921575588e-25
3.394703406348055523e+02 2.191748019052145919e-25
3.418258002255118981e+02 2.192704831207812832e-25
3.441976034822747579e+02 2.193696382791763037e-25
3.465858638077702949e+02 2.194723135699563727e-25
3.489906953915329382e+02 2.195785584152180172e-25
3.514122132154175802e+02 2.196884272493137890e-25
3.538505330590944027e+02 2.198019829414928808e-25
3.563057715055872450e+02 2.199193038757614862e-25
3.587780459468463619e+02 2.200404999865705447e-25
3.612674745893606314e+02 2.201657535888558902e-25
3.637741764598115992e+02 2.202954411922544034e-25
3.662982714107614584e+02 2.204305909676495593e-25
3.688398801263868449e+02 2.205753846965568307e-25
3.713991241282458873e+02 2.207675362484850670e-25
3.739761257810910138e+02 2.256798798299308933e-25
3.765710082987187093e+02 2.210339230293967075e-25
3.791838957498594596e+02 2.211553938307556930e-25
3.818149130641124316e+02 2.213055624128088774e-25
3.844641860379156242e+02 2.214639309490872966e-25
3.871318413405634260e+02 2.216277555569466215e-25
3.898180065202618039e+02 2.217963758820200630e-25
3.925228100102253848e+02 2.219695986469164483e-25
3.952463811348213767e+02 2.221473757705778738e-25
3.979888501157492442e+02 2.223297147478021745e-25
4.007503480782701786e+02 2.225166478240261674e-25
4.035310070574753354e+02 2.227082197071425491e-25
4.063309600045972161e+02 2.229044821025605835e-25
4.091503407933698213e+02 2.231054910695494741e-25
4.119892842264259230e+02 2.233113056549130213e-25
4.148479260417452679e+02 2.235219871490368336e-25
4.177264029191435384e+02 2.237375986641463932e-25
4.206248524868058780e+02 2.239582048880431936e-25
4.235434133278704962e+02 2.241838719377332392e-25
4.264822249870512110e+02 2.244146672720412542e-25
4.294414279773124008e+02 2.246506596404117968e-25
4.324211637865862485e+02 2.248919190543524146e-25
4.354215748845361418e+02 2.251385167737280693e-25
4.384428047293717441e+02 2.253905253027809861e-25
4.414849977747045386e+02 2.256480183928497195e-25
4.445482994764578280e+02 2.259110710497985987e-25
4.476328562998199914e+02 2.261797595447552714e-25
4.507388157262458321e+02 2.264541614273143070e-25
4.538663262605115847e+02 2.267343555406095129e-25
4.570155374378115312e+02 2.270204220378543344e-25
4.601865998309110068e+02 2.273124423999847393e-25
4.633796650573440843e+02 2.276104994543146801e-25
4.665948857866619051e+02 2.279146773940135766e-25
4.698324157477349559e+02 2.282250617983335890e-25
4.730924097361000236e+02 2.285417396534796934e-25
4.763750236213644484e+02 2.288647993742496605e-25
4.796804143546572732e+02 2.291943308262831790e-25
4.830087399761322331e+02 2.295304253490902949e-25
4.863601596225273056e+02 2.298731757799310745e-25
4.897348335347697343e+02 2.302226764786267997e-25
4.931329230656409663e+02 2.305790233536873052e-25
4.965545906874899629e+02 2.309423138899707733e-25
4.999999999999999432e+02 2.313126471785897800e-25
5.034693157380134494e+02 2.316901239499684455e-25
5.069627037794076045e+02 2.320748466116422004e-25
5.104803311530232008e+02 2.324669192933441471e-25
5.140223660466548381e+02 2.328664479040877537e-25
5.175889778150880147e+02 2.332735402092867227e-25
5.211803369882004517e+02 2.336883059436240298e-25
5.247966152791137802e+02 2.341108569902201297e-25
5.284379855924019012e+02 2.345413076907611056e-25
5.321046220323622720e+02 2.349797754322643068e-25
5.357966999113355087e+02 2.354263818689432422e-25
5.395143957580917231e+02 2.358812557628972188e-25
5.432578873262691559e+02 2.363445405528288989e-25
5.470273536028711305e+02 2.368164185748095968e-25
5.508229748168283777e+02 2.372972128039952857e-25
5.546449324476112679e+02 2.377880730708124851e-25
5.584934092339112794e+02 2.383070230043804897e-25
5.623685891823758993e+02 2.388195018317909818e-25
5.662706575764057106e+02 2.393086800896722800e-25
5.701998009850165090e+02 2.398319877319731879e-25
5.741562072717555338e+02 2.403661051574594166e-25
5.781400656036876171e+02 2.409100619536252235e-25
5.821515664604382891e+02 2.414637958135126642e-25
5.861909016432991848e+02 2.420273903692487811e-25
5.902582642844026850e+02 2.426009684592982240e-25
5.943538488559515827e+02 2.431846676384973497e-25
5.984778511795212808e+02 2.437786327678173636e-25
6.026304684354212213e+02 2.443830133328956211e-25
6.068118991721202065e+02 2.449979623481847385e-25
6.110223433157442514e+02 2.456236358721065859e-25
6.152620021796307128e+02 2.462601927841291505e-25
6.195310784739577912e+02 2.469077946838729845e-25
6.238297763154347422e+02 2.475666058514601272e-25
6.281583012370599590e+02 2.482367932402398617e-25
6.325168601979518144e+02 2.489185264878232085e-25
6.369056615932391878e+02 2.496119779377839747e-25
6.413249152640298689e+02 2.503173226680373462e-25
6.457748325074419427e+02 2.510347385236197411e-25
6.502556260867041829e+02 2.517644061524012466e-25
6.547675102413337527e+02 2.525065090431422027e-25
6.593107006973741591e+02 2.532612335652306049e-25
6.638854146777144933e+02 2.540287690101107500e-25
6.684918709124732459e+02 2.548093076341820751e-25
6.731302896494547667e+02 2.556030447033735830e-25
6.778008926646843975e+02 2.564101785397347894e-25
6.825039032730068129e+02 2.572309105707243395e-25
6.872395463387682639e+02 2.580654453823513981e-25
6.920080482865656677e+02 2.589139907786476740e-25
6.968096371120709591e+02 2.597767578518200048e-25
7.016445423929365006e+02 2.606539610722680153e-25
7.065129952997667715e+02 2.615458184181273137e-25
7.114152286071758908e+02 2.624525515900931516e-25
7.163514767049153988e+02 2.633743864288677164e-25
7.213219756090785495e+02 2.643115538737782090e-25
7.263269629733905504e+02 2.652642926093673848e-25
7.313666781005648545e+02 2.662328582545374206e-25
7.364413619537507429e+02 2.672175681517507753e-25
7.415512571680520750e+02 2.682192173655304745e-25
7.466966080621258470e+02 2.693222647110201759e-25
7.518776606498690853e+02 2.702712819293486755e-25
7.570946626521758844e+02 2.713209097718125313e-25
7.623478635087872135e+02 2.723890649261442480e-25
7.676375143902112086e+02 2.734749148209280231e-25
7.729638682097383935e+02 2.745786114156852768e-25
7.783271796355309107e+02 2.757003980637590335e-25
7.837277051027973584e+02 2.768405397689206566e-25
7.891657028260589186e+02 2.779993111220649223e-25
7.946414328114889258e+02 2.791770780603980356e-25
8.001551568693499803e+02 2.803738665918330682e-25
8.057071386265098454e+02 2.815902266590362192e-25
8.112976435390434062e+02 2.828263668379628737e-25
8.169269389049309211e+02 2.840825862756013729e-25
8.225952938768310787e+02 2.853591889444913967e-25
8.283029794749566008e+02 2.866564835146826446e-25
8.340502686000294261e+02 2.879747833927818194e-25
8.398374360463265020e+02 2.893144067817399231e-25
8.456647585148242570e+02 2.906756767477917006e-25
8.515325146264220848e+02 2.920589212915295640e-25
8.574409849352695119e+02 2.934644734224248378e-25
8.633904519421778332e+02 2.948926712369006956e-25
8.693812001081250855e+02 2.963438580008393280e-25
8.754135158678624293e+02 2.978183822386890518e-25
8.814876876436027260e+02 2.993165978339088336e-25
8.876040058588170041e+02 3.008388641517243376e-25
8.937627629521176686e+02 3.023855462116097274e-25
8.999642533912381168e+02 3.039570149855083786e-25
9.062087736871186507e+02 3.055536480678479449e-25
9.124966224080760639e+02 3.071758316890161623e-25
9.188281001940850956e+02 3.088239692791438798e-25
9.252035097711509479e+02 3.104985443081101107e-25
9.316231559657798016e+02 3.122023168646029229e-25
9.380873457195606306e+02 3.139288744671258537e-25
9.445963881038330783e+02 3.156836788481219788e-25
9.511505943344717480e+02 3.174673442192305373e-25
9.577502777867638315e+02 3.192794628238895234e-25
9.643957540103887141e+02 3.211204104799042193e-25
9.710873407445130852e+02 3.229906136810352998e-25
9.778253579329743843e+02 3.248905132497818791e-25
9.846101277395855504e+02 3.268205588765278221e-25
9.914419745635356094e+02 3.287812078957991819e-25
9.983212250548965585e+02 3.307729249851153581e-25
1.005248208130249395e+03 3.327961821283808507e-25
1.012223254988401777e+03 3.348514586714577201e-25
1.019246699126230965e+03 3.369392414155583832e-25
1.026318876354625900e+03 3.390600247288772615e-25
1.033440124814540923e+03 3.412143106685418450e-25
1.040610784993169545e+03 3.434026091098883727e-25
1.047831199740216334e+03 3.456254378821400076e-25
1.055101714284297032e+03 3.478833229110405868e-25
1.062422676249441338e+03 3.501767983711603017e-25
1.069794435671710517e+03 3.525064068549053375e-25
1.077217345015942101e+03 3.548726995774395071e-25
1.084691759192592144e+03 3.572762366760819739e-25
1.092218035574712985e+03 3.597175878172853307e-25
1.099796534015037196e+03 3.621973341162369306e-25
1.107427616863179537e+03 3.647160786261380312e-25
1.115111648982969200e+03 3.672745998081297982e-25
1.122848997769886864e+03 3.698753906837199684e-25
1.130640033168638411e+03 3.725121130353457458e-25
1.138485127690839818e+03 3.751927141905277779e-25
1.146384656432824158e+03 3.779154203788619561e-25
1.154338997093584794e+03 3.806808332885401052e-25
1.162348529992823842e+03 3.834896017547460967e-25
1.170413638089145707e+03 3.863423900938594289e-25
1.178534706998363845e+03 3.892398745768066864e-25
1.186712125011933040e+03 3.921827428543829701e-25
1.194946283115524921e+03 3.951716939470398805e-25
1.203237575007711939e+03 3.982074383866270411e-25
1.211586397118798914e+03 4.012906984111464402e-25
1.219993148629774851e+03 4.044222081835454959e-25
1.228458231491394827e+03 4.076027140249788035e-25
1.236982050443406933e+03 4.108329746597452495e-25
1.245565013033894047e+03 4.141137614728501206e-25
1.254207529638769074e+03 4.174458587857805780e-25
1.262910013481392070e+03 4.208300641683943845e-25
1.271672880652324011e+03 4.242671888490604910e-25
1.280496550129229490e+03 4.277580584918372640e-25
1.289381443796900385e+03 4.313035160117308545e-25
1.298327986467434812e+03 4.349044475768235520e-25
1.307336605900545919e+03 4.386083053984779435e-25
1.316407732824009827e+03 4.422760010497645444e-25
1.325541800954269320e+03 4.460483972503856530e-25
1.334739247017160324e+03 4.498798331578759034e-25
1.344000510768802087e+03 4.537711992164083343e-25
1.353326035016620381e+03 4.577234362447423133e-25
1.362716265640513711e+03 4.617375050546537771e-25
1.372171651614182565e+03 4.658143841323342460e-25
1.381692645026584842e+03 4.699550695199038403e-25
1.391279701103562729e+03 4.741605750727995439e-25
1.400933278229597590e+03 4.784319328170558754e-25
1.410653837969735150e+03 4.827701933460480066e-25
1.420441845091651885e+03 4.871764262403009280e-25
1.430297767587870794e+03 4.916517205077352251e-25
1.440222076698148840e+03 4.961971850485711455e-25
1.450215246931995580e+03 5.008139491648556252e-25
1.460277756091372339e+03 5.055031631958293825e-25
1.470410085293531665e+03 5.102659997229875240e-25
1.480612718994017087e+03 5.151036595690769346e-25
1.490886145009836582e+03 5.200176093522170845e-25
1.501230854542774523e+03 5.250083289702937985e-25
1.511647342202888012e+03 5.300777386727201045e-25
1.522136106032151247e+03 5.352270172262172025e-25
1.532697647528263133e+03 5.404574248362517472e-25
1.543332471668637027e+03 5.457702931016379273e-25
1.554041086934531677e+03 5.511669823015956547e-25
1.564824005335374977e+03 5.566488796421879487e-25
1.575681742433239378e+03 5.622173995394148728e-25
1.586614817367487831e+03 5.678739842071338206e-25
1.597623752879606627e+03 5.736201043289612494e-25
1.608709075338185585e+03 5.794572597713109318e-25
1.619871314764097406e+03 5.853869803296086060e-25
1.631111004855834835e+03 5.914108265152061895e-25
1.642428683015021534e+03 5.975303904244007839e-25
1.653824890372120990e+03 6.037472969172673373e-25
1.665300171812294138e+03 6.100632072336752452e-25
1.676855076001464113e+03 6.164799289127285478e-25
1.688490155412545391e+03 6.229988404148799770e-25
1.700205966351852794e+03 6.296219927467664147e-25
1.712003068985712616e+03 6.363511530126256327e-25
1.723882027367231785e+03 6.431881285114949601e-25
1.735843409463279386e+03 6.501347920472513585e-25
1.747887787181637350e+03 6.571930576984041512e-25
1.760015736398339186e+03 6.643648805345223472e-25
1.772227836985217436e+03 6.716522574860998182e-25
1.784524672837614617e+03 6.790572283998886882e-25
1.796906831902312661e+03 6.865818771593671409e-25
1.809374906205639945e+03 6.942283328507302656e-25
1.821929491881772037e+03 7.019987709851692675e-25
1.834571189201246852e+03 7.098954148636441020e-25
1.847300602599651029e+03 7.179205377824302811e-25
1.860118340706532763e+03 7.260764837321470839e-25
1.873025016374496317e+03 7.343656011549525803e-25
1.886021246708498438e+03 7.427902378614768372e-25
1.899107653095367823e+03 7.513530030142058217e-25
1.912284861233499214e+03 7.600563843614592344e-25
1.925553501162784187e+03 7.689029723208718135e-25
1.938914207294728385e+03 7.778954170121360768e-25
1.952367618442779758e+03 7.870364283614674026e-25
1.965914377852884854e+03 7.963287773368416868e-25
1.979555133234229061e+03 8.057752973181039876e-25
1.993290536790218994e+03 8.153788854927882622e-25
2.007121245249660660e+03 8.251425042662887870e-25
2.021047919898152713e+03 8.350691827575574250e-25
2.035071226609719133e+03 8.451620191665161873e-25
2.049191835878630627e+03 8.554242234656595973e-25
2.063410422851475687e+03 8.658588990486047136e-25
2.077727667359437419e+03 8.764694659490948519e-25
2.092144253950789789e+03 8.872592900054440898e-25
2.106660871923644208e+03 8.982318145552174980e-25
2.121278215358888247e+03 9.093905667663685921e-25
2.135996983153388101e+03 9.207391492311528645e-25
2.150817879053397064e+03 9.322812398954932473e-25
2.165741611688199100e+03 9.440205921486684940e-25
2.180768894604002526e+03 9.559610346869319584e-25
2.195900446298042880e+03 9.681064710781228127e-25
2.211136990252948181e+03 9.804608790985039305e-25
2.226479254971327464e+03 9.930283117644008914e-25
2.241927974010592607e+03 1.005813689805027572e-24
2.257483886018050725e+03 1.018818781051535513e-24
2.273147734766199392e+03 1.032050264750798062e-24
2.288920269188307884e+03 1.045511650310671093e-24
2.304802243414216719e+03 1.059207306637976431e-24
2.320794416806388199e+03 1.073141653754776884e-24
2.336897553996231636e+03 1.087319153892496391e-24
2.353112424920640478e+03 1.101744302294717044e-24
2.369439804858825028e+03 1.116421616378321282e-24
2.385880474469372530e+03 1.131355622926133986e-24
2.402435219827564197e+03 1.146550843271204371e-24
2.419104832462978266e+03 1.162011785207731429e-24
2.435890109397314973e+03 1.177742873630369925e-24
2.452791853182522573e+03 1.193748499718381942e-24
2.469810871939159824e+03 1.210032964786217171e-24
2.486947979395030870e+03 1.226600412975555866e-24
2.504203994924105700e+03 1.243454826328324373e-24
2.521579743585678898e+03 1.260599971471979683e-24
2.539076056163837620e+03 1.278039346794120152e-24
2.556693769207162859e+03 1.295776121535107493e-24
2.574433725068745844e+03 1.313813065345657713e-24
2.592296771946456374e+03 1.332152467330054406e-24
2.610283763923487186e+03 1.350796107257083176e-24
2.628395561009212088e+03 1.369744806916060586e-24
2.646633029180280118e+03 1.388998987243951746e-24
2.664997040422043483e+03 1.408557846722419017e-24
2.683488472770237877e+03 1.428419521338008692e-24
2.702108210352957030e+03 1.448580832419772875e-24
2.720857143432946032e+03 1.469037062288315552e-24
2.739736168450142941e+03 1.489781697975343864e-24
2.758746188064561011e+03 1.510806136643521789e-24
2.777888111199438299e+03 1.532099347646040394e-24
2.797162853084688322e+03 1.553647572698087422e-24
2.816571335300678584e+03 1.575433425454202641e-24
2.836114485822271490e+03 1.597436297035757125e-24
2.855793239063214060e+03 1.619630862518656284e-24
2.875608535920806389e+03 1.641986865770988707e-24
2.895561323820878897e+03 1.664468280668706512e-24
2.915652556763111988e+03 1.687032455739628813e-24
2.935883195366627206e+03 1.709629150503590545e-24
2.956254206915937175e+03 1.732199453692795520e-24
2.976766565407184771e+03 1.754674581880566614e-24
2.997421251594703790e+03 1.776974507373030322e-24
3.018219253037934777e+03 1.799006542167211669e-24
3.039161564148614616e+03 1.820663708890243776e-24
3.060249186238348102e+03 1.841823016787041915e-24
3.081483127566470557e+03 1.862343673965910354e-24
3.102864403388249684e+03 1.882065226598984980e-24
3.124394036003446672e+03 1.900805709071864338e-24
3.146073054805171523e+03 1.918359884699190438e-24
3.167902496329123551e+03 1.934497725091927809e-24
3.189883404303140651e+03 1.948963019493640148e-24
3.212016829697095091e+03 1.961473086035918741e-24
3.234303830773163099e+03 1.971718508697026005e-24
3.256745473136400960e+03 1.979364458925324936e-24
3.279342829785714002e+03 1.984053150591644646e-24
3.302096981165152101e+03 1.985407977369391301e-24
3.325009015215558520e+03 1.983039606423140883e-24
3.348080027426610741e+03 1.976554280260701970e-24
3.371311120889170525e+03 1.965564422617910858e-24
3.394703406348052340e+03 1.949701651587504704e-24
3.418258002255118754e+03 1.928631774183540684e-24
3.441976034822747806e+03 1.902071345298388054e-24
3.465858638077703290e+03 1.869804969378143032e-24
3.489906953915329723e+03 1.831702202478404327e-24
3.514122132154172050e+03 1.787732788907529261e-24
3.538505330590944141e+03 1.737978909577499965e-24
3.563057715055871995e+03 1.682643068500900596e-24
3.587780459468463505e+03 1.622051288056853655e-24
3.612674745893606541e+03 1.556650439767857155e-24
3.637741764598112240e+03 1.487000919532081617e-24
3.662982714107614811e+03 1.413765264988230581e-24
3.688398801263864698e+03 1.337694572549222594e-24
3.713991241282458759e+03 1.259614907119881788e-24
3.739761257810910138e+03 1.180416172327520695e-24
3.765710082987183341e+03 1.101045925312680859e-24
3.791838957498594937e+03 1.022510632937378884e-24
3.818149130641120337e+03 9.458856924895150422e-25
3.844641860379156242e+03 8.723351785951071176e-25
3.871318413405634146e+03 8.031389122812015894e-25
3.898180065202614060e+03 7.397195581419689089e-25
3.925228100102254302e+03 6.836528036499241301e-25
3.952463811348209674e+03 6.366299700850379720e-25
3.979888501157492556e+03 6.003323762751404927e-25
4.007503480782701899e+03 5.761895516182235062e-25
4.035310070574748806e+03 5.650579628368031579e-25
4.063309600045972275e+03 5.669517512152901104e-25
4.091503407933694234e+03 5.809895737533584782e-25
4.119892842264259343e+03 6.056082774654122093e-25
4.148479260417452679e+03 6.389240900953107616e-25
4.177264029191431291e+03 6.790648752192212657e-25
4.206248524868058666e+03 7.243753116219650647e-25
4.235434133278700756e+03 7.734953890477273730e-25
4.264822249870511769e+03 8.253577151848881444e-25
4.294414279773124690e+03 8.791478410967435734e-25
4.324211637865858393e+03 9.342549888968960591e-25
4.354215748845361304e+03 9.902265022914224095e-25
4.384428047293712552e+03 1.046729768451713519e-24
4.414849977747045159e+03 1.103522620079650480e-24
4.445482994764578507e+03 1.160430701268206242e-24
4.476328562998200141e+03 1.217330720927598527e-24
4.507388157262457753e+03 1.274136497453121415e-24
4.538663262605111413e+03 1.330791963126790948e-24
4.570155374378115084e+03 1.387261548975309613e-24
4.601865998309110182e+03 1.443526085864462058e-24
4.633796650573441184e+03 1.499578513594123749e-24
4.665948857866618710e+03 1.555420819071565968e-24
4.698324157477344670e+03 1.611061668593379755e-24
4.730924097361000349e+03 1.666514677026344304e-24
4.763750236213644712e+03 1.721796970247683416e-24
4.796804143546572959e+03 1.776928153544378469e-24
4.830087399761322558e+03 1.831929483736236794e-24
4.863601596225267713e+03 1.886823229627928807e-24
4.897348335347696775e+03 1.941632177327044097e-24
4.931329230656409891e+03 1.996379241012457267e-24
4.965545906874899629e+03 2.051087157901775299e-24
5.000000000000000000e+03 2.105778249053133244e-24
